SweepName,StimAmp,Var3_1,Var3_2,Var3_3,Var3_4,Var3_5,Var3_6,Var3_7,Var3_8,Var3_9,Var3_10,Var3_11,Var3_12,Var3_13,Var3_14,Var3_15,Var3_16,Var3_17,Var3_18,Var3_19,Var3_20,Var3_21,Var3_22,Var3_23,Var3_24,Var3_25,Var3_26,Var3_27,Var3_28,Var3_29,Var3_30,Var3_31,Var3_32,Var3_33,Var3_34,Var3_35,Var3_36,Var3_37,Var3_38,Var3_39,Var3_40,Var3_41,Var3_42,Var3_43,Var3_44,Var3_45,Var3_46,Var3_47,Var3_48,Var3_49,Var3_50,Var3_51,Var3_52,Var3_53,Var3_54,Var3_55,Var3_56,Var3_57,Var3_58,Var3_59,Var3_60,Var3_61,Var3_62,Var3_63,Var3_64,Var3_65,Var3_66,Var3_67,Var3_68,Var3_69,Var3_70,Var3_71,Var3_72,Var3_73,Var3_74,Var3_75,Var3_76,Var3_77,Var3_78,Var3_79,Var3_80,Var3_81,Var3_82,Var3_83,Var3_84,Var3_85,Var3_86,Var3_87,Var3_88,Var3_89,Var3_90,Var3_91,Var3_92,Var3_93,Var3_94,Var3_95,Var3_96,Var3_97,Var3_98,Var3_99,Var3_100,Var3_101,Var3_102,Var3_103,Var3_104,Var3_105,Var3_106,Var3_107,Var3_108,Var3_109,Var3_110,Var3_111,Var3_112,Var3_113,Var3_114,Var3_115,Var3_116,Var3_117,Var3_118,Var3_119,Var3_120,Var3_121,Var3_122,Var3_123,Var3_124,Var3_125,Var3_126,Var3_127,Var3_128,Var3_129,Var3_130,Var3_131,Var3_132,Var3_133,Var3_134,Var3_135,Var3_136,Var3_137,Var3_138,Var3_139,Var3_140,Var3_141,Var3_142,Var3_143,Var3_144,Var3_145,Var3_146,Var3_147,Var3_148,Var3_149,Var3_150,Var3_151,Var3_152,Var3_153,Var3_154,Var3_155,Var3_156,Var3_157,Var3_158,Var3_159,Var3_160,Var3_161,Var3_162,Var3_163,Var3_164,Var3_165,Var3_166,Var3_167,Var3_168,Var3_169,Var3_170,Var3_171,Var3_172,Var3_173,Var3_174,Var3_175,Var3_176,Var3_177,Var3_178,Var3_179,Var3_180,Var3_181,Var3_182,Var3_183,Var3_184,Var3_185,Var3_186,Var3_187,Var3_188,Var3_189,Var3_190,Var3_191,Var3_192,Var3_193,Var3_194,Var3_195,Var3_196,Var3_197,Var3_198,Var3_199,Var3_200,Var3_201,Var3_202,Var3_203,Var3_204,Var3_205,Var3_206,Var3_207,Var3_208,Var3_209,Var3_210,Var3_211,Var3_212,Var3_213,Var3_214,Var3_215,Var3_216,Var3_217,Var3_218,Var3_219,Var3_220,Var3_221,Var3_222,Var3_223,Var3_224,Var3_225,Var3_226,Var3_227,Var3_228,Var3_229,Var3_230,Var3_231,Var3_232,Var3_233,Var3_234,Var3_235,Var3_236,Var3_237,Var3_238,Var3_239,Var3_240,Var3_241,Var3_242,Var3_243,Var3_244,Var3_245,Var3_246,Var3_247,Var3_248,Var3_249,Var3_250,Var3_251,Var3_252,Var3_253,Var3_254,Var3_255,Var3_256,Var3_257,Var3_258,Var3_259,Var3_260,Var3_261,Var3_262,Var3_263,Var3_264,Var3_265,Var3_266,Var3_267,Var3_268,Var3_269,Var3_270,Var3_271,Var3_272,Var3_273,Var3_274,Var3_275,Var3_276,Var3_277,Var3_278,Var3_279,Var3_280,Var3_281,Var3_282,Var3_283,Var3_284,Var3_285,Var3_286,Var3_287,Var3_288,Var3_289,Var3_290,Var3_291,Var3_292,Var3_293,Var3_294,Var3_295,Var3_296,Var3_297,Var3_298,Var3_299,Var3_300,Var3_301,Var3_302,Var3_303,Var3_304,Var3_305,Var3_306,Var3_307,Var3_308,Var3_309,Var3_310,Var3_311,Var3_312,Var3_313,Var3_314,Var3_315,Var3_316,Var3_317,Var3_318,Var3_319,Var3_320,Var3_321,Var3_322,Var3_323,Var3_324,Var3_325,Var3_326,Var3_327,Var3_328,Var3_329,Var3_330,Var3_331,Var3_332,Var3_333,Var3_334,Var3_335,Var3_336,Var3_337,Var3_338,Var3_339,Var3_340,Var3_341,Var3_342,Var3_343,Var3_344,Var3_345,Var3_346,Var3_347,Var3_348,Var3_349,Var3_350,Var3_351,Var3_352,Var3_353,Var3_354,Var3_355,Var3_356,Var3_357,Var3_358,Var3_359,Var3_360,Var3_361,Var3_362,Var3_363,Var3_364,Var3_365,Var3_366,Var3_367,Var3_368,Var3_369,Var3_370,Var3_371,Var3_372,Var3_373,Var3_374,Var3_375,Var3_376,Var3_377,Var3_378,Var3_379,Var3_380,Var3_381,Var3_382,Var3_383,Var3_384,Var3_385,Var3_386,Var3_387,Var3_388,Var3_389,Var3_390,Var3_391,Var3_392,Var3_393,Var3_394,Var3_395,Var3_396,Var3_397,Var3_398,Var3_399,Var3_400,Var3_401,Var3_402,Var3_403,Var3_404,Var3_405,Var3_406,Var3_407,Var3_408,Var3_409,Var3_410,Var3_411,Var3_412,Var3_413,Var3_414,Var3_415,Var3_416,Var3_417,Var3_418,Var3_419,Var3_420,Var3_421,Var3_422,Var3_423,Var3_424,Var3_425,Var3_426,Var3_427,Var3_428,Var3_429,Var3_430,Var3_431,Var3_432,Var3_433,Var3_434,Var3_435,Var3_436,Var3_437,Var3_438,Var3_439,Var3_440,Var3_441,Var3_442,Var3_443,Var3_444,Var3_445,Var3_446,Var3_447,Var3_448,Var3_449,Var3_450,Var3_451,Var3_452,Var3_453,Var3_454,Var3_455,Var3_456,Var3_457,Var3_458,Var3_459,Var3_460,Var3_461,Var3_462,Var3_463,Var3_464,Var3_465,Var3_466,Var3_467,Var3_468,Var3_469,Var3_470,Var3_471,Var3_472,Var3_473,Var3_474,Var3_475,Var3_476,Var3_477,Var3_478,Var3_479,Var3_480,Var3_481,Var3_482,Var3_483,Var3_484,Var3_485,Var3_486,Var3_487,Var3_488,Var3_489,Var3_490,Var3_491,Var3_492,Var3_493,Var3_494,Var3_495,Var3_496,Var3_497,Var3_498,Var3_499,Var3_500,Var3_501,Var3_502,Var3_503,Var3_504,Var3_505,Var3_506,Var3_507,Var3_508,Var3_509,Var3_510,Var3_511,Var3_512,Var3_513,Var3_514,Var3_515,Var3_516,Var3_517,Var3_518,Var3_519,Var3_520,Var3_521,Var3_522,Var3_523,Var3_524,Var3_525,Var3_526,Var3_527,Var3_528,Var3_529,Var3_530,Var3_531,Var3_532,Var3_533,Var3_534,Var3_535,Var3_536,Var3_537,Var3_538,Var3_539,Var3_540,Var3_541,Var3_542,Var3_543,Var3_544,Var3_545,Var3_546,Var3_547,Var3_548,Var3_549,Var3_550,Var3_551,Var3_552,Var3_553,Var3_554,Var3_555,Var3_556,Var3_557,Var3_558,Var3_559,Var3_560,Var3_561,Var3_562,Var3_563,Var3_564,Var3_565,Var3_566,Var3_567,Var3_568,Var3_569,Var3_570,Var3_571,Var3_572,Var3_573,Var3_574,Var3_575,Var3_576,Var3_577,Var3_578,Var3_579,Var3_580,Var3_581,Var3_582,Var3_583,Var3_584,Var3_585,Var3_586,Var3_587,Var3_588,Var3_589,Var3_590,Var3_591,Var3_592,Var3_593,Var3_594,Var3_595,Var3_596,Var3_597,Var3_598,Var3_599,Var3_600,Var3_601,Var3_602,Var3_603,Var3_604,Var3_605,Var3_606,Var3_607,Var3_608,Var3_609,Var3_610,Var3_611,Var3_612,Var3_613,Var3_614,Var3_615,Var3_616,Var3_617,Var3_618,Var3_619,Var3_620,Var3_621,Var3_622,Var3_623,Var3_624,Var3_625,Var3_626,Var3_627,Var3_628,Var3_629,Var3_630,Var3_631,Var3_632,Var3_633,Var3_634,Var3_635,Var3_636,Var3_637,Var3_638,Var3_639,Var3_640,Var3_641,Var3_642,Var3_643,Var3_644,Var3_645,Var3_646,Var3_647,Var3_648,Var3_649,Var3_650,Var3_651,Var3_652,Var3_653,Var3_654,Var3_655,Var3_656,Var3_657,Var3_658,Var3_659,Var3_660,Var3_661,Var3_662,Var3_663,Var3_664,Var3_665,Var3_666,Var3_667,Var3_668,Var3_669,Var3_670,Var3_671,Var3_672,Var3_673,Var3_674,Var3_675,Var3_676,Var3_677,Var3_678,Var3_679,Var3_680,Var3_681,Var3_682,Var3_683,Var3_684,Var3_685,Var3_686,Var3_687,Var3_688,Var3_689,Var3_690,Var3_691,Var3_692,Var3_693,Var3_694,Var3_695,Var3_696,Var3_697,Var3_698,Var3_699,Var3_700,Var3_701,Var3_702,Var3_703,Var3_704,Var3_705,Var3_706,Var3_707,Var3_708,Var3_709,Var3_710,Var3_711,Var3_712,Var3_713,Var3_714,Var3_715,Var3_716,Var3_717,Var3_718,Var3_719,Var3_720,Var3_721,Var3_722,Var3_723,Var3_724,Var3_725,Var3_726,Var3_727,Var3_728,Var3_729,Var3_730,Var3_731,Var3_732,Var3_733,Var3_734,Var3_735,Var3_736,Var3_737,Var3_738,Var3_739,Var3_740,Var3_741,Var3_742,Var3_743,Var3_744,Var3_745,Var3_746,Var3_747,Var3_748,Var3_749,Var3_750,Var3_751,Var3_752,Var3_753,Var3_754,Var3_755,Var3_756,Var3_757,Var3_758,Var3_759,Var3_760,Var3_761,Var3_762,Var3_763,Var3_764,Var3_765,Var3_766,Var3_767,Var3_768,Var3_769,Var3_770,Var3_771,Var3_772,Var3_773,Var3_774,Var3_775,Var3_776,Var3_777,Var3_778,Var3_779,Var3_780,Var3_781,Var3_782,Var3_783,Var3_784,Var3_785,Var3_786,Var3_787,Var3_788,Var3_789,Var3_790,Var3_791,Var3_792,Var3_793,Var3_794,Var3_795,Var3_796,Var3_797,Var3_798,Var3_799,Var3_800,Var3_801,Var3_802,Var3_803,Var3_804,Var3_805,Var3_806,Var3_807,Var3_808,Var3_809,Var3_810,Var3_811,Var3_812,Var3_813,Var3_814,Var3_815,Var3_816,Var3_817,Var3_818,Var3_819,Var3_820,Var3_821,Var3_822,Var3_823,Var3_824,Var3_825,Var3_826,Var3_827,Var3_828,Var3_829,Var3_830,Var3_831,Var3_832,Var3_833,Var3_834,Var3_835,Var3_836,Var3_837,Var3_838,Var3_839,Var3_840,Var3_841,Var3_842,Var3_843,Var3_844,Var3_845,Var3_846,Var3_847,Var3_848,Var3_849,Var3_850,Var3_851,Var3_852,Var3_853,Var3_854,Var3_855,Var3_856,Var3_857,Var3_858,Var3_859,Var3_860,Var3_861,Var3_862,Var3_863,Var3_864,Var3_865,Var3_866,Var3_867,Var3_868,Var3_869,Var3_870,Var3_871,Var3_872,Var3_873,Var3_874,Var3_875,Var3_876,Var3_877,Var3_878,Var3_879,Var3_880,Var3_881,Var3_882,Var3_883,Var3_884,Var3_885,Var3_886,Var3_887,Var3_888,Var3_889,Var3_890,Var3_891,Var3_892,Var3_893,Var3_894,Var3_895,Var3_896,Var3_897,Var3_898,Var3_899,Var3_900,Var3_901,Var3_902,Var3_903,Var3_904,Var3_905,Var3_906,Var3_907,Var3_908,Var3_909,Var3_910,Var3_911,Var3_912,Var3_913,Var3_914,Var3_915,Var3_916,Var3_917,Var3_918,Var3_919,Var3_920,Var3_921,Var3_922,Var3_923,Var3_924,Var3_925,Var3_926,Var3_927,Var3_928,Var3_929,Var3_930,Var3_931,Var3_932,Var3_933,Var3_934,Var3_935,Var3_936,Var3_937,Var3_938,Var3_939,Var3_940,Var3_941,Var3_942,Var3_943,Var3_944,Var3_945,Var3_946,Var3_947,Var3_948,Var3_949,Var3_950,Var3_951,Var3_952,Var3_953,Var3_954,Var3_955,Var3_956,Var3_957,Var3_958,Var3_959,Var3_960,Var3_961,Var3_962,Var3_963,Var3_964,Var3_965,Var3_966,Var3_967,Var3_968,Var3_969,Var3_970,Var3_971,Var3_972,Var3_973,Var3_974,Var3_975,Var3_976,Var3_977,Var3_978,Var3_979,Var3_980,Var3_981,Var3_982,Var3_983,Var3_984,Var3_985,Var3_986,Var3_987,Var3_988,Var3_989,Var3_990,Var3_991,Var3_992,Var3_993,Var3_994,Var3_995,Var3_996,Var3_997,Var3_998,Var3_999,Var3_1000,Var3_1001,Var3_1002,Var3_1003,Var3_1004,Var3_1005,Var3_1006,Var3_1007,Var3_1008,Var3_1009,Var3_1010,Var3_1011,Var3_1012,Var3_1013,Var3_1014,Var3_1015,Var3_1016,Var3_1017,Var3_1018,Var3_1019,Var3_1020,Var3_1021,Var3_1022,Var3_1023,Var3_1024,Var3_1025,Var3_1026,Var3_1027,Var3_1028,Var3_1029,Var3_1030,Var3_1031,Var3_1032,Var3_1033,Var3_1034,Var3_1035,Var3_1036,Var3_1037,Var3_1038,Var3_1039,Var3_1040,Var3_1041,Var3_1042,Var3_1043,Var3_1044,Var3_1045,Var3_1046,Var3_1047,Var3_1048,Var3_1049,Var3_1050,Var3_1051,Var3_1052,Var3_1053,Var3_1054,Var3_1055,Var3_1056,Var3_1057,Var3_1058,Var3_1059,Var3_1060,Var3_1061,Var3_1062,Var3_1063,Var3_1064,Var3_1065,Var3_1066,Var3_1067,Var3_1068,Var3_1069,Var3_1070,Var3_1071,Var3_1072,Var3_1073,Var3_1074,Var3_1075,Var3_1076,Var3_1077,Var3_1078,Var3_1079,Var3_1080,Var3_1081,Var3_1082,Var3_1083,Var3_1084,Var3_1085,Var3_1086,Var3_1087,Var3_1088,Var3_1089,Var3_1090,Var3_1091,Var3_1092,Var3_1093,Var3_1094,Var3_1095,Var3_1096,Var3_1097,Var3_1098,Var3_1099,Var3_1100,Var3_1101,Var3_1102,Var3_1103,Var3_1104,Var3_1105,Var3_1106,Var3_1107,Var3_1108,Var3_1109,Var3_1110,Var3_1111,Var3_1112,Var3_1113,Var3_1114,Var3_1115,Var3_1116,Var3_1117,Var3_1118,Var3_1119,Var3_1120,Var3_1121,Var3_1122,Var3_1123,Var3_1124,Var3_1125,Var3_1126,Var3_1127,Var3_1128,Var3_1129,Var3_1130,Var3_1131,Var3_1132,Var3_1133,Var3_1134,Var3_1135,Var3_1136,Var3_1137,Var3_1138,Var3_1139,Var3_1140,Var3_1141,Var3_1142,Var3_1143,Var3_1144,Var3_1145,Var3_1146,Var3_1147,Var3_1148,Var3_1149,Var3_1150,Var3_1151,Var3_1152,Var3_1153,Var3_1154,Var3_1155,Var3_1156,Var3_1157,Var3_1158,Var3_1159,Var3_1160,Var3_1161,Var3_1162,Var3_1163,Var3_1164,Var3_1165,Var3_1166,Var3_1167,Var3_1168,Var3_1169,Var3_1170,Var3_1171,Var3_1172,Var3_1173,Var3_1174,Var3_1175,Var3_1176,Var3_1177,Var3_1178,Var3_1179,Var3_1180,Var3_1181,Var3_1182,Var3_1183,Var3_1184,Var3_1185,Var3_1186,Var3_1187,Var3_1188,Var3_1189,Var3_1190,Var3_1191,Var3_1192,Var3_1193,Var3_1194,Var3_1195,Var3_1196,Var3_1197,Var3_1198,Var3_1199,Var3_1200,Var3_1201,Var3_1202,Var3_1203,Var3_1204,Var3_1205,Var3_1206,Var3_1207,Var3_1208,Var3_1209,Var3_1210,Var3_1211,Var3_1212,Var3_1213,Var3_1214,Var3_1215,Var3_1216,Var3_1217,Var3_1218,Var3_1219,Var3_1220,Var3_1221,Var3_1222,Var3_1223,Var3_1224,Var3_1225,Var3_1226,Var3_1227,Var3_1228,Var3_1229,Var3_1230,Var3_1231,Var3_1232,Var3_1233,Var3_1234,Var3_1235,Var3_1236,Var3_1237,Var3_1238,Var3_1239,Var3_1240,Var3_1241,Var3_1242,Var3_1243,Var3_1244,Var3_1245,Var3_1246,Var3_1247,Var3_1248,Var3_1249,Var3_1250,Var3_1251,Var3_1252,Var3_1253,Var3_1254,Var3_1255,Var3_1256,Var3_1257,Var3_1258,Var3_1259,Var3_1260,Var3_1261,Var3_1262,Var3_1263,Var3_1264,Var3_1265,Var3_1266,Var3_1267,Var3_1268,Var3_1269,Var3_1270,Var3_1271,Var3_1272,Var3_1273,Var3_1274,Var3_1275,Var3_1276,Var3_1277,Var3_1278,Var3_1279,Var3_1280,Var3_1281,Var3_1282,Var3_1283,Var3_1284,Var3_1285,Var3_1286,Var3_1287,Var3_1288,Var3_1289,Var3_1290,Var3_1291,Var3_1292,Var3_1293,Var3_1294,Var3_1295,Var3_1296,Var3_1297,Var3_1298,Var3_1299,Var3_1300,Var3_1301,Var3_1302,Var3_1303,Var3_1304,Var3_1305,Var3_1306,Var3_1307,Var3_1308,Var3_1309,Var3_1310,Var3_1311,Var3_1312,Var3_1313,Var3_1314,Var3_1315,Var3_1316,Var3_1317,Var3_1318,Var3_1319,Var3_1320,Var3_1321,Var3_1322,Var3_1323,Var3_1324,Var3_1325,Var3_1326,Var3_1327,Var3_1328,Var3_1329,Var3_1330,Var3_1331,Var3_1332,Var3_1333,Var3_1334,Var3_1335,Var3_1336,Var3_1337,Var3_1338,Var3_1339,Var3_1340,Var3_1341,Var3_1342,Var3_1343,Var3_1344,Var3_1345,Var3_1346,Var3_1347,Var3_1348,Var3_1349,Var3_1350,Var3_1351,Var3_1352,Var3_1353,Var3_1354,Var3_1355,Var3_1356,Var3_1357,Var3_1358,Var3_1359,Var3_1360,Var3_1361,Var3_1362,Var3_1363,Var3_1364,Var3_1365,Var3_1366,Var3_1367,Var3_1368,Var3_1369,Var3_1370,Var3_1371,Var3_1372,Var3_1373,Var3_1374,Var3_1375,Var3_1376,Var3_1377,Var3_1378,Var3_1379,Var3_1380,Var3_1381,Var3_1382,Var3_1383,Var3_1384,Var3_1385,Var3_1386,Var3_1387,Var3_1388,Var3_1389,Var3_1390,Var3_1391,Var3_1392,Var3_1393,Var3_1394,Var3_1395,Var3_1396,Var3_1397,Var3_1398,Var3_1399,Var3_1400,Var3_1401,Var3_1402,Var3_1403,Var3_1404,Var3_1405,Var3_1406,Var3_1407,Var3_1408,Var3_1409,Var3_1410,Var3_1411,Var3_1412,Var3_1413,Var3_1414,Var3_1415,Var3_1416,Var3_1417,Var3_1418,Var3_1419,Var3_1420,Var3_1421,Var3_1422,Var3_1423,Var3_1424,Var3_1425,Var3_1426,Var3_1427,Var3_1428,Var3_1429,Var3_1430,Var3_1431,Var3_1432,Var3_1433,Var3_1434,Var3_1435,Var3_1436,Var3_1437,Var3_1438,Var3_1439,Var3_1440,Var3_1441,Var3_1442,Var3_1443,Var3_1444,Var3_1445,Var3_1446,Var3_1447,Var3_1448,Var3_1449,Var3_1450,Var3_1451,Var3_1452,Var3_1453,Var3_1454,Var3_1455,Var3_1456,Var3_1457,Var3_1458,Var3_1459,Var3_1460,Var3_1461,Var3_1462,Var3_1463,Var3_1464,Var3_1465,Var3_1466,Var3_1467,Var3_1468,Var3_1469,Var3_1470,Var3_1471,Var3_1472,Var3_1473,Var3_1474,Var3_1475,Var3_1476,Var3_1477,Var3_1478,Var3_1479,Var3_1480,Var3_1481,Var3_1482,Var3_1483,Var3_1484,Var3_1485,Var3_1486,Var3_1487,Var3_1488,Var3_1489,Var3_1490,Var3_1491,Var3_1492,Var3_1493,Var3_1494,Var3_1495,Var3_1496,Var3_1497,Var3_1498,Var3_1499,Var3_1500,Var3_1501,Var3_1502,Var3_1503,Var3_1504,Var3_1505,Var3_1506,Var3_1507,Var3_1508,Var3_1509,Var3_1510,Var3_1511,Var3_1512,Var3_1513,Var3_1514,Var3_1515,Var3_1516,Var3_1517,Var3_1518,Var3_1519,Var3_1520,Var3_1521,Var3_1522,Var3_1523,Var3_1524,Var3_1525,Var3_1526,Var3_1527,Var3_1528,Var3_1529,Var3_1530,Var3_1531,Var3_1532,Var3_1533,Var3_1534,Var3_1535,Var3_1536,Var3_1537,Var3_1538,Var3_1539,Var3_1540,Var3_1541,Var3_1542,Var3_1543,Var3_1544,Var3_1545,Var3_1546,Var3_1547,Var3_1548,Var3_1549,Var3_1550,Var3_1551,Var3_1552,Var3_1553,Var3_1554,Var3_1555,Var3_1556,Var3_1557,Var3_1558,Var3_1559,Var3_1560,Var3_1561,Var3_1562,Var3_1563,Var3_1564,Var3_1565,Var3_1566,Var3_1567,Var3_1568,Var3_1569,Var3_1570,Var3_1571,Var3_1572,Var3_1573,Var3_1574,Var3_1575,Var3_1576,Var3_1577,Var3_1578,Var3_1579,Var3_1580,Var3_1581,Var3_1582,Var3_1583,Var3_1584,Var3_1585,Var3_1586,Var3_1587,Var3_1588,Var3_1589,Var3_1590,Var3_1591,Var3_1592,Var3_1593,Var3_1594,Var3_1595,Var3_1596,Var3_1597,Var3_1598,Var3_1599,Var3_1600,Var3_1601,Var3_1602,Var3_1603,Var3_1604,Var3_1605,Var3_1606,Var3_1607,Var3_1608,Var3_1609,Var3_1610,Var3_1611,Var3_1612,Var3_1613,Var3_1614,Var3_1615,Var3_1616,Var3_1617,Var3_1618,Var3_1619,Var3_1620,Var3_1621,Var3_1622,Var3_1623,Var3_1624,Var3_1625,Var3_1626,Var3_1627,Var3_1628,Var3_1629,Var3_1630,Var3_1631,Var3_1632,Var3_1633,Var3_1634,Var3_1635,Var3_1636,Var3_1637,Var3_1638,Var3_1639,Var3_1640,Var3_1641,Var3_1642,Var3_1643,Var3_1644,Var3_1645,Var3_1646,Var3_1647,Var3_1648,Var3_1649,Var3_1650,Var3_1651,Var3_1652,Var3_1653,Var3_1654,Var3_1655,Var3_1656,Var3_1657,Var3_1658,Var3_1659,Var3_1660,Var3_1661,Var3_1662,Var3_1663,Var3_1664,Var3_1665,Var3_1666,Var3_1667,Var3_1668,Var3_1669,Var3_1670,Var3_1671,Var3_1672,Var3_1673,Var3_1674,Var3_1675,Var3_1676,Var3_1677,Var3_1678,Var3_1679,Var3_1680,Var3_1681,Var3_1682,Var3_1683,Var3_1684,Var3_1685,Var3_1686,Var3_1687,Var3_1688,Var3_1689,Var3_1690,Var3_1691,Var3_1692,Var3_1693,Var3_1694,Var3_1695,Var3_1696,Var3_1697,Var3_1698,Var3_1699,Var3_1700,Var3_1701,Var3_1702,Var3_1703,Var3_1704,Var3_1705,Var3_1706,Var3_1707,Var3_1708,Var3_1709,Var3_1710,Var3_1711,Var3_1712,Var3_1713,Var3_1714,Var3_1715,Var3_1716,Var3_1717,Var3_1718,Var3_1719,Var3_1720,Var3_1721,Var3_1722,Var3_1723,Var3_1724,Var3_1725,Var3_1726,Var3_1727,Var3_1728,Var3_1729,Var3_1730,Var3_1731,Var3_1732,Var3_1733,Var3_1734,Var3_1735,Var3_1736,Var3_1737,Var3_1738,Var3_1739,Var3_1740,Var3_1741,Var3_1742,Var3_1743,Var3_1744,Var3_1745,Var3_1746,Var3_1747,Var3_1748,Var3_1749,Var3_1750,Var3_1751,Var3_1752,Var3_1753,Var3_1754,Var3_1755,Var3_1756,Var3_1757,Var3_1758,Var3_1759,Var3_1760,Var3_1761,Var3_1762,Var3_1763,Var3_1764,Var3_1765,Var3_1766,Var3_1767,Var3_1768,Var3_1769,Var3_1770,Var3_1771,Var3_1772,Var3_1773,Var3_1774,Var3_1775,Var3_1776,Var3_1777,Var3_1778,Var3_1779,Var3_1780,Var3_1781,Var3_1782,Var3_1783,Var3_1784,Var3_1785,Var3_1786,Var3_1787,Var3_1788,Var3_1789,Var3_1790,Var3_1791,Var3_1792,Var3_1793,Var3_1794,Var3_1795,Var3_1796,Var3_1797,Var3_1798,Var3_1799,Var3_1800,Var3_1801,Var3_1802,Var3_1803,Var3_1804,Var3_1805,Var3_1806,Var3_1807,Var3_1808,Var3_1809,Var3_1810,Var3_1811,Var3_1812,Var3_1813,Var3_1814,Var3_1815,Var3_1816,Var3_1817,Var3_1818,Var3_1819,Var3_1820,Var3_1821,Var3_1822,Var3_1823,Var3_1824,Var3_1825,Var3_1826,Var3_1827,Var3_1828,Var3_1829,Var3_1830,Var3_1831,Var3_1832,Var3_1833,Var3_1834,Var3_1835,Var3_1836,Var3_1837,Var3_1838,Var3_1839,Var3_1840,Var3_1841,Var3_1842,Var3_1843,Var3_1844,Var3_1845,Var3_1846,Var3_1847,Var3_1848,Var3_1849,Var3_1850,Var3_1851,Var3_1852,Var3_1853,Var3_1854,Var3_1855,Var3_1856,Var3_1857,Var3_1858,Var3_1859,Var3_1860,Var3_1861,Var3_1862,Var3_1863,Var3_1864,Var3_1865,Var3_1866,Var3_1867,Var3_1868,Var3_1869,Var3_1870,Var3_1871,Var3_1872,Var3_1873,Var3_1874,Var3_1875,Var3_1876,Var3_1877,Var3_1878,Var3_1879,Var3_1880,Var3_1881,Var3_1882,Var3_1883,Var3_1884,Var3_1885,Var3_1886,Var3_1887,Var3_1888,Var3_1889,Var3_1890,Var3_1891,Var3_1892,Var3_1893,Var3_1894,Var3_1895,Var3_1896,Var3_1897,Var3_1898,Var3_1899,Var3_1900,Var3_1901,Var3_1902,Var3_1903,Var3_1904,Var3_1905,Var3_1906,Var3_1907,Var3_1908,Var3_1909,Var3_1910,Var3_1911,Var3_1912,Var3_1913,Var3_1914,Var3_1915,Var3_1916,Var3_1917,Var3_1918,Var3_1919,Var3_1920,Var3_1921,Var3_1922,Var3_1923,Var3_1924,Var3_1925,Var3_1926,Var3_1927,Var3_1928,Var3_1929,Var3_1930,Var3_1931,Var3_1932,Var3_1933,Var3_1934,Var3_1935,Var3_1936,Var3_1937,Var3_1938,Var3_1939,Var3_1940,Var3_1941,Var3_1942,Var3_1943,Var3_1944,Var3_1945,Var3_1946,Var3_1947,Var3_1948,Var3_1949,Var3_1950,Var3_1951,Var3_1952,Var3_1953,Var3_1954,Var3_1955,Var3_1956,Var3_1957,Var3_1958,Var3_1959,Var3_1960,Var3_1961,Var3_1962,Var3_1963,Var3_1964,Var3_1965,Var3_1966,Var3_1967,Var3_1968,Var3_1969,Var3_1970,Var3_1971,Var3_1972,Var3_1973,Var3_1974,Var3_1975,Var3_1976,Var3_1977,Var3_1978,Var3_1979,Var3_1980,Var3_1981,Var3_1982,Var3_1983,Var3_1984,Var3_1985,Var3_1986,Var3_1987,Var3_1988,Var3_1989,Var3_1990,Var3_1991,Var3_1992,Var3_1993,Var3_1994,Var3_1995,Var3_1996,Var3_1997,Var3_1998,Var3_1999,Var3_2000,Var3_2001,Var3_2002,Var3_2003,Var3_2004,Var3_2005,Var3_2006,Var3_2007,Var3_2008,Var3_2009,Var3_2010,Var3_2011,Var3_2012,Var3_2013,Var3_2014,Var3_2015,Var3_2016,Var3_2017,Var3_2018,Var3_2019,Var3_2020,Var3_2021,Var3_2022,Var3_2023,Var3_2024,Var3_2025,Var3_2026,Var3_2027,Var3_2028,Var3_2029,Var3_2030,Var3_2031,Var3_2032,Var3_2033,Var3_2034,Var3_2035,Var3_2036,Var3_2037,Var3_2038,Var3_2039,Var3_2040,Var3_2041,Var3_2042,Var3_2043,Var3_2044,Var3_2045,Var3_2046,Var3_2047,Var3_2048,Var3_2049,Var3_2050,Var3_2051,Var3_2052,Var3_2053,Var3_2054,Var3_2055,Var3_2056,Var3_2057,Var3_2058,Var3_2059,Var3_2060,Var3_2061,Var3_2062,Var3_2063,Var3_2064,Var3_2065,Var3_2066,Var3_2067,Var3_2068,Var3_2069,Var3_2070,Var3_2071,Var3_2072,Var3_2073,Var3_2074,Var3_2075,Var3_2076,Var3_2077,Var3_2078,Var3_2079,Var3_2080,Var3_2081,Var3_2082,Var3_2083,Var3_2084,Var3_2085,Var3_2086,Var3_2087,Var3_2088,Var3_2089,Var3_2090,Var3_2091,Var3_2092,Var3_2093,Var3_2094,Var3_2095,Var3_2096,Var3_2097,Var3_2098,Var3_2099,Var3_2100,Var3_2101,Var3_2102,Var3_2103,Var3_2104,Var3_2105,Var3_2106,Var3_2107,Var3_2108,Var3_2109,Var3_2110,Var3_2111,Var3_2112,Var3_2113,Var3_2114,Var3_2115,Var3_2116,Var3_2117,Var3_2118,Var3_2119,Var3_2120,Var3_2121,Var3_2122,Var3_2123,Var3_2124,Var3_2125,Var3_2126,Var3_2127,Var3_2128,Var3_2129,Var3_2130,Var3_2131,Var3_2132,Var3_2133,Var3_2134,Var3_2135,Var3_2136,Var3_2137,Var3_2138,Var3_2139,Var3_2140,Var3_2141,Var3_2142,Var3_2143,Var3_2144,Var3_2145,Var3_2146,Var3_2147,Var3_2148,Var3_2149,Var3_2150,Var3_2151,Var3_2152,Var3_2153,Var3_2154,Var3_2155,Var3_2156,Var3_2157,Var3_2158,Var3_2159,Var3_2160,Var3_2161,Var3_2162,Var3_2163,Var3_2164,Var3_2165,Var3_2166,Var3_2167,Var3_2168,Var3_2169,Var3_2170,Var3_2171,Var3_2172,Var3_2173,Var3_2174,Var3_2175,Var3_2176,Var3_2177,Var3_2178,Var3_2179,Var3_2180,Var3_2181,Var3_2182,Var3_2183,Var3_2184,Var3_2185,Var3_2186,Var3_2187,Var3_2188,Var3_2189,Var3_2190,Var3_2191,Var3_2192,Var3_2193,Var3_2194,Var3_2195,Var3_2196,Var3_2197,Var3_2198,Var3_2199,Var3_2200,Var3_2201,Var3_2202,Var3_2203,Var3_2204,Var3_2205,Var3_2206,Var3_2207,Var3_2208,Var3_2209,Var3_2210,Var3_2211,Var3_2212,Var3_2213,Var3_2214,Var3_2215,Var3_2216,Var3_2217,Var3_2218,Var3_2219,Var3_2220,Var3_2221,Var3_2222,Var3_2223,Var3_2224,Var3_2225,Var3_2226,Var3_2227,Var3_2228,Var3_2229,Var3_2230,Var3_2231,Var3_2232,Var3_2233,Var3_2234,Var3_2235,Var3_2236,Var3_2237,Var3_2238,Var3_2239,Var3_2240,Var3_2241,Var3_2242,Var3_2243,Var3_2244,Var3_2245,Var3_2246,Var3_2247,Var3_2248,Var3_2249,Var3_2250,Var3_2251,Var3_2252,Var3_2253,Var3_2254,Var3_2255,Var3_2256,Var3_2257,Var3_2258,Var3_2259,Var3_2260,Var3_2261,Var3_2262,Var3_2263,Var3_2264,Var3_2265,Var3_2266,Var3_2267,Var3_2268,Var3_2269,Var3_2270,Var3_2271,Var3_2272,Var3_2273,Var3_2274,Var3_2275,Var3_2276,Var3_2277,Var3_2278,Var3_2279,Var3_2280,Var3_2281,Var3_2282,Var3_2283,Var3_2284,Var3_2285,Var3_2286,Var3_2287,Var3_2288,Var3_2289,Var3_2290,Var3_2291,Var3_2292,Var3_2293,Var3_2294,Var3_2295,Var3_2296,Var3_2297,Var3_2298,Var3_2299,Var3_2300,Var3_2301,Var3_2302,Var3_2303,Var3_2304,Var3_2305,Var3_2306,Var3_2307,Var3_2308,Var3_2309,Var3_2310,Var3_2311,Var3_2312,Var3_2313,Var3_2314,Var3_2315,Var3_2316,Var3_2317,Var3_2318,Var3_2319,Var3_2320,Var3_2321,Var3_2322,Var3_2323,Var3_2324,Var3_2325,Var3_2326,Var3_2327,Var3_2328,Var3_2329,Var3_2330,Var3_2331,Var3_2332,Var3_2333,Var3_2334,Var3_2335,Var3_2336,Var3_2337,Var3_2338,Var3_2339,Var3_2340,Var3_2341,Var3_2342,Var3_2343,Var3_2344,Var3_2345,Var3_2346,Var3_2347,Var3_2348,Var3_2349,Var3_2350,Var3_2351,Var3_2352,Var3_2353,Var3_2354,Var3_2355,Var3_2356,Var3_2357,Var3_2358,Var3_2359,Var3_2360,Var3_2361,Var3_2362,Var3_2363,Var3_2364,Var3_2365,Var3_2366,Var3_2367,Var3_2368,Var3_2369,Var3_2370,Var3_2371,Var3_2372,Var3_2373,Var3_2374,Var3_2375,Var3_2376,Var3_2377,Var3_2378,Var3_2379,Var3_2380,Var3_2381,Var3_2382,Var3_2383,Var3_2384,Var3_2385,Var3_2386,Var3_2387,Var3_2388,Var3_2389,Var3_2390,Var3_2391,Var3_2392,Var3_2393,Var3_2394,Var3_2395,Var3_2396,Var3_2397,Var3_2398,Var3_2399,Var3_2400,Var3_2401,Var3_2402,Var3_2403,Var3_2404,Var3_2405,Var3_2406,Var3_2407,Var3_2408,Var3_2409,Var3_2410,Var3_2411,Var3_2412,Var3_2413,Var3_2414,Var3_2415,Var3_2416,Var3_2417,Var3_2418,Var3_2419,Var3_2420,Var3_2421,Var3_2422,Var3_2423,Var3_2424,Var3_2425,Var3_2426,Var3_2427,Var3_2428,Var3_2429,Var3_2430,Var3_2431,Var3_2432,Var3_2433,Var3_2434,Var3_2435,Var3_2436,Var3_2437,Var3_2438,Var3_2439,Var3_2440,Var3_2441,Var3_2442,Var3_2443,Var3_2444,Var3_2445,Var3_2446,Var3_2447,Var3_2448,Var3_2449,Var3_2450,Var3_2451,Var3_2452,Var3_2453,Var3_2454,Var3_2455,Var3_2456,Var3_2457,Var3_2458,Var3_2459,Var3_2460,Var3_2461,Var3_2462,Var3_2463,Var3_2464,Var3_2465,Var3_2466,Var3_2467,Var3_2468,Var3_2469,Var3_2470,Var3_2471,Var3_2472,Var3_2473,Var3_2474,Var3_2475,Var3_2476,Var3_2477,Var3_2478,Var3_2479,Var3_2480,Var3_2481,Var3_2482,Var3_2483,Var3_2484,Var3_2485,Var3_2486,Var3_2487,Var3_2488,Var3_2489,Var3_2490,Var3_2491,Var3_2492,Var3_2493,Var3_2494,Var3_2495,Var3_2496,Var3_2497,Var3_2498,Var3_2499,Var3_2500,Var3_2501,Var3_2502,Var3_2503,Var3_2504,Var3_2505,Var3_2506,Var3_2507,Var3_2508,Var3_2509,Var3_2510,Var3_2511,Var3_2512,Var3_2513,Var3_2514,Var3_2515,Var3_2516,Var3_2517,Var3_2518,Var3_2519,Var3_2520,Var3_2521,Var3_2522,Var3_2523,Var3_2524,Var3_2525,Var3_2526,Var3_2527,Var3_2528,Var3_2529,Var3_2530,Var3_2531,Var3_2532,Var3_2533,Var3_2534,Var3_2535,Var3_2536,Var3_2537,Var3_2538,Var3_2539,Var3_2540,Var3_2541,Var3_2542,Var3_2543,Var3_2544,Var3_2545,Var3_2546,Var3_2547,Var3_2548,Var3_2549,Var3_2550,Var3_2551,Var3_2552,Var3_2553,Var3_2554,Var3_2555,Var3_2556,Var3_2557,Var3_2558,Var3_2559,Var3_2560,Var3_2561,Var3_2562,Var3_2563,Var3_2564,Var3_2565,Var3_2566,Var3_2567,Var3_2568,Var3_2569,Var3_2570,Var3_2571,Var3_2572,Var3_2573,Var3_2574,Var3_2575,Var3_2576,Var3_2577,Var3_2578,Var3_2579,Var3_2580,Var3_2581,Var3_2582,Var3_2583,Var3_2584,Var3_2585,Var3_2586,Var3_2587,Var3_2588,Var3_2589,Var3_2590,Var3_2591,Var3_2592,Var3_2593,Var3_2594,Var3_2595,Var3_2596,Var3_2597,Var3_2598,Var3_2599,Var3_2600,Var3_2601,Var3_2602,Var3_2603,Var3_2604,Var3_2605,Var3_2606,Var3_2607,Var3_2608,Var3_2609,Var3_2610,Var3_2611,Var3_2612,Var3_2613,Var3_2614,Var3_2615,Var3_2616,Var3_2617,Var3_2618,Var3_2619,Var3_2620,Var3_2621,Var3_2622,Var3_2623,Var3_2624,Var3_2625,Var3_2626,Var3_2627,Var3_2628,Var3_2629,Var3_2630,Var3_2631,Var3_2632,Var3_2633,Var3_2634,Var3_2635,Var3_2636,Var3_2637,Var3_2638,Var3_2639,Var3_2640,Var3_2641,Var3_2642,Var3_2643,Var3_2644,Var3_2645,Var3_2646,Var3_2647,Var3_2648,Var3_2649,Var3_2650,Var3_2651,Var3_2652,Var3_2653,Var3_2654,Var3_2655,Var3_2656,Var3_2657,Var3_2658,Var3_2659,Var3_2660,Var3_2661,Var3_2662,Var3_2663,Var3_2664,Var3_2665,Var3_2666,Var3_2667,Var3_2668,Var3_2669,Var3_2670,Var3_2671,Var3_2672,Var3_2673,Var3_2674,Var3_2675,Var3_2676,Var3_2677,Var3_2678,Var3_2679,Var3_2680,Var3_2681,Var3_2682,Var3_2683,Var3_2684,Var3_2685,Var3_2686,Var3_2687,Var3_2688,Var3_2689,Var3_2690,Var3_2691,Var3_2692,Var3_2693,Var3_2694,Var3_2695,Var3_2696,Var3_2697,Var3_2698,Var3_2699,Var3_2700,Var3_2701,Var3_2702,Var3_2703,Var3_2704,Var3_2705,Var3_2706,Var3_2707,Var3_2708,Var3_2709,Var3_2710,Var3_2711,Var3_2712,Var3_2713,Var3_2714,Var3_2715,Var3_2716,Var3_2717,Var3_2718,Var3_2719,Var3_2720,Var3_2721,Var3_2722,Var3_2723,Var3_2724,Var3_2725,Var3_2726,Var3_2727,Var3_2728,Var3_2729,Var3_2730,Var3_2731,Var3_2732,Var3_2733,Var3_2734,Var3_2735,Var3_2736,Var3_2737,Var3_2738,Var3_2739,Var3_2740,Var3_2741,Var3_2742,Var3_2743,Var3_2744,Var3_2745,Var3_2746,Var3_2747,Var3_2748,Var3_2749,Var3_2750,Var3_2751,Var3_2752,Var3_2753,Var3_2754,Var3_2755,Var3_2756,Var3_2757,Var3_2758,Var3_2759,Var3_2760,Var3_2761,Var3_2762,Var3_2763,Var3_2764,Var3_2765,Var3_2766,Var3_2767,Var3_2768,Var3_2769,Var3_2770,Var3_2771,Var3_2772,Var3_2773,Var3_2774,Var3_2775,Var3_2776,Var3_2777,Var3_2778,Var3_2779,Var3_2780,Var3_2781,Var3_2782,Var3_2783,Var3_2784,Var3_2785,Var3_2786,Var3_2787,Var3_2788,Var3_2789,Var3_2790,Var3_2791,Var3_2792,Var3_2793,Var3_2794,Var3_2795,Var3_2796,Var3_2797,Var3_2798,Var3_2799,Var3_2800,Var3_2801,Var3_2802,Var3_2803,Var3_2804,Var3_2805,Var3_2806,Var3_2807,Var3_2808,Var3_2809,Var3_2810,Var3_2811,Var3_2812,Var3_2813,Var3_2814,Var3_2815,Var3_2816,Var3_2817,Var3_2818,Var3_2819,Var3_2820,Var3_2821,Var3_2822,Var3_2823,Var3_2824,Var3_2825,Var3_2826,Var3_2827,Var3_2828,Var3_2829,Var3_2830,Var3_2831,Var3_2832,Var3_2833,Var3_2834,Var3_2835,Var3_2836,Var3_2837,Var3_2838,Var3_2839,Var3_2840,Var3_2841,Var3_2842,Var3_2843,Var3_2844,Var3_2845,Var3_2846,Var3_2847,Var3_2848,Var3_2849,Var3_2850,Var3_2851,Var3_2852,Var3_2853,Var3_2854,Var3_2855,Var3_2856,Var3_2857,Var3_2858,Var3_2859,Var3_2860,Var3_2861,Var3_2862,Var3_2863,Var3_2864,Var3_2865,Var3_2866,Var3_2867,Var3_2868,Var3_2869,Var3_2870,Var3_2871,Var3_2872,Var3_2873,Var3_2874,Var3_2875,Var3_2876,Var3_2877,Var3_2878,Var3_2879,Var3_2880,Var3_2881,Var3_2882,Var3_2883,Var3_2884,Var3_2885,Var3_2886,Var3_2887,Var3_2888,Var3_2889,Var3_2890,Var3_2891,Var3_2892,Var3_2893,Var3_2894,Var3_2895,Var3_2896,Var3_2897,Var3_2898,Var3_2899,Var3_2900,Var3_2901,Var3_2902,Var3_2903,Var3_2904,Var3_2905,Var3_2906,Var3_2907,Var3_2908,Var3_2909,Var3_2910,Var3_2911,Var3_2912,Var3_2913,Var3_2914,Var3_2915,Var3_2916,Var3_2917,Var3_2918,Var3_2919,Var3_2920,Var3_2921,Var3_2922,Var3_2923,Var3_2924,Var3_2925,Var3_2926,Var3_2927,Var3_2928,Var3_2929,Var3_2930,Var3_2931,Var3_2932,Var3_2933,Var3_2934,Var3_2935,Var3_2936,Var3_2937,Var3_2938,Var3_2939,Var3_2940,Var3_2941,Var3_2942,Var3_2943,Var3_2944,Var3_2945,Var3_2946,Var3_2947,Var3_2948,Var3_2949,Var3_2950,Var3_2951,Var3_2952,Var3_2953,Var3_2954,Var3_2955,Var3_2956,Var3_2957,Var3_2958,Var3_2959,Var3_2960,Var3_2961,Var3_2962,Var3_2963,Var3_2964,Var3_2965,Var3_2966,Var3_2967,Var3_2968,Var3_2969,Var3_2970,Var3_2971,Var3_2972,Var3_2973,Var3_2974,Var3_2975,Var3_2976,Var3_2977,Var3_2978,Var3_2979,Var3_2980,Var3_2981,Var3_2982,Var3_2983,Var3_2984,Var3_2985,Var3_2986,Var3_2987,Var3_2988,Var3_2989,Var3_2990,Var3_2991,Var3_2992,Var3_2993,Var3_2994,Var3_2995,Var3_2996,Var3_2997,Var3_2998,Var3_2999,Var3_3000,Var3_3001,Var3_3002,Var3_3003,Var3_3004,Var3_3005,Var3_3006,Var3_3007,Var3_3008,Var3_3009,Var3_3010,Var3_3011,Var3_3012,Var3_3013,Var3_3014,Var3_3015,Var3_3016,Var3_3017,Var3_3018,Var3_3019,Var3_3020,Var3_3021,Var3_3022,Var3_3023,Var3_3024,Var3_3025,Var3_3026,Var3_3027,Var3_3028,Var3_3029,Var3_3030,Var3_3031,Var3_3032,Var3_3033,Var3_3034,Var3_3035,Var3_3036,Var3_3037,Var3_3038,Var3_3039,Var3_3040,Var3_3041,Var3_3042,Var3_3043,Var3_3044,Var3_3045,Var3_3046,Var3_3047,Var3_3048,Var3_3049,Var3_3050,Var3_3051,Var3_3052,Var3_3053,Var3_3054,Var3_3055,Var3_3056,Var3_3057,Var3_3058,Var3_3059,Var3_3060,Var3_3061,Var3_3062,Var3_3063,Var3_3064,Var3_3065,Var3_3066,Var3_3067,Var3_3068,Var3_3069,Var3_3070,Var3_3071,Var3_3072,Var3_3073,Var3_3074,Var3_3075,Var3_3076,Var3_3077,Var3_3078,Var3_3079,Var3_3080,Var3_3081,Var3_3082,Var3_3083,Var3_3084,Var3_3085,Var3_3086,Var3_3087,Var3_3088,Var3_3089,Var3_3090,Var3_3091,Var3_3092,Var3_3093,Var3_3094,Var3_3095,Var3_3096,Var3_3097,Var3_3098,Var3_3099,Var3_3100,Var3_3101,Var3_3102,Var3_3103,Var3_3104,Var3_3105,Var3_3106,Var3_3107,Var3_3108,Var3_3109,Var3_3110,Var3_3111,Var3_3112,Var3_3113,Var3_3114,Var3_3115,Var3_3116,Var3_3117,Var3_3118,Var3_3119,Var3_3120,Var3_3121,Var3_3122,Var3_3123,Var3_3124,Var3_3125,Var3_3126,Var3_3127,Var3_3128,Var3_3129,Var3_3130,Var3_3131,Var3_3132,Var3_3133,Var3_3134,Var3_3135,Var3_3136,Var3_3137,Var3_3138,Var3_3139,Var3_3140,Var3_3141,Var3_3142,Var3_3143,Var3_3144,Var3_3145,Var3_3146,Var3_3147,Var3_3148,Var3_3149,Var3_3150,Var3_3151,Var3_3152,Var3_3153,Var3_3154,Var3_3155,Var3_3156,Var3_3157,Var3_3158,Var3_3159,Var3_3160,Var3_3161,Var3_3162,Var3_3163,Var3_3164,Var3_3165,Var3_3166,Var3_3167,Var3_3168,Var3_3169,Var3_3170,Var3_3171,Var3_3172,Var3_3173,Var3_3174,Var3_3175,Var3_3176,Var3_3177,Var3_3178,Var3_3179,Var3_3180,Var3_3181,Var3_3182,Var3_3183,Var3_3184,Var3_3185,Var3_3186,Var3_3187,Var3_3188,Var3_3189,Var3_3190,Var3_3191,Var3_3192,Var3_3193,Var3_3194,Var3_3195,Var3_3196,Var3_3197,Var3_3198,Var3_3199,Var3_3200,Var3_3201,Var3_3202,Var3_3203,Var3_3204,Var3_3205,Var3_3206,Var3_3207,Var3_3208,Var3_3209,Var3_3210,Var3_3211,Var3_3212,Var3_3213,Var3_3214,Var3_3215,Var3_3216,Var3_3217,Var3_3218,Var3_3219,Var3_3220,Var3_3221,Var3_3222,Var3_3223,Var3_3224,Var3_3225,Var3_3226,Var3_3227,Var3_3228,Var3_3229,Var3_3230,Var3_3231,Var3_3232,Var3_3233,Var3_3234,Var3_3235,Var3_3236,Var3_3237,Var3_3238,Var3_3239,Var3_3240,Var3_3241,Var3_3242,Var3_3243,Var3_3244,Var3_3245,Var3_3246,Var3_3247,Var3_3248,Var3_3249,Var3_3250,Var3_3251,Var3_3252,Var3_3253,Var3_3254,Var3_3255,Var3_3256,Var3_3257,Var3_3258,Var3_3259,Var3_3260,Var3_3261,Var3_3262,Var3_3263,Var3_3264,Var3_3265,Var3_3266,Var3_3267,Var3_3268,Var3_3269,Var3_3270,Var3_3271,Var3_3272,Var3_3273,Var3_3274,Var3_3275,Var3_3276,Var3_3277,Var3_3278,Var3_3279,Var3_3280,Var3_3281,Var3_3282,Var3_3283,Var3_3284,Var3_3285,Var3_3286,Var3_3287,Var3_3288,Var3_3289,Var3_3290,Var3_3291,Var3_3292,Var3_3293,Var3_3294,Var3_3295,Var3_3296,Var3_3297,Var3_3298,Var3_3299,Var3_3300,Var3_3301,Var3_3302,Var3_3303,Var3_3304,Var3_3305,Var3_3306,Var3_3307,Var3_3308,Var3_3309,Var3_3310,Var3_3311,Var3_3312,Var3_3313,Var3_3314,Var3_3315,Var3_3316,Var3_3317,Var3_3318,Var3_3319,Var3_3320,Var3_3321,Var3_3322,Var3_3323,Var3_3324,Var3_3325,Var3_3326,Var3_3327,Var3_3328,Var3_3329,Var3_3330,Var3_3331,Var3_3332,Var3_3333,Var3_3334,Var3_3335,Var3_3336,Var3_3337,Var3_3338,Var3_3339,Var3_3340,Var3_3341,Var3_3342,Var3_3343,Var3_3344,Var3_3345,Var3_3346,Var3_3347,Var3_3348,Var3_3349,Var3_3350,Var3_3351,Var3_3352,Var3_3353,Var3_3354,Var3_3355,Var3_3356,Var3_3357,Var3_3358,Var3_3359,Var3_3360,Var3_3361,Var3_3362,Var3_3363,Var3_3364,Var3_3365,Var3_3366,Var3_3367,Var3_3368,Var3_3369,Var3_3370,Var3_3371,Var3_3372,Var3_3373,Var3_3374,Var3_3375,Var3_3376,Var3_3377,Var3_3378,Var3_3379,Var3_3380,Var3_3381,Var3_3382,Var3_3383,Var3_3384,Var3_3385,Var3_3386,Var3_3387,Var3_3388,Var3_3389,Var3_3390,Var3_3391,Var3_3392,Var3_3393,Var3_3394,Var3_3395,Var3_3396,Var3_3397,Var3_3398,Var3_3399,Var3_3400,Var3_3401,Var3_3402,Var3_3403,Var3_3404,Var3_3405,Var3_3406,Var3_3407,Var3_3408,Var3_3409,Var3_3410,Var3_3411,Var3_3412,Var3_3413,Var3_3414,Var3_3415,Var3_3416,Var3_3417,Var3_3418,Var3_3419,Var3_3420,Var3_3421,Var3_3422,Var3_3423,Var3_3424,Var3_3425,Var3_3426,Var3_3427,Var3_3428,Var3_3429,Var3_3430,Var3_3431,Var3_3432,Var3_3433,Var3_3434,Var3_3435,Var3_3436,Var3_3437,Var3_3438,Var3_3439,Var3_3440,Var3_3441,Var3_3442,Var3_3443,Var3_3444,Var3_3445,Var3_3446,Var3_3447,Var3_3448,Var3_3449,Var3_3450,Var3_3451,Var3_3452,Var3_3453,Var3_3454,Var3_3455,Var3_3456,Var3_3457,Var3_3458,Var3_3459,Var3_3460,Var3_3461,Var3_3462,Var3_3463,Var3_3464,Var3_3465,Var3_3466,Var3_3467,Var3_3468,Var3_3469,Var3_3470,Var3_3471,Var3_3472,Var3_3473,Var3_3474,Var3_3475,Var3_3476,Var3_3477,Var3_3478,Var3_3479,Var3_3480,Var3_3481,Var3_3482,Var3_3483,Var3_3484,Var3_3485,Var3_3486,Var3_3487,Var3_3488,Var3_3489,Var3_3490,Var3_3491,Var3_3492,Var3_3493,Var3_3494,Var3_3495,Var3_3496,Var3_3497,Var3_3498,Var3_3499,Var3_3500,Var3_3501,Var3_3502,Var3_3503,Var3_3504,Var3_3505,Var3_3506,Var3_3507,Var3_3508,Var3_3509,Var3_3510,Var3_3511,Var3_3512,Var3_3513,Var3_3514,Var3_3515,Var3_3516,Var3_3517,Var3_3518,Var3_3519,Var3_3520,Var3_3521,Var3_3522,Var3_3523,Var3_3524,Var3_3525,Var3_3526,Var3_3527,Var3_3528,Var3_3529,Var3_3530,Var3_3531,Var3_3532,Var3_3533,Var3_3534,Var3_3535,Var3_3536,Var3_3537,Var3_3538,Var3_3539,Var3_3540,Var3_3541,Var3_3542,Var3_3543,Var3_3544,Var3_3545,Var3_3546,Var3_3547,Var3_3548,Var3_3549,Var3_3550,Var3_3551,Var3_3552,Var3_3553,Var3_3554,Var3_3555,Var3_3556,Var3_3557,Var3_3558,Var3_3559,Var3_3560,Var3_3561,Var3_3562,Var3_3563,Var3_3564,Var3_3565,Var3_3566,Var3_3567,Var3_3568,Var3_3569,Var3_3570,Var3_3571,Var3_3572,Var3_3573,Var3_3574,Var3_3575,Var3_3576,Var3_3577,Var3_3578,Var3_3579,Var3_3580,Var3_3581,Var3_3582,Var3_3583,Var3_3584,Var3_3585,Var3_3586,Var3_3587,Var3_3588,Var3_3589,Var3_3590,Var3_3591,Var3_3592,Var3_3593,Var3_3594,Var3_3595,Var3_3596,Var3_3597,Var3_3598,Var3_3599,Var3_3600,Var3_3601,Var3_3602,Var3_3603,Var3_3604,Var3_3605,Var3_3606,Var3_3607,Var3_3608,Var3_3609,Var3_3610,Var3_3611,Var3_3612,Var3_3613,Var3_3614,Var3_3615,Var3_3616,Var3_3617,Var3_3618,Var3_3619,Var3_3620,Var3_3621,Var3_3622,Var3_3623,Var3_3624,Var3_3625,Var3_3626,Var3_3627,Var3_3628,Var3_3629,Var3_3630,Var3_3631,Var3_3632,Var3_3633,Var3_3634,Var3_3635,Var3_3636,Var3_3637,Var3_3638,Var3_3639,Var3_3640,Var3_3641,Var3_3642,Var3_3643,Var3_3644,Var3_3645,Var3_3646,Var3_3647,Var3_3648,Var3_3649,Var3_3650,Var3_3651,Var3_3652,Var3_3653,Var3_3654,Var3_3655,Var3_3656,Var3_3657,Var3_3658,Var3_3659,Var3_3660,Var3_3661,Var3_3662,Var3_3663,Var3_3664,Var3_3665,Var3_3666,Var3_3667,Var3_3668,Var3_3669,Var3_3670,Var3_3671,Var3_3672,Var3_3673,Var3_3674,Var3_3675,Var3_3676,Var3_3677,Var3_3678,Var3_3679,Var3_3680,Var3_3681,Var3_3682,Var3_3683,Var3_3684,Var3_3685,Var3_3686,Var3_3687,Var3_3688,Var3_3689,Var3_3690,Var3_3691,Var3_3692,Var3_3693,Var3_3694,Var3_3695,Var3_3696,Var3_3697,Var3_3698,Var3_3699,Var3_3700,Var3_3701,Var3_3702,Var3_3703,Var3_3704,Var3_3705,Var3_3706,Var3_3707,Var3_3708,Var3_3709,Var3_3710,Var3_3711,Var3_3712,Var3_3713,Var3_3714,Var3_3715,Var3_3716,Var3_3717,Var3_3718,Var3_3719,Var3_3720,Var3_3721,Var3_3722,Var3_3723,Var3_3724,Var3_3725,Var3_3726,Var3_3727,Var3_3728,Var3_3729,Var3_3730,Var3_3731,Var3_3732,Var3_3733,Var3_3734,Var3_3735,Var3_3736,Var3_3737,Var3_3738,Var3_3739,Var3_3740,Var3_3741,Var3_3742,Var3_3743,Var3_3744,Var3_3745,Var3_3746,Var3_3747,Var3_3748,Var3_3749,Var3_3750,Var3_3751,Var3_3752,Var3_3753,Var3_3754,Var3_3755,Var3_3756,Var3_3757,Var3_3758,Var3_3759,Var3_3760,Var3_3761,Var3_3762,Var3_3763,Var3_3764,Var3_3765,Var3_3766,Var3_3767,Var3_3768,Var3_3769,Var3_3770,Var3_3771,Var3_3772,Var3_3773,Var3_3774,Var3_3775,Var3_3776,Var3_3777,Var3_3778,Var3_3779,Var3_3780,Var3_3781,Var3_3782,Var3_3783,Var3_3784,Var3_3785,Var3_3786,Var3_3787,Var3_3788,Var3_3789,Var3_3790,Var3_3791,Var3_3792,Var3_3793,Var3_3794,Var3_3795,Var3_3796,Var3_3797,Var3_3798,Var3_3799,Var3_3800,Var3_3801,Var3_3802,Var3_3803,Var3_3804,Var3_3805,Var3_3806,Var3_3807,Var3_3808,Var3_3809,Var3_3810,Var3_3811,Var3_3812,Var3_3813,Var3_3814,Var3_3815,Var3_3816,Var3_3817,Var3_3818,Var3_3819,Var3_3820,Var3_3821,Var3_3822,Var3_3823,Var3_3824,Var3_3825,Var3_3826,Var3_3827,Var3_3828,Var3_3829,Var3_3830,Var3_3831,Var3_3832,Var3_3833,Var3_3834,Var3_3835,Var3_3836,Var3_3837,Var3_3838,Var3_3839,Var3_3840,Var3_3841,Var3_3842,Var3_3843,Var3_3844,Var3_3845,Var3_3846,Var3_3847,Var3_3848,Var3_3849,Var3_3850,Var3_3851,Var3_3852,Var3_3853,Var3_3854,Var3_3855,Var3_3856,Var3_3857,Var3_3858,Var3_3859,Var3_3860,Var3_3861,Var3_3862,Var3_3863,Var3_3864,Var3_3865,Var3_3866,Var3_3867,Var3_3868,Var3_3869,Var3_3870,Var3_3871,Var3_3872,Var3_3873,Var3_3874,Var3_3875,Var3_3876,Var3_3877,Var3_3878,Var3_3879,Var3_3880,Var3_3881,Var3_3882,Var3_3883,Var3_3884,Var3_3885,Var3_3886,Var3_3887,Var3_3888,Var3_3889,Var3_3890,Var3_3891,Var3_3892,Var3_3893,Var3_3894,Var3_3895,Var3_3896,Var3_3897,Var3_3898,Var3_3899,Var3_3900,Var3_3901,Var3_3902,Var3_3903,Var3_3904,Var3_3905,Var3_3906,Var3_3907,Var3_3908,Var3_3909,Var3_3910,Var3_3911,Var3_3912,Var3_3913,Var3_3914,Var3_3915,Var3_3916,Var3_3917,Var3_3918,Var3_3919,Var3_3920,Var3_3921,Var3_3922,Var3_3923,Var3_3924,Var3_3925,Var3_3926,Var3_3927,Var3_3928,Var3_3929,Var3_3930,Var3_3931,Var3_3932,Var3_3933,Var3_3934,Var3_3935,Var3_3936,Var3_3937,Var3_3938,Var3_3939,Var3_3940,Var3_3941,Var3_3942,Var3_3943,Var3_3944,Var3_3945,Var3_3946,Var3_3947,Var3_3948,Var3_3949,Var3_3950,Var3_3951,Var3_3952,Var3_3953,Var3_3954,Var3_3955,Var3_3956,Var3_3957,Var3_3958,Var3_3959,Var3_3960,Var3_3961,Var3_3962,Var3_3963,Var3_3964,Var3_3965,Var3_3966,Var3_3967,Var3_3968,Var3_3969,Var3_3970,Var3_3971,Var3_3972,Var3_3973,Var3_3974,Var3_3975,Var3_3976,Var3_3977,Var3_3978,Var3_3979,Var3_3980,Var3_3981,Var3_3982,Var3_3983,Var3_3984,Var3_3985,Var3_3986,Var3_3987,Var3_3988,Var3_3989,Var3_3990,Var3_3991,Var3_3992,Var3_3993,Var3_3994,Var3_3995,Var3_3996,Var3_3997,Var3_3998,Var3_3999,Var3_4000,Var3_4001,Var3_4002,Var3_4003,Var3_4004,Var3_4005,Var3_4006,Var3_4007,Var3_4008,Var3_4009,Var3_4010,Var3_4011,Var3_4012,Var3_4013,Var3_4014,Var3_4015,Var3_4016,Var3_4017,Var3_4018,Var3_4019,Var3_4020,Var3_4021,Var3_4022,Var3_4023,Var3_4024,Var3_4025,Var3_4026,Var3_4027,Var3_4028,Var3_4029,Var3_4030,Var3_4031,Var3_4032,Var3_4033,Var3_4034,Var3_4035,Var3_4036,Var3_4037,Var3_4038,Var3_4039,Var3_4040,Var3_4041,Var3_4042,Var3_4043,Var3_4044,Var3_4045,Var3_4046,Var3_4047,Var3_4048,Var3_4049,Var3_4050,Var3_4051,Var3_4052,Var3_4053,Var3_4054,Var3_4055,Var3_4056,Var3_4057,Var3_4058,Var3_4059,Var3_4060,Var3_4061,Var3_4062,Var3_4063,Var3_4064,Var3_4065,Var3_4066,Var3_4067,Var3_4068,Var3_4069,Var3_4070,Var3_4071,Var3_4072,Var3_4073,Var3_4074,Var3_4075,Var3_4076,Var3_4077,Var3_4078,Var3_4079,Var3_4080,Var3_4081,Var3_4082,Var3_4083,Var3_4084,Var3_4085,Var3_4086,Var3_4087,Var3_4088,Var3_4089,Var3_4090,Var3_4091,Var3_4092,Var3_4093,Var3_4094,Var3_4095,Var3_4096,Var3_4097,Var3_4098,Var3_4099,Var3_4100,Var3_4101,Var3_4102,Var3_4103,Var3_4104,Var3_4105,Var3_4106,Var3_4107,Var3_4108,Var3_4109,Var3_4110,Var3_4111,Var3_4112,Var3_4113,Var3_4114,Var3_4115,Var3_4116,Var3_4117,Var3_4118,Var3_4119,Var3_4120,Var3_4121,Var3_4122,Var3_4123,Var3_4124,Var3_4125,Var3_4126,Var3_4127,Var3_4128,Var3_4129,Var3_4130,Var3_4131,Var3_4132,Var3_4133,Var3_4134,Var3_4135,Var3_4136,Var3_4137,Var3_4138,Var3_4139,Var3_4140,Var3_4141,Var3_4142,Var3_4143,Var3_4144,Var3_4145,Var3_4146,Var3_4147,Var3_4148,Var3_4149,Var3_4150,Var3_4151,Var3_4152,Var3_4153,Var3_4154,Var3_4155,Var3_4156,Var3_4157,Var3_4158,Var3_4159,Var3_4160,Var3_4161,Var3_4162,Var3_4163,Var3_4164,Var3_4165,Var3_4166,Var3_4167,Var3_4168,Var3_4169,Var3_4170,Var3_4171,Var3_4172,Var3_4173,Var3_4174,Var3_4175,Var3_4176,Var3_4177,Var3_4178,Var3_4179,Var3_4180,Var3_4181,Var3_4182,Var3_4183,Var3_4184,Var3_4185,Var3_4186,Var3_4187,Var3_4188,Var3_4189,Var3_4190,Var3_4191,Var3_4192,Var3_4193,Var3_4194,Var3_4195,Var3_4196,Var3_4197,Var3_4198,Var3_4199,Var3_4200,Var3_4201,Var3_4202,Var3_4203,Var3_4204,Var3_4205,Var3_4206,Var3_4207,Var3_4208,Var3_4209,Var3_4210,Var3_4211,Var3_4212,Var3_4213,Var3_4214,Var3_4215,Var3_4216,Var3_4217,Var3_4218,Var3_4219,Var3_4220,Var3_4221,Var3_4222,Var3_4223,Var3_4224,Var3_4225,Var3_4226,Var3_4227,Var3_4228,Var3_4229,Var3_4230,Var3_4231,Var3_4232,Var3_4233,Var3_4234,Var3_4235,Var3_4236,Var3_4237,Var3_4238,Var3_4239,Var3_4240,Var3_4241,Var3_4242,Var3_4243,Var3_4244,Var3_4245,Var3_4246,Var3_4247,Var3_4248,Var3_4249,Var3_4250,Var3_4251,Var3_4252,Var3_4253,Var3_4254,Var3_4255,Var3_4256,Var3_4257,Var3_4258,Var3_4259,Var3_4260,Var3_4261,Var3_4262,Var3_4263,Var3_4264,Var3_4265,Var3_4266,Var3_4267,Var3_4268,Var3_4269,Var3_4270,Var3_4271,Var3_4272,Var3_4273,Var3_4274,Var3_4275,Var3_4276,Var3_4277,Var3_4278,Var3_4279,Var3_4280,Var3_4281,Var3_4282,Var3_4283,Var3_4284,Var3_4285,Var3_4286,Var3_4287,Var3_4288,Var3_4289,Var3_4290,Var3_4291,Var3_4292,Var3_4293,Var3_4294,Var3_4295,Var3_4296,Var3_4297,Var3_4298,Var3_4299,Var3_4300,Var3_4301,Var3_4302,Var3_4303,Var3_4304,Var3_4305,Var3_4306,Var3_4307,Var3_4308,Var3_4309,Var3_4310,Var3_4311,Var3_4312,Var3_4313,Var3_4314,Var3_4315,Var3_4316,Var3_4317,Var3_4318,Var3_4319,Var3_4320,Var3_4321,Var3_4322,Var3_4323,Var3_4324,Var3_4325,Var3_4326,Var3_4327,Var3_4328,Var3_4329,Var3_4330,Var3_4331,Var3_4332,Var3_4333,Var3_4334,Var3_4335,Var3_4336,Var3_4337,Var3_4338,Var3_4339,Var3_4340,Var3_4341,Var3_4342,Var3_4343,Var3_4344,Var3_4345,Var3_4346,Var3_4347,Var3_4348,Var3_4349,Var3_4350,Var3_4351,Var3_4352,Var3_4353,Var3_4354,Var3_4355,Var3_4356,Var3_4357,Var3_4358,Var3_4359,Var3_4360,Var3_4361,Var3_4362,Var3_4363,Var3_4364,Var3_4365,Var3_4366,Var3_4367,Var3_4368,Var3_4369,Var3_4370,Var3_4371,Var3_4372,Var3_4373,Var3_4374,Var3_4375,Var3_4376,Var3_4377,Var3_4378,Var3_4379,Var3_4380,Var3_4381,Var3_4382,Var3_4383,Var3_4384,Var3_4385,Var3_4386,Var3_4387,Var3_4388,Var3_4389,Var3_4390,Var3_4391,Var3_4392,Var3_4393,Var3_4394,Var3_4395,Var3_4396,Var3_4397,Var3_4398,Var3_4399,Var3_4400,Var3_4401,Var3_4402,Var3_4403,Var3_4404,Var3_4405,Var3_4406,Var3_4407,Var3_4408,Var3_4409,Var3_4410,Var3_4411,Var3_4412,Var3_4413,Var3_4414,Var3_4415,Var3_4416,Var3_4417,Var3_4418,Var3_4419,Var3_4420,Var3_4421,Var3_4422,Var3_4423,Var3_4424,Var3_4425,Var3_4426,Var3_4427,Var3_4428,Var3_4429,Var3_4430,Var3_4431,Var3_4432,Var3_4433,Var3_4434,Var3_4435,Var3_4436,Var3_4437,Var3_4438,Var3_4439,Var3_4440,Var3_4441,Var3_4442,Var3_4443,Var3_4444,Var3_4445,Var3_4446,Var3_4447,Var3_4448,Var3_4449,Var3_4450,Var3_4451,Var3_4452,Var3_4453,Var3_4454,Var3_4455,Var3_4456,Var3_4457,Var3_4458,Var3_4459,Var3_4460,Var3_4461,Var3_4462,Var3_4463,Var3_4464,Var3_4465,Var3_4466,Var3_4467,Var3_4468,Var3_4469,Var3_4470,Var3_4471,Var3_4472,Var3_4473,Var3_4474,Var3_4475,Var3_4476,Var3_4477,Var3_4478,Var3_4479,Var3_4480,Var3_4481,Var3_4482,Var3_4483,Var3_4484,Var3_4485,Var3_4486,Var3_4487,Var3_4488,Var3_4489,Var3_4490,Var3_4491,Var3_4492,Var3_4493,Var3_4494,Var3_4495,Var3_4496,Var3_4497,Var3_4498,Var3_4499,Var3_4500,Var3_4501,Var3_4502,Var3_4503,Var3_4504,Var3_4505,Var3_4506,Var3_4507,Var3_4508,Var3_4509,Var3_4510,Var3_4511,Var3_4512,Var3_4513,Var3_4514,Var3_4515,Var3_4516,Var3_4517,Var3_4518,Var3_4519,Var3_4520,Var3_4521,Var3_4522,Var3_4523,Var3_4524,Var3_4525,Var3_4526,Var3_4527,Var3_4528,Var3_4529,Var3_4530,Var3_4531,Var3_4532,Var3_4533,Var3_4534,Var3_4535,Var3_4536,Var3_4537,Var3_4538,Var3_4539,Var3_4540,Var3_4541,Var3_4542,Var3_4543,Var3_4544,Var3_4545,Var3_4546,Var3_4547,Var3_4548,Var3_4549,Var3_4550,Var3_4551,Var3_4552,Var3_4553,Var3_4554,Var3_4555,Var3_4556,Var3_4557,Var3_4558,Var3_4559,Var3_4560,Var3_4561,Var3_4562,Var3_4563,Var3_4564,Var3_4565,Var3_4566,Var3_4567,Var3_4568,Var3_4569,Var3_4570,Var3_4571,Var3_4572,Var3_4573,Var3_4574,Var3_4575,Var3_4576,Var3_4577,Var3_4578,Var3_4579,Var3_4580,Var3_4581,Var3_4582,Var3_4583,Var3_4584,Var3_4585,Var3_4586,Var3_4587,Var3_4588,Var3_4589,Var3_4590,Var3_4591,Var3_4592,Var3_4593,Var3_4594,Var3_4595,Var3_4596,Var3_4597,Var3_4598,Var3_4599,Var3_4600,Var3_4601,Var3_4602,Var3_4603,Var3_4604,Var3_4605,Var3_4606,Var3_4607,Var3_4608,Var3_4609,Var3_4610,Var3_4611,Var3_4612,Var3_4613,Var3_4614,Var3_4615,Var3_4616,Var3_4617,Var3_4618,Var3_4619,Var3_4620,Var3_4621,Var3_4622,Var3_4623,Var3_4624,Var3_4625,Var3_4626,Var3_4627,Var3_4628,Var3_4629,Var3_4630,Var3_4631,Var3_4632,Var3_4633,Var3_4634,Var3_4635,Var3_4636,Var3_4637,Var3_4638,Var3_4639,Var3_4640,Var3_4641,Var3_4642,Var3_4643,Var3_4644,Var3_4645,Var3_4646,Var3_4647,Var3_4648,Var3_4649,Var3_4650,Var3_4651,Var3_4652,Var3_4653,Var3_4654,Var3_4655,Var3_4656,Var3_4657,Var3_4658,Var3_4659,Var3_4660,Var3_4661,Var3_4662,Var3_4663,Var3_4664,Var3_4665,Var3_4666,Var3_4667,Var3_4668,Var3_4669,Var3_4670,Var3_4671,Var3_4672,Var3_4673,Var3_4674,Var3_4675,Var3_4676,Var3_4677,Var3_4678,Var3_4679,Var3_4680,Var3_4681,Var3_4682,Var3_4683,Var3_4684,Var3_4685,Var3_4686,Var3_4687,Var3_4688,Var3_4689,Var3_4690,Var3_4691,Var3_4692,Var3_4693,Var3_4694,Var3_4695,Var3_4696,Var3_4697,Var3_4698,Var3_4699,Var3_4700,Var3_4701,Var3_4702,Var3_4703,Var3_4704,Var3_4705,Var3_4706,Var3_4707,Var3_4708,Var3_4709,Var3_4710,Var3_4711,Var3_4712,Var3_4713,Var3_4714,Var3_4715,Var3_4716,Var3_4717,Var3_4718,Var3_4719,Var3_4720,Var3_4721,Var3_4722,Var3_4723,Var3_4724,Var3_4725,Var3_4726,Var3_4727,Var3_4728,Var3_4729,Var3_4730,Var3_4731,Var3_4732,Var3_4733,Var3_4734,Var3_4735,Var3_4736,Var3_4737,Var3_4738,Var3_4739,Var3_4740,Var3_4741,Var3_4742,Var3_4743,Var3_4744,Var3_4745,Var3_4746,Var3_4747,Var3_4748,Var3_4749,Var3_4750,Var3_4751,Var3_4752,Var3_4753,Var3_4754,Var3_4755,Var3_4756,Var3_4757,Var3_4758,Var3_4759,Var3_4760,Var3_4761,Var3_4762,Var3_4763,Var3_4764,Var3_4765,Var3_4766,Var3_4767,Var3_4768,Var3_4769,Var3_4770,Var3_4771,Var3_4772,Var3_4773,Var3_4774,Var3_4775,Var3_4776,Var3_4777,Var3_4778,Var3_4779,Var3_4780,Var3_4781,Var3_4782,Var3_4783,Var3_4784,Var3_4785,Var3_4786,Var3_4787,Var3_4788,Var3_4789,Var3_4790,Var3_4791,Var3_4792,Var3_4793,Var3_4794,Var3_4795,Var3_4796,Var3_4797,Var3_4798,Var3_4799,Var3_4800,Var3_4801,Var3_4802,Var3_4803,Var3_4804,Var3_4805,Var3_4806,Var3_4807,Var3_4808,Var3_4809,Var3_4810,Var3_4811,Var3_4812,Var3_4813,Var3_4814,Var3_4815,Var3_4816,Var3_4817,Var3_4818,Var3_4819,Var3_4820,Var3_4821,Var3_4822,Var3_4823,Var3_4824,Var3_4825,Var3_4826,Var3_4827,Var3_4828,Var3_4829,Var3_4830,Var3_4831,Var3_4832,Var3_4833,Var3_4834,Var3_4835,Var3_4836,Var3_4837,Var3_4838,Var3_4839,Var3_4840,Var3_4841,Var3_4842,Var3_4843,Var3_4844,Var3_4845,Var3_4846,Var3_4847,Var3_4848,Var3_4849,Var3_4850,Var3_4851,Var3_4852,Var3_4853,Var3_4854,Var3_4855,Var3_4856,Var3_4857,Var3_4858,Var3_4859,Var3_4860,Var3_4861,Var3_4862,Var3_4863,Var3_4864,Var3_4865,Var3_4866,Var3_4867,Var3_4868,Var3_4869,Var3_4870,Var3_4871,Var3_4872,Var3_4873,Var3_4874,Var3_4875,Var3_4876,Var3_4877,Var3_4878,Var3_4879,Var3_4880,Var3_4881,Var3_4882,Var3_4883,Var3_4884,Var3_4885,Var3_4886,Var3_4887,Var3_4888,Var3_4889,Var3_4890,Var3_4891,Var3_4892,Var3_4893,Var3_4894,Var3_4895,Var3_4896,Var3_4897,Var3_4898,Var3_4899,Var3_4900,Var3_4901,Var3_4902,Var3_4903,Var3_4904,Var3_4905,Var3_4906,Var3_4907,Var3_4908,Var3_4909,Var3_4910,Var3_4911,Var3_4912,Var3_4913,Var3_4914,Var3_4915,Var3_4916,Var3_4917,Var3_4918,Var3_4919,Var3_4920,Var3_4921,Var3_4922,Var3_4923,Var3_4924,Var3_4925,Var3_4926,Var3_4927,Var3_4928,Var3_4929,Var3_4930,Var3_4931,Var3_4932,Var3_4933,Var3_4934,Var3_4935,Var3_4936,Var3_4937,Var3_4938,Var3_4939,Var3_4940,Var3_4941,Var3_4942,Var3_4943,Var3_4944,Var3_4945,Var3_4946,Var3_4947,Var3_4948,Var3_4949,Var3_4950,Var3_4951,Var3_4952,Var3_4953,Var3_4954,Var3_4955,Var3_4956,Var3_4957,Var3_4958,Var3_4959,Var3_4960,Var3_4961,Var3_4962,Var3_4963,Var3_4964,Var3_4965,Var3_4966,Var3_4967,Var3_4968,Var3_4969,Var3_4970,Var3_4971,Var3_4972,Var3_4973,Var3_4974,Var3_4975,Var3_4976,Var3_4977,Var3_4978,Var3_4979,Var3_4980,Var3_4981,Var3_4982,Var3_4983,Var3_4984,Var3_4985,Var3_4986,Var3_4987,Var3_4988,Var3_4989,Var3_4990,Var3_4991,Var3_4992,Var3_4993,Var3_4994,Var3_4995,Var3_4996,Var3_4997,Var3_4998,Var3_4999,Var3_5000,Var3_5001,Var3_5002,Var3_5003,Var3_5004,Var3_5005,Var3_5006,Var3_5007,Var3_5008,Var3_5009,Var3_5010,Var3_5011,Var3_5012,Var3_5013,Var3_5014,Var3_5015,Var3_5016,Var3_5017,Var3_5018,Var3_5019,Var3_5020,Var3_5021,Var3_5022,Var3_5023,Var3_5024,Var3_5025,Var3_5026,Var3_5027,Var3_5028,Var3_5029,Var3_5030,Var3_5031,Var3_5032,Var3_5033,Var3_5034,Var3_5035,Var3_5036,Var3_5037,Var3_5038,Var3_5039,Var3_5040,Var3_5041,Var3_5042,Var3_5043,Var3_5044,Var3_5045,Var3_5046,Var3_5047,Var3_5048,Var3_5049,Var3_5050,Var3_5051,Var3_5052,Var3_5053,Var3_5054,Var3_5055,Var3_5056,Var3_5057,Var3_5058,Var3_5059,Var3_5060,Var3_5061,Var3_5062,Var3_5063,Var3_5064,Var3_5065,Var3_5066,Var3_5067,Var3_5068,Var3_5069,Var3_5070,Var3_5071,Var3_5072,Var3_5073,Var3_5074,Var3_5075,Var3_5076,Var3_5077,Var3_5078,Var3_5079,Var3_5080,Var3_5081,Var3_5082,Var3_5083,Var3_5084,Var3_5085,Var3_5086,Var3_5087,Var3_5088,Var3_5089,Var3_5090,Var3_5091,Var3_5092,Var3_5093,Var3_5094,Var3_5095,Var3_5096,Var3_5097,Var3_5098,Var3_5099,Var3_5100,Var3_5101,Var3_5102,Var3_5103,Var3_5104,Var3_5105,Var3_5106,Var3_5107,Var3_5108,Var3_5109,Var3_5110,Var3_5111,Var3_5112,Var3_5113,Var3_5114,Var3_5115,Var3_5116,Var3_5117,Var3_5118,Var3_5119,Var3_5120,Var3_5121,Var3_5122,Var3_5123,Var3_5124,Var3_5125,Var3_5126,Var3_5127,Var3_5128,Var3_5129,Var3_5130,Var3_5131,Var3_5132,Var3_5133,Var3_5134,Var3_5135,Var3_5136,Var3_5137,Var3_5138,Var3_5139,Var3_5140,Var3_5141,Var3_5142,Var3_5143,Var3_5144,Var3_5145,Var3_5146,Var3_5147,Var3_5148,Var3_5149,Var3_5150,Var3_5151,Var3_5152,Var3_5153,Var3_5154,Var3_5155,Var3_5156,Var3_5157,Var3_5158,Var3_5159,Var3_5160,Var3_5161,Var3_5162,Var3_5163,Var3_5164,Var3_5165,Var3_5166,Var3_5167,Var3_5168,Var3_5169,Var3_5170,Var3_5171,Var3_5172,Var3_5173,Var3_5174,Var3_5175,Var3_5176,Var3_5177,Var3_5178,Var3_5179,Var3_5180,Var3_5181,Var3_5182,Var3_5183,Var3_5184,Var3_5185,Var3_5186,Var3_5187,Var3_5188,Var3_5189,Var3_5190,Var3_5191,Var3_5192,Var3_5193,Var3_5194,Var3_5195,Var3_5196,Var3_5197,Var3_5198,Var3_5199,Var3_5200,Var3_5201,Var3_5202,Var3_5203,Var3_5204,Var3_5205,Var3_5206,Var3_5207,Var3_5208,Var3_5209,Var3_5210,Var3_5211,Var3_5212,Var3_5213,Var3_5214,Var3_5215,Var3_5216,Var3_5217,Var3_5218,Var3_5219,Var3_5220,Var3_5221,Var3_5222,Var3_5223,Var3_5224,Var3_5225,Var3_5226,Var3_5227,Var3_5228,Var3_5229,Var3_5230,Var3_5231,Var3_5232,Var3_5233,Var3_5234,Var3_5235,Var3_5236,Var3_5237,Var3_5238,Var3_5239,Var3_5240,Var3_5241,Var3_5242,Var3_5243,Var3_5244,Var3_5245,Var3_5246,Var3_5247,Var3_5248,Var3_5249,Var3_5250,Var3_5251,Var3_5252,Var3_5253,Var3_5254,Var3_5255,Var3_5256,Var3_5257,Var3_5258,Var3_5259,Var3_5260,Var3_5261,Var3_5262,Var3_5263,Var3_5264,Var3_5265,Var3_5266,Var3_5267,Var3_5268,Var3_5269,Var3_5270,Var3_5271,Var3_5272,Var3_5273,Var3_5274,Var3_5275,Var3_5276,Var3_5277,Var3_5278,Var3_5279,Var3_5280,Var3_5281,Var3_5282,Var3_5283,Var3_5284,Var3_5285,Var3_5286,Var3_5287,Var3_5288,Var3_5289,Var3_5290,Var3_5291,Var3_5292,Var3_5293,Var3_5294,Var3_5295,Var3_5296,Var3_5297,Var3_5298,Var3_5299,Var3_5300,Var3_5301,Var3_5302,Var3_5303,Var3_5304,Var3_5305,Var3_5306,Var3_5307,Var3_5308,Var3_5309,Var3_5310,Var3_5311,Var3_5312,Var3_5313,Var3_5314,Var3_5315,Var3_5316,Var3_5317,Var3_5318,Var3_5319,Var3_5320,Var3_5321,Var3_5322,Var3_5323,Var3_5324,Var3_5325,Var3_5326,Var3_5327,Var3_5328,Var3_5329,Var3_5330,Var3_5331,Var3_5332,Var3_5333,Var3_5334,Var3_5335,Var3_5336,Var3_5337,Var3_5338,Var3_5339,Var3_5340,Var3_5341,Var3_5342,Var3_5343,Var3_5344,Var3_5345,Var3_5346,Var3_5347,Var3_5348,Var3_5349,Var3_5350,Var3_5351,Var3_5352,Var3_5353,Var3_5354,Var3_5355,Var3_5356,Var3_5357,Var3_5358,Var3_5359,Var3_5360,Var3_5361,Var3_5362,Var3_5363,Var3_5364,Var3_5365,Var3_5366,Var3_5367,Var3_5368,Var3_5369,Var3_5370,Var3_5371,Var3_5372,Var3_5373,Var3_5374,Var3_5375,Var3_5376,Var3_5377,Var3_5378,Var3_5379,Var3_5380,Var3_5381,Var3_5382,Var3_5383,Var3_5384,Var3_5385,Var3_5386,Var3_5387,Var3_5388,Var3_5389,Var3_5390,Var3_5391,Var3_5392,Var3_5393,Var3_5394,Var3_5395,Var3_5396,Var3_5397,Var3_5398,Var3_5399,Var3_5400,Var3_5401,Var3_5402,Var3_5403,Var3_5404,Var3_5405,Var3_5406,Var3_5407,Var3_5408,Var3_5409,Var3_5410,Var3_5411,Var3_5412,Var3_5413,Var3_5414,Var3_5415,Var3_5416,Var3_5417,Var3_5418,Var3_5419,Var3_5420,Var3_5421,Var3_5422,Var3_5423,Var3_5424,Var3_5425,Var3_5426,Var3_5427,Var3_5428,Var3_5429,Var3_5430,Var3_5431,Var3_5432,Var3_5433,Var3_5434,Var3_5435,Var3_5436,Var3_5437,Var3_5438,Var3_5439,Var3_5440,Var3_5441,Var3_5442,Var3_5443,Var3_5444,Var3_5445,Var3_5446,Var3_5447,Var3_5448,Var3_5449,Var3_5450,Var3_5451,Var3_5452,Var3_5453,Var3_5454,Var3_5455,Var3_5456,Var3_5457,Var3_5458,Var3_5459,Var3_5460,Var3_5461,Var3_5462,Var3_5463,Var3_5464,Var3_5465,Var3_5466,Var3_5467,Var3_5468,Var3_5469,Var3_5470,Var3_5471,Var3_5472,Var3_5473,Var3_5474,Var3_5475,Var3_5476,Var3_5477,Var3_5478,Var3_5479,Var3_5480,Var3_5481,Var3_5482,Var3_5483,Var3_5484,Var3_5485,Var3_5486,Var3_5487,Var3_5488,Var3_5489,Var3_5490,Var3_5491,Var3_5492,Var3_5493,Var3_5494,Var3_5495,Var3_5496,Var3_5497,Var3_5498,Var3_5499,Var3_5500,Var3_5501,Var3_5502,Var3_5503,Var3_5504,Var3_5505,Var3_5506,Var3_5507,Var3_5508,Var3_5509,Var3_5510,Var3_5511,Var3_5512,Var3_5513,Var3_5514,Var3_5515,Var3_5516,Var3_5517,Var3_5518,Var3_5519,Var3_5520,Var3_5521,Var3_5522,Var3_5523,Var3_5524,Var3_5525,Var3_5526,Var3_5527,Var3_5528,Var3_5529,Var3_5530,Var3_5531,Var3_5532,Var3_5533,Var3_5534,Var3_5535,Var3_5536,Var3_5537,Var3_5538,Var3_5539,Var3_5540,Var3_5541,Var3_5542,Var3_5543,Var3_5544,Var3_5545,Var3_5546,Var3_5547,Var3_5548,Var3_5549,Var3_5550,Var3_5551,Var3_5552,Var3_5553,Var3_5554,Var3_5555,Var3_5556,Var3_5557,Var3_5558,Var3_5559,Var3_5560,Var3_5561,Var3_5562,Var3_5563,Var3_5564,Var3_5565,Var3_5566,Var3_5567,Var3_5568,Var3_5569,Var3_5570,Var3_5571,Var3_5572,Var3_5573,Var3_5574,Var3_5575,Var3_5576,Var3_5577,Var3_5578,Var3_5579,Var3_5580,Var3_5581,Var3_5582,Var3_5583,Var3_5584,Var3_5585,Var3_5586,Var3_5587,Var3_5588,Var3_5589,Var3_5590,Var3_5591,Var3_5592,Var3_5593,Var3_5594,Var3_5595,Var3_5596,Var3_5597,Var3_5598,Var3_5599,Var3_5600,Var3_5601,Var3_5602,Var3_5603,Var3_5604,Var3_5605,Var3_5606,Var3_5607,Var3_5608,Var3_5609,Var3_5610,Var3_5611,Var3_5612,Var3_5613,Var3_5614,Var3_5615,Var3_5616,Var3_5617,Var3_5618,Var3_5619,Var3_5620,Var3_5621,Var3_5622,Var3_5623,Var3_5624,Var3_5625,Var3_5626,Var3_5627,Var3_5628,Var3_5629,Var3_5630,Var3_5631,Var3_5632,Var3_5633,Var3_5634,Var3_5635,Var3_5636,Var3_5637,Var3_5638,Var3_5639,Var3_5640,Var3_5641,Var3_5642,Var3_5643,Var3_5644,Var3_5645,Var3_5646,Var3_5647,Var3_5648,Var3_5649,Var3_5650,Var3_5651,Var3_5652,Var3_5653,Var3_5654,Var3_5655,Var3_5656,Var3_5657,Var3_5658,Var3_5659,Var3_5660,Var3_5661,Var3_5662,Var3_5663,Var3_5664,Var3_5665,Var3_5666,Var3_5667,Var3_5668,Var3_5669,Var3_5670,Var3_5671,Var3_5672,Var3_5673,Var3_5674,Var3_5675,Var3_5676,Var3_5677,Var3_5678,Var3_5679,Var3_5680,Var3_5681,Var3_5682,Var3_5683,Var3_5684,Var3_5685,Var3_5686,Var3_5687,Var3_5688,Var3_5689,Var3_5690,Var3_5691,Var3_5692,Var3_5693,Var3_5694,Var3_5695,Var3_5696,Var3_5697,Var3_5698,Var3_5699,Var3_5700,Var3_5701,Var3_5702,Var3_5703,Var3_5704,Var3_5705,Var3_5706,Var3_5707,Var3_5708,Var3_5709,Var3_5710,Var3_5711,Var3_5712,Var3_5713,Var3_5714,Var3_5715,Var3_5716,Var3_5717,Var3_5718,Var3_5719,Var3_5720,Var3_5721,Var3_5722,Var3_5723,Var3_5724,Var3_5725,Var3_5726,Var3_5727,Var3_5728,Var3_5729,Var3_5730,Var3_5731,Var3_5732,Var3_5733,Var3_5734,Var3_5735,Var3_5736,Var3_5737,Var3_5738,Var3_5739,Var3_5740,Var3_5741,Var3_5742,Var3_5743,Var3_5744,Var3_5745,Var3_5746,Var3_5747,Var3_5748,Var3_5749,Var3_5750,Var3_5751,Var3_5752,Var3_5753,Var3_5754,Var3_5755,Var3_5756,Var3_5757,Var3_5758,Var3_5759,Var3_5760,Var3_5761,Var3_5762,Var3_5763,Var3_5764,Var3_5765,Var3_5766,Var3_5767,Var3_5768,Var3_5769,Var3_5770,Var3_5771,Var3_5772,Var3_5773,Var3_5774,Var3_5775,Var3_5776,Var3_5777,Var3_5778,Var3_5779,Var3_5780,Var3_5781,Var3_5782,Var3_5783,Var3_5784,Var3_5785,Var3_5786,Var3_5787,Var3_5788,Var3_5789,Var3_5790,Var3_5791,Var3_5792,Var3_5793,Var3_5794,Var3_5795,Var3_5796,Var3_5797,Var3_5798,Var3_5799,Var3_5800,Var3_5801,Var3_5802,Var3_5803,Var3_5804,Var3_5805,Var3_5806,Var3_5807,Var3_5808,Var3_5809,Var3_5810,Var3_5811,Var3_5812,Var3_5813,Var3_5814,Var3_5815,Var3_5816,Var3_5817,Var3_5818,Var3_5819,Var3_5820,Var3_5821,Var3_5822,Var3_5823,Var3_5824,Var3_5825,Var3_5826,Var3_5827,Var3_5828,Var3_5829,Var3_5830,Var3_5831,Var3_5832,Var3_5833,Var3_5834,Var3_5835,Var3_5836,Var3_5837,Var3_5838,Var3_5839,Var3_5840,Var3_5841,Var3_5842,Var3_5843,Var3_5844,Var3_5845,Var3_5846,Var3_5847,Var3_5848,Var3_5849,Var3_5850,Var3_5851,Var3_5852,Var3_5853,Var3_5854,Var3_5855,Var3_5856,Var3_5857,Var3_5858,Var3_5859,Var3_5860,Var3_5861,Var3_5862,Var3_5863,Var3_5864,Var3_5865,Var3_5866,Var3_5867,Var3_5868,Var3_5869,Var3_5870,Var3_5871,Var3_5872,Var3_5873,Var3_5874,Var3_5875,Var3_5876,Var3_5877,Var3_5878,Var3_5879,Var3_5880,Var3_5881,Var3_5882,Var3_5883,Var3_5884,Var3_5885,Var3_5886,Var3_5887,Var3_5888,Var3_5889,Var3_5890,Var3_5891,Var3_5892,Var3_5893,Var3_5894,Var3_5895,Var3_5896,Var3_5897,Var3_5898,Var3_5899,Var3_5900,Var3_5901,Var3_5902,Var3_5903,Var3_5904,Var3_5905,Var3_5906,Var3_5907,Var3_5908,Var3_5909,Var3_5910,Var3_5911,Var3_5912,Var3_5913,Var3_5914,Var3_5915,Var3_5916,Var3_5917,Var3_5918,Var3_5919,Var3_5920,Var3_5921,Var3_5922,Var3_5923,Var3_5924,Var3_5925,Var3_5926,Var3_5927,Var3_5928,Var3_5929,Var3_5930,Var3_5931,Var3_5932,Var3_5933,Var3_5934,Var3_5935,Var3_5936,Var3_5937,Var3_5938,Var3_5939,Var3_5940,Var3_5941,Var3_5942,Var3_5943,Var3_5944,Var3_5945,Var3_5946,Var3_5947,Var3_5948,Var3_5949,Var3_5950,Var3_5951,Var3_5952,Var3_5953,Var3_5954,Var3_5955,Var3_5956,Var3_5957,Var3_5958,Var3_5959,Var3_5960,Var3_5961,Var3_5962,Var3_5963,Var3_5964,Var3_5965,Var3_5966,Var3_5967,Var3_5968,Var3_5969,Var3_5970,Var3_5971,Var3_5972,Var3_5973,Var3_5974,Var3_5975,Var3_5976,Var3_5977,Var3_5978,Var3_5979,Var3_5980,Var3_5981,Var3_5982,Var3_5983,Var3_5984,Var3_5985,Var3_5986,Var3_5987,Var3_5988,Var3_5989,Var3_5990,Var3_5991,Var3_5992,Var3_5993,Var3_5994,Var3_5995,Var3_5996,Var3_5997,Var3_5998,Var3_5999,Var3_6000,Var3_6001,Var3_6002,Var3_6003,Var3_6004,Var3_6005,Var3_6006,Var3_6007,Var3_6008,Var3_6009,Var3_6010,Var3_6011,Var3_6012,Var3_6013,Var3_6014,Var3_6015,Var3_6016,Var3_6017,Var3_6018,Var3_6019,Var3_6020,Var3_6021,Var3_6022,Var3_6023,Var3_6024,Var3_6025,Var3_6026,Var3_6027,Var3_6028,Var3_6029,Var3_6030,Var3_6031,Var3_6032,Var3_6033,Var3_6034,Var3_6035,Var3_6036,Var3_6037,Var3_6038,Var3_6039,Var3_6040,Var3_6041,Var3_6042,Var3_6043,Var3_6044,Var3_6045,Var3_6046,Var3_6047,Var3_6048,Var3_6049,Var3_6050,Var3_6051,Var3_6052,Var3_6053,Var3_6054,Var3_6055,Var3_6056,Var3_6057,Var3_6058,Var3_6059,Var3_6060,Var3_6061,Var3_6062,Var3_6063,Var3_6064,Var3_6065,Var3_6066,Var3_6067,Var3_6068,Var3_6069,Var3_6070,Var3_6071,Var3_6072,Var3_6073,Var3_6074,Var3_6075,Var3_6076,Var3_6077,Var3_6078,Var3_6079,Var3_6080,Var3_6081,Var3_6082,Var3_6083,Var3_6084,Var3_6085,Var3_6086,Var3_6087,Var3_6088,Var3_6089,Var3_6090,Var3_6091,Var3_6092,Var3_6093,Var3_6094,Var3_6095,Var3_6096,Var3_6097,Var3_6098,Var3_6099,Var3_6100,Var3_6101,Var3_6102,Var3_6103,Var3_6104,Var3_6105,Var3_6106,Var3_6107,Var3_6108,Var3_6109,Var3_6110,Var3_6111,Var3_6112,Var3_6113,Var3_6114,Var3_6115,Var3_6116,Var3_6117,Var3_6118,Var3_6119,Var3_6120,Var3_6121,Var3_6122,Var3_6123,Var3_6124,Var3_6125,Var3_6126,Var3_6127,Var3_6128,Var3_6129,Var3_6130,Var3_6131,Var3_6132,Var3_6133,Var3_6134,Var3_6135,Var3_6136,Var3_6137,Var3_6138,Var3_6139,Var3_6140,Var3_6141,Var3_6142,Var3_6143,Var3_6144,Var3_6145,Var3_6146,Var3_6147,Var3_6148,Var3_6149,Var3_6150,Var3_6151,Var3_6152,Var3_6153,Var3_6154,Var3_6155,Var3_6156,Var3_6157,Var3_6158,Var3_6159,Var3_6160,Var3_6161,Var3_6162,Var3_6163,Var3_6164,Var3_6165,Var3_6166,Var3_6167,Var3_6168,Var3_6169,Var3_6170,Var3_6171,Var3_6172,Var3_6173,Var3_6174,Var3_6175,Var3_6176,Var3_6177,Var3_6178,Var3_6179,Var3_6180,Var3_6181,Var3_6182,Var3_6183,Var3_6184,Var3_6185,Var3_6186,Var3_6187,Var3_6188,Var3_6189,Var3_6190,Var3_6191,Var3_6192,Var3_6193,Var3_6194,Var3_6195,Var3_6196,Var3_6197,Var3_6198,Var3_6199,Var3_6200,Var3_6201,Var3_6202,Var3_6203,Var3_6204,Var3_6205,Var3_6206,Var3_6207,Var3_6208,Var3_6209,Var3_6210,Var3_6211,Var3_6212,Var3_6213,Var3_6214,Var3_6215,Var3_6216,Var3_6217,Var3_6218,Var3_6219,Var3_6220,Var3_6221,Var3_6222,Var3_6223,Var3_6224,Var3_6225,Var3_6226,Var3_6227,Var3_6228,Var3_6229,Var3_6230,Var3_6231,Var3_6232,Var3_6233,Var3_6234,Var3_6235,Var3_6236,Var3_6237,Var3_6238,Var3_6239,Var3_6240,Var3_6241,Var3_6242,Var3_6243,Var3_6244,Var3_6245,Var3_6246,Var3_6247,Var3_6248,Var3_6249,Var3_6250,Var3_6251,Var3_6252,Var3_6253,Var3_6254,Var3_6255,Var3_6256,Var3_6257,Var3_6258,Var3_6259,Var3_6260,Var3_6261,Var3_6262,Var3_6263,Var3_6264,Var3_6265,Var3_6266,Var3_6267,Var3_6268,Var3_6269,Var3_6270,Var3_6271,Var3_6272,Var3_6273,Var3_6274,Var3_6275,Var3_6276,Var3_6277,Var3_6278,Var3_6279,Var3_6280,Var3_6281,Var3_6282,Var3_6283,Var3_6284,Var3_6285,Var3_6286,Var3_6287,Var3_6288,Var3_6289,Var3_6290,Var3_6291,Var3_6292,Var3_6293,Var3_6294,Var3_6295,Var3_6296,Var3_6297,Var3_6298,Var3_6299,Var3_6300,Var3_6301,Var3_6302,Var3_6303,Var3_6304,Var3_6305,Var3_6306,Var3_6307,Var3_6308,Var3_6309,Var3_6310,Var3_6311,Var3_6312,Var3_6313,Var3_6314,Var3_6315,Var3_6316,Var3_6317,Var3_6318,Var3_6319,Var3_6320,Var3_6321,Var3_6322,Var3_6323,Var3_6324,Var3_6325,Var3_6326,Var3_6327,Var3_6328,Var3_6329,Var3_6330,Var3_6331,Var3_6332,Var3_6333,Var3_6334,Var3_6335,Var3_6336,Var3_6337,Var3_6338,Var3_6339,Var3_6340,Var3_6341,Var3_6342,Var3_6343,Var3_6344,Var3_6345,Var3_6346,Var3_6347,Var3_6348,Var3_6349,Var3_6350,Var3_6351,Var3_6352,Var3_6353,Var3_6354,Var3_6355,Var3_6356,Var3_6357,Var3_6358,Var3_6359,Var3_6360,Var3_6361,Var3_6362,Var3_6363,Var3_6364,Var3_6365,Var3_6366,Var3_6367,Var3_6368,Var3_6369,Var3_6370,Var3_6371,Var3_6372,Var3_6373,Var3_6374,Var3_6375,Var3_6376,Var3_6377,Var3_6378,Var3_6379,Var3_6380,Var3_6381,Var3_6382,Var3_6383,Var3_6384,Var3_6385,Var3_6386,Var3_6387,Var3_6388,Var3_6389,Var3_6390,Var3_6391,Var3_6392,Var3_6393,Var3_6394,Var3_6395,Var3_6396,Var3_6397,Var3_6398,Var3_6399,Var3_6400,Var3_6401,Var3_6402,Var3_6403,Var3_6404,Var3_6405,Var3_6406,Var3_6407,Var3_6408,Var3_6409,Var3_6410,Var3_6411,Var3_6412,Var3_6413,Var3_6414,Var3_6415,Var3_6416,Var3_6417,Var3_6418,Var3_6419,Var3_6420,Var3_6421,Var3_6422,Var3_6423,Var3_6424,Var3_6425,Var3_6426,Var3_6427,Var3_6428,Var3_6429,Var3_6430,Var3_6431,Var3_6432,Var3_6433,Var3_6434,Var3_6435,Var3_6436,Var3_6437,Var3_6438,Var3_6439,Var3_6440,Var3_6441,Var3_6442,Var3_6443,Var3_6444,Var3_6445,Var3_6446,Var3_6447,Var3_6448,Var3_6449,Var3_6450,Var3_6451,Var3_6452,Var3_6453,Var3_6454,Var3_6455,Var3_6456,Var3_6457,Var3_6458,Var3_6459,Var3_6460,Var3_6461,Var3_6462,Var3_6463,Var3_6464,Var3_6465,Var3_6466,Var3_6467,Var3_6468,Var3_6469,Var3_6470,Var3_6471,Var3_6472,Var3_6473,Var3_6474,Var3_6475,Var3_6476,Var3_6477,Var3_6478,Var3_6479,Var3_6480,Var3_6481,Var3_6482,Var3_6483,Var3_6484,Var3_6485,Var3_6486,Var3_6487,Var3_6488,Var3_6489,Var3_6490,Var3_6491,Var3_6492,Var3_6493,Var3_6494,Var3_6495,Var3_6496,Var3_6497,Var3_6498,Var3_6499,Var3_6500,Var3_6501,Var3_6502,Var3_6503,Var3_6504,Var3_6505,Var3_6506,Var3_6507,Var3_6508,Var3_6509,Var3_6510,Var3_6511,Var3_6512,Var3_6513,Var3_6514,Var3_6515,Var3_6516,Var3_6517,Var3_6518,Var3_6519,Var3_6520,Var3_6521,Var3_6522,Var3_6523,Var3_6524,Var3_6525,Var3_6526,Var3_6527,Var3_6528,Var3_6529,Var3_6530,Var3_6531,Var3_6532,Var3_6533,Var3_6534,Var3_6535,Var3_6536,Var3_6537,Var3_6538,Var3_6539,Var3_6540,Var3_6541,Var3_6542,Var3_6543,Var3_6544,Var3_6545,Var3_6546,Var3_6547,Var3_6548,Var3_6549,Var3_6550,Var3_6551,Var3_6552,Var3_6553,Var3_6554,Var3_6555,Var3_6556,Var3_6557,Var3_6558,Var3_6559,Var3_6560,Var3_6561,Var3_6562,Var3_6563,Var3_6564,Var3_6565,Var3_6566,Var3_6567,Var3_6568,Var3_6569,Var3_6570,Var3_6571,Var3_6572,Var3_6573,Var3_6574,Var3_6575,Var3_6576,Var3_6577,Var3_6578,Var3_6579,Var3_6580,Var3_6581,Var3_6582,Var3_6583,Var3_6584,Var3_6585,Var3_6586,Var3_6587,Var3_6588,Var3_6589,Var3_6590,Var3_6591,Var3_6592,Var3_6593,Var3_6594,Var3_6595,Var3_6596,Var3_6597,Var3_6598,Var3_6599,Var3_6600,Var3_6601,Var3_6602,Var3_6603,Var3_6604,Var3_6605,Var3_6606,Var3_6607,Var3_6608,Var3_6609,Var3_6610,Var3_6611,Var3_6612,Var3_6613,Var3_6614,Var3_6615,Var3_6616,Var3_6617,Var3_6618,Var3_6619,Var3_6620,Var3_6621,Var3_6622,Var3_6623,Var3_6624,Var3_6625,Var3_6626,Var3_6627,Var3_6628,Var3_6629,Var3_6630,Var3_6631,Var3_6632,Var3_6633,Var3_6634,Var3_6635,Var3_6636,Var3_6637,Var3_6638,Var3_6639,Var3_6640,Var3_6641,Var3_6642,Var3_6643,Var3_6644,Var3_6645,Var3_6646,Var3_6647,Var3_6648,Var3_6649,Var3_6650,Var3_6651,Var3_6652,Var3_6653,Var3_6654,Var3_6655,Var3_6656,Var3_6657,Var3_6658,Var3_6659,Var3_6660,Var3_6661,Var3_6662,Var3_6663,Var3_6664,Var3_6665,Var3_6666,Var3_6667,Var3_6668,Var3_6669,Var3_6670,Var3_6671,Var3_6672,Var3_6673,Var3_6674,Var3_6675,Var3_6676,Var3_6677,Var3_6678,Var3_6679,Var3_6680,Var3_6681,Var3_6682,Var3_6683,Var3_6684,Var3_6685,Var3_6686,Var3_6687,Var3_6688,Var3_6689,Var3_6690,Var3_6691,Var3_6692,Var3_6693,Var3_6694,Var3_6695,Var3_6696,Var3_6697,Var3_6698,Var3_6699,Var3_6700,Var3_6701,Var3_6702,Var3_6703,Var3_6704,Var3_6705,Var3_6706,Var3_6707,Var3_6708,Var3_6709,Var3_6710,Var3_6711,Var3_6712,Var3_6713,Var3_6714,Var3_6715,Var3_6716,Var3_6717,Var3_6718,Var3_6719,Var3_6720,Var3_6721,Var3_6722,Var3_6723,Var3_6724,Var3_6725,Var3_6726,Var3_6727,Var3_6728,Var3_6729,Var3_6730,Var3_6731,Var3_6732,Var3_6733,Var3_6734,Var3_6735,Var3_6736,Var3_6737,Var3_6738,Var3_6739,Var3_6740,Var3_6741,Var3_6742,Var3_6743,Var3_6744,Var3_6745,Var3_6746,Var3_6747,Var3_6748,Var3_6749,Var3_6750,Var3_6751,Var3_6752,Var3_6753,Var3_6754,Var3_6755,Var3_6756,Var3_6757,Var3_6758,Var3_6759,Var3_6760,Var3_6761,Var3_6762,Var3_6763,Var3_6764,Var3_6765,Var3_6766,Var3_6767,Var3_6768,Var3_6769,Var3_6770,Var3_6771,Var3_6772,Var3_6773,Var3_6774,Var3_6775,Var3_6776,Var3_6777,Var3_6778,Var3_6779,Var3_6780,Var3_6781,Var3_6782,Var3_6783,Var3_6784,Var3_6785,Var3_6786,Var3_6787,Var3_6788,Var3_6789,Var3_6790,Var3_6791,Var3_6792,Var3_6793,Var3_6794,Var3_6795,Var3_6796,Var3_6797,Var3_6798,Var3_6799,Var3_6800,Var3_6801,Var3_6802,Var3_6803,Var3_6804,Var3_6805,Var3_6806,Var3_6807,Var3_6808,Var3_6809,Var3_6810,Var3_6811,Var3_6812,Var3_6813,Var3_6814,Var3_6815,Var3_6816,Var3_6817,Var3_6818,Var3_6819,Var3_6820,Var3_6821,Var3_6822,Var3_6823,Var3_6824,Var3_6825,Var3_6826,Var3_6827,Var3_6828,Var3_6829,Var3_6830,Var3_6831,Var3_6832,Var3_6833,Var3_6834,Var3_6835,Var3_6836,Var3_6837,Var3_6838,Var3_6839,Var3_6840,Var3_6841,Var3_6842,Var3_6843,Var3_6844,Var3_6845,Var3_6846,Var3_6847,Var3_6848,Var3_6849,Var3_6850,Var3_6851,Var3_6852,Var3_6853,Var3_6854,Var3_6855,Var3_6856,Var3_6857,Var3_6858,Var3_6859,Var3_6860,Var3_6861,Var3_6862,Var3_6863,Var3_6864,Var3_6865,Var3_6866,Var3_6867,Var3_6868,Var3_6869,Var3_6870,Var3_6871,Var3_6872,Var3_6873,Var3_6874,Var3_6875,Var3_6876,Var3_6877,Var3_6878,Var3_6879,Var3_6880,Var3_6881,Var3_6882,Var3_6883,Var3_6884,Var3_6885,Var3_6886,Var3_6887,Var3_6888,Var3_6889,Var3_6890,Var3_6891,Var3_6892,Var3_6893,Var3_6894,Var3_6895,Var3_6896,Var3_6897,Var3_6898,Var3_6899,Var3_6900,Var3_6901,Var3_6902,Var3_6903,Var3_6904,Var3_6905,Var3_6906,Var3_6907,Var3_6908,Var3_6909,Var3_6910,Var3_6911,Var3_6912,Var3_6913,Var3_6914,Var3_6915,Var3_6916,Var3_6917,Var3_6918,Var3_6919,Var3_6920,Var3_6921,Var3_6922,Var3_6923,Var3_6924,Var3_6925,Var3_6926,Var3_6927,Var3_6928,Var3_6929,Var3_6930,Var3_6931,Var3_6932,Var3_6933,Var3_6934,Var3_6935,Var3_6936,Var3_6937,Var3_6938,Var3_6939,Var3_6940,Var3_6941,Var3_6942,Var3_6943,Var3_6944,Var3_6945,Var3_6946,Var3_6947,Var3_6948,Var3_6949,Var3_6950,Var3_6951,Var3_6952,Var3_6953,Var3_6954,Var3_6955,Var3_6956,Var3_6957,Var3_6958,Var3_6959,Var3_6960,Var3_6961,Var3_6962,Var3_6963,Var3_6964,Var3_6965,Var3_6966,Var3_6967,Var3_6968,Var3_6969,Var3_6970,Var3_6971,Var3_6972,Var3_6973,Var3_6974,Var3_6975,Var3_6976,Var3_6977,Var3_6978,Var3_6979,Var3_6980,Var3_6981,Var3_6982,Var3_6983,Var3_6984,Var3_6985,Var3_6986,Var3_6987,Var3_6988,Var3_6989,Var3_6990,Var3_6991,Var3_6992,Var3_6993,Var3_6994,Var3_6995,Var3_6996,Var3_6997,Var3_6998,Var3_6999,Var3_7000,Var3_7001
time,0.0,0.0,0.00019999999494757503,0.00039999998989515007,0.0005999999993946403,0.0007999999943422154,0.0010000000038417056,0.0011999999987892807,0.0013999999937368557,0.001600000003236346,0.001799999998183921,0.001999999993131496,0.0022000000026309863,0.0023999999975785613,0.0025999999925261363,0.0028000000020256266,0.0029999999969732016,0.0031999999919207767,0.003400000001420267,0.003599999996367842,0.003799999991315417,0.004000000000814907,0.004199999995762482,0.004399999990710057,0.004600000000209548,0.004799999995157123,0.004999999990104698,0.005199999999604188,0.005399999994551763,0.005600000004051253,0.005799999998998828,0.005999999993946403,0.0062000000034458935,0.0063999999983934686,0.006599999993341044,0.006800000002840534,0.006999999997788109,0.007199999992735684,0.007400000002235174,0.007599999997182749,0.007799999992130324,0.008000000001629815,0.00819999999657739,0.008399999991524965,0.008600000001024455,0.00879999999597203,0.008999999990919605,0.009200000000419095,0.00939999999536667,0.009599999990314245,0.009799999999813735,0.00999999999476131,0.0102000000042608,0.010399999999208376,0.01059999999415595,0.010800000003655441,0.010999999998603016,0.011199999993550591,0.011400000003050081,0.011599999997997656,0.011799999992945231,0.012000000002444722,0.012199999997392297,0.012399999992339872,0.012600000001839362,0.012799999996786937,0.012999999991734512,0.013200000001234002,0.013399999996181577,0.013599999991129152,0.013800000000628643,0.013999999995576218,0.014199999990523793,0.014400000000023283,0.014599999994970858,0.014799999989918433,0.014999999999417923,0.015199999994365498,0.015400000003864989,0.015599999998812564,0.01579999999376014,0.01600000000325963,0.016199999998207204,0.01639999999315478,0.01660000000265427,0.016799999997601844,0.01699999999254942,0.01720000000204891,0.017399999996996485,0.01759999999194406,0.01780000000144355,0.017999999996391125,0.0181999999913387,0.01840000000083819,0.018599999995785765,0.01879999999073334,0.01900000000023283,0.019199999995180406,0.01939999999012798,0.01959999999962747,0.019799999994575046,0.020000000004074536,0.02019999999902211,0.020399999993969686,0.020600000003469177,0.02079999999841675,0.020999999993364327,0.021200000002863817,0.021399999997811392,0.021599999992758967,0.021800000002258457,0.021999999997206032,0.022199999992153607,0.022400000001653098,0.022599999996600673,0.022799999991548248,0.023000000001047738,0.023199999995995313,0.023399999990942888,0.023600000000442378,0.023799999995389953,0.02399999999033753,0.02419999999983702,0.024399999994784594,0.024600000004284084,0.02479999999923166,0.024999999994179234,0.025200000003678724,0.0253999999986263,0.025599999993573874,0.025800000003073364,0.02599999999802094,0.026199999992968515,0.026400000002468005,0.02659999999741558,0.026799999992363155,0.027000000001862645,0.02719999999681022,0.027399999991757795,0.027600000001257285,0.02779999999620486,0.027999999991152436,0.028200000000651926,0.0283999999955995,0.028599999990547076,0.028800000000046566,0.02899999999499414,0.029199999989941716,0.029399999999441206,0.02959999999438878,0.029800000003888272,0.029999999998835847,0.030199999993783422,0.030400000003282912,0.030599999998230487,0.030799999993178062,0.031000000002677552,0.031199999997625127,0.0313999999925727,0.03160000000207219,0.03179999999701977,0.03199999999196734,0.03220000000146683,0.03239999999641441,0.03259999999136198,0.03280000000086147,0.03299999999580905,0.03319999999075662,0.033400000000256114,0.03359999999520369,0.033799999990151264,0.033999999999650754,0.03419999999459833,0.03440000000409782,0.034599999999045394,0.03479999999399297,0.03500000000349246,0.035199999998440035,0.03539999999338761,0.0356000000028871,0.035799999997834675,0.03599999999278225,0.03620000000228174,0.036399999997229315,0.03659999999217689,0.03680000000167638,0.036999999996623956,0.03719999999157153,0.03740000000107102,0.037599999996018596,0.03779999999096617,0.03800000000046566,0.038199999995413236,0.03839999999036081,0.0385999999998603,0.03879999999480788,0.03900000000430737,0.03919999999925494,0.03939999999420252,0.03960000000370201,0.03979999999864958,0.03999999999359716,0.04020000000309665,0.04039999999804422,0.0405999999929918,0.04080000000249129,0.04099999999743886,0.04119999999238644,0.04140000000188593,0.0415999999968335,0.04179999999178108,0.04200000000128057,0.042199999996228144,0.04239999999117572,0.04260000000067521,0.042799999995622784,0.04299999999057036,0.04320000000006985,0.043399999995017424,0.043599999989965,0.04379999999946449,0.043999999994412065,0.044200000003911555,0.04439999999885913,0.044599999993806705,0.044800000003306195,0.04499999999825377,0.045199999993201345,0.045400000002700835,0.04559999999764841,0.045799999992595986,0.046000000002095476,0.04619999999704305,0.046399999991990626,0.046600000001490116,0.04679999999643769,0.046999999991385266,0.047200000000884756,0.04739999999583233,0.047599999990779907,0.0478000000002794,0.04799999999522697,0.04819999999017455,0.04839999999967404,0.04859999999462161,0.0488000000041211,0.04899999999906868,0.04919999999401625,0.04940000000351574,0.04959999999846332,0.04979999999341089,0.05000000000291038,0.05019999999785796,0.05039999999280553,0.05060000000230502,0.0507999999972526,0.05099999999220017,0.051200000001699664,0.05139999999664724,0.051599999991594814,0.051800000001094304,0.05199999999604188,0.052199999990989454,0.052400000000488944,0.05259999999543652,0.052799999990384094,0.052999999999883585,0.05319999999483116,0.05340000000433065,0.053599999999278225,0.0537999999942258,0.05400000000372529,0.054199999998672865,0.05439999999362044,0.05460000000311993,0.054799999998067506,0.05499999999301508,0.05520000000251457,0.055399999997462146,0.05559999999240972,0.05580000000190921,0.055999999996856786,0.05619999999180436,0.05640000000130385,0.05659999999625143,0.056799999991199,0.05700000000069849,0.05719999999564607,0.05739999999059364,0.05760000000009313,0.05779999999504071,0.05799999998998828,0.05819999999948777,0.05839999999443535,0.05860000000393484,0.05879999999888241,0.05899999999382999,0.05920000000332948,0.05939999999827705,0.05959999999322463,0.05980000000272412,0.059999999997671694,0.06019999999261927,0.06040000000211876,0.060599999997066334,0.06079999999201391,0.0610000000015134,0.061199999996460974,0.06139999999140855,0.06160000000090804,0.061799999995855615,0.06199999999080319,0.06220000000030268,0.062399999995250255,0.06259999999019783,0.06279999999969732,0.0629999999946449,0.06320000000414439,0.06339999999909196,0.06359999999403954,0.06380000000353903,0.0639999999984866,0.06419999999343418,0.06440000000293367,0.06459999999788124,0.06479999999282882,0.0650000000023283,0.06519999999727588,0.06539999999222346,0.06560000000172295,0.06579999999667052,0.0659999999916181,0.06620000000111759,0.06639999999606516,0.06659999999101274,0.06680000000051223,0.0669999999954598,0.06719999999040738,0.06739999999990687,0.06759999999485444,0.06780000000435393,0.06799999999930151,0.06819999999424908,0.06840000000374857,0.06859999999869615,0.06879999999364372,0.06900000000314321,0.06919999999809079,0.06939999999303836,0.06960000000253785,0.06979999999748543,0.069999999992433,0.0702000000019325,0.07039999999688007,0.07059999999182764,0.07080000000132713,0.07099999999627471,0.07119999999122228,0.07140000000072177,0.07159999999566935,0.07179999999061693,0.07200000000011642,0.07219999999506399,0.07239999999001157,0.07259999999951106,0.07279999999445863,0.07300000000395812,0.0731999999989057,0.07339999999385327,0.07360000000335276,0.07379999999830034,0.07399999999324791,0.0742000000027474,0.07439999999769498,0.07459999999264255,0.07480000000214204,0.07499999999708962,0.07519999999203719,0.07540000000153668,0.07559999999648426,0.07579999999143183,0.07600000000093132,0.0761999999958789,0.07639999999082647,0.07660000000032596,0.07679999999527354,0.07699999999022111,0.0771999999997206,0.07739999999466818,0.07760000000416767,0.07779999999911524,0.07799999999406282,0.07820000000356231,0.07839999999850988,0.07859999999345746,0.07880000000295695,0.07899999999790452,0.0791999999928521,0.07940000000235159,0.07959999999729916,0.07979999999224674,0.08000000000174623,0.0801999999966938,0.08039999999164138,0.08060000000114087,0.08079999999608845,0.08099999999103602,0.08120000000053551,0.08139999999548309,0.08159999999043066,0.08179999999993015,0.08199999999487773,0.0821999999898253,0.08239999999932479,0.08259999999427237,0.08280000000377186,0.08299999999871943,0.083199999993667,0.0834000000031665,0.08359999999811407,0.08379999999306165,0.08400000000256114,0.08419999999750871,0.08439999999245629,0.08460000000195578,0.08479999999690335,0.08499999999185093,0.08520000000135042,0.08539999999629799,0.08559999999124557,0.08580000000074506,0.08599999999569263,0.08619999999064021,0.0864000000001397,0.08659999999508727,0.08679999999003485,0.08699999999953434,0.08719999999448191,0.0874000000039814,0.08759999999892898,0.08779999999387655,0.08800000000337604,0.08819999999832362,0.0883999999932712,0.08860000000277068,0.08879999999771826,0.08899999999266583,0.08920000000216532,0.0893999999971129,0.08959999999206048,0.08980000000155997,0.08999999999650754,0.09019999999145512,0.0904000000009546,0.09059999999590218,0.09079999999084976,0.09100000000034925,0.09119999999529682,0.0913999999902444,0.09159999999974389,0.09179999999469146,0.09200000000419095,0.09219999999913853,0.0923999999940861,0.09260000000358559,0.09279999999853317,0.09299999999348074,0.09320000000298023,0.09339999999792781,0.09359999999287538,0.09380000000237487,0.09399999999732245,0.09419999999227002,0.09440000000176951,0.09459999999671709,0.09479999999166466,0.09500000000116415,0.09519999999611173,0.0953999999910593,0.0956000000005588,0.09579999999550637,0.09599999999045394,0.09619999999995343,0.09639999999490101,0.09659999998984858,0.09679999999934807,0.09699999999429565,0.09720000000379514,0.09739999999874271,0.09759999999369029,0.09780000000318978,0.09799999999813735,0.09819999999308493,0.09840000000258442,0.098599999997532,0.09879999999247957,0.09900000000197906,0.09919999999692664,0.09939999999187421,0.0996000000013737,0.09979999999632128,0.09999999999126885,0.10020000000076834,0.10039999999571592,0.10059999999066349,0.10080000000016298,0.10099999999511056,0.10119999999005813,0.10139999999955762,0.1015999999945052,0.10180000000400469,0.10199999999895226,0.10219999999389984,0.10240000000339933,0.1025999999983469,0.10279999999329448,0.10300000000279397,0.10319999999774154,0.10339999999268912,0.10360000000218861,0.10379999999713618,0.10399999999208376,0.10420000000158325,0.10439999999653082,0.1045999999914784,0.10480000000097789,0.10499999999592546,0.10519999999087304,0.10540000000037253,0.1055999999953201,0.10579999999026768,0.10599999999976717,0.10619999999471474,0.10640000000421423,0.10659999999916181,0.10679999999410938,0.10700000000360887,0.10719999999855645,0.10739999999350403,0.10760000000300352,0.10779999999795109,0.10799999999289867,0.10820000000239816,0.10839999999734573,0.1085999999922933,0.1088000000017928,0.10899999999674037,0.10919999999168795,0.10940000000118744,0.10959999999613501,0.10979999999108259,0.11000000000058208,0.11019999999552965,0.11039999999047723,0.11059999999997672,0.11079999999492429,0.11099999998987187,0.11119999999937136,0.11139999999431893,0.11160000000381842,0.111799999998766,0.11199999999371357,0.11220000000321306,0.11239999999816064,0.11259999999310821,0.1128000000026077,0.11299999999755528,0.11319999999250285,0.11340000000200234,0.11359999999694992,0.1137999999918975,0.11400000000139698,0.11419999999634456,0.11439999999129213,0.11460000000079162,0.1147999999957392,0.11499999999068677,0.11520000000018626,0.11539999999513384,0.11559999999008141,0.1157999999995809,0.11599999999452848,0.11620000000402797,0.11639999999897555,0.11659999999392312,0.11680000000342261,0.11699999999837019,0.11719999999331776,0.11740000000281725,0.11759999999776483,0.1177999999927124,0.11800000000221189,0.11819999999715947,0.11839999999210704,0.11860000000160653,0.1187999999965541,0.11899999999150168,0.11920000000100117,0.11939999999594875,0.11959999999089632,0.11980000000039581,0.11999999999534339,0.12019999999029096,0.12039999999979045,0.12059999999473803,0.12080000000423752,0.12099999999918509,0.12119999999413267,0.12140000000363216,0.12159999999857973,0.12179999999352731,0.1220000000030268,0.12219999999797437,0.12239999999292195,0.12260000000242144,0.12279999999736901,0.12299999999231659,0.12320000000181608,0.12339999999676365,0.12359999999171123,0.12380000000121072,0.1239999999961583,0.12419999999110587,0.12440000000060536,0.12459999999555293,0.12479999999050051,0.125,0.12519999999494758,0.12539999998989515,0.12559999999939464,0.12579999999434222,0.1260000000038417,0.12619999999878928,0.12639999999373686,0.12660000000323635,0.12679999999818392,0.1269999999931315,0.127200000002631,0.12739999999757856,0.12759999999252614,0.12780000000202563,0.1279999999969732,0.12819999999192078,0.12840000000142027,0.12859999999636784,0.12879999999131542,0.1290000000008149,0.12919999999576248,0.12939999999071006,0.12960000000020955,0.12979999999515712,0.1299999999901047,0.1301999999996042,0.13039999999455176,0.13060000000405125,0.13079999999899883,0.1309999999939464,0.1312000000034459,0.13139999999839347,0.13159999999334104,0.13180000000284053,0.1319999999977881,0.13219999999273568,0.13240000000223517,0.13259999999718275,0.13279999999213032,0.13300000000162981,0.1331999999965774,0.13339999999152496,0.13360000000102445,0.13379999999597203,0.1339999999909196,0.1342000000004191,0.13439999999536667,0.13459999999031425,0.13479999999981374,0.1349999999947613,0.1352000000042608,0.13539999999920838,0.13559999999415595,0.13580000000365544,0.13599999999860302,0.1361999999935506,0.13640000000305008,0.13659999999799766,0.13679999999294523,0.13700000000244472,0.1371999999973923,0.13739999999233987,0.13760000000183936,0.13779999999678694,0.1379999999917345,0.138200000001234,0.13839999999618158,0.13859999999112915,0.13880000000062864,0.13899999999557622,0.1391999999905238,0.13940000000002328,0.13959999999497086,0.13979999998991843,0.13999999999941792,0.1401999999943655,0.140400000003865,0.14059999999881256,0.14079999999376014,0.14100000000325963,0.1411999999982072,0.14139999999315478,0.14160000000265427,0.14179999999760184,0.14199999999254942,0.1422000000020489,0.14239999999699648,0.14259999999194406,0.14280000000144355,0.14299999999639113,0.1431999999913387,0.1434000000008382,0.14359999999578577,0.14379999999073334,0.14400000000023283,0.1441999999951804,0.14439999999012798,0.14459999999962747,0.14479999999457505,0.14500000000407454,0.1451999999990221,0.1453999999939697,0.14560000000346918,0.14579999999841675,0.14599999999336433,0.14620000000286382,0.1463999999978114,0.14659999999275897,0.14680000000225846,0.14699999999720603,0.1471999999921536,0.1474000000016531,0.14759999999660067,0.14779999999154825,0.14800000000104774,0.1481999999959953,0.1483999999909429,0.14860000000044238,0.14879999999538995,0.14899999999033753,0.14919999999983702,0.1493999999947846,0.14960000000428408,0.14979999999923166,0.14999999999417923,0.15020000000367872,0.1503999999986263,0.15059999999357387,0.15080000000307336,0.15099999999802094,0.15119999999296851,0.151400000002468,0.15159999999741558,0.15179999999236315,0.15200000000186265,0.15219999999681022,0.1523999999917578,0.15260000000125729,0.15279999999620486,0.15299999999115244,0.15320000000065193,0.1533999999955995,0.15359999999054708,0.15380000000004657,0.15399999999499414,0.15419999998994172,0.1543999999994412,0.15459999999438878,0.15480000000388827,0.15499999999883585,0.15519999999378342,0.1554000000032829,0.1555999999982305,0.15579999999317806,0.15600000000267755,0.15619999999762513,0.1563999999925727,0.1566000000020722,0.15679999999701977,0.15699999999196734,0.15720000000146683,0.1573999999964144,0.15759999999136198,0.15780000000086147,0.15799999999580905,0.15819999999075662,0.1584000000002561,0.1585999999952037,0.15879999999015126,0.15899999999965075,0.15919999999459833,0.15940000000409782,0.1595999999990454,0.15979999999399297,0.16000000000349246,0.16019999999844003,0.1603999999933876,0.1606000000028871,0.16079999999783468,0.16099999999278225,0.16120000000228174,0.16139999999722932,0.1615999999921769,0.16180000000167638,0.16199999999662396,0.16219999999157153,0.16240000000107102,0.1625999999960186,0.16279999999096617,0.16300000000046566,0.16319999999541324,0.1633999999903608,0.1635999999998603,0.16379999999480788,0.16400000000430737,0.16419999999925494,0.16439999999420252,0.164600000003702,0.16479999999864958,0.16499999999359716,0.16520000000309665,0.16539999999804422,0.1655999999929918,0.1658000000024913,0.16599999999743886,0.16619999999238644,0.16640000000188593,0.1665999999968335,0.16679999999178108,0.16700000000128057,0.16719999999622814,0.16739999999117572,0.1676000000006752,0.16779999999562278,0.16799999999057036,0.16820000000006985,0.16839999999501742,0.168599999989965,0.1687999999994645,0.16899999999441206,0.16920000000391155,0.16939999999885913,0.1695999999938067,0.1698000000033062,0.16999999999825377,0.17019999999320135,0.17040000000270084,0.1705999999976484,0.17079999999259599,0.17100000000209548,0.17119999999704305,0.17139999999199063,0.17160000000149012,0.1717999999964377,0.17199999999138527,0.17220000000088476,0.17239999999583233,0.1725999999907799,0.1728000000002794,0.17299999999522697,0.17319999999017455,0.17339999999967404,0.1735999999946216,0.1738000000041211,0.17399999999906868,0.17419999999401625,0.17440000000351574,0.17459999999846332,0.1747999999934109,0.17500000000291038,0.17519999999785796,0.17539999999280553,0.17560000000230502,0.1757999999972526,0.17599999999220017,0.17620000000169966,0.17639999999664724,0.1765999999915948,0.1768000000010943,0.17699999999604188,0.17719999999098945,0.17740000000048894,0.17759999999543652,0.1777999999903841,0.17799999999988358,0.17819999999483116,0.17840000000433065,0.17859999999927823,0.1787999999942258,0.1790000000037253,0.17919999999867287,0.17939999999362044,0.17960000000311993,0.1797999999980675,0.17999999999301508,0.18020000000251457,0.18039999999746215,0.18059999999240972,0.1808000000019092,0.1809999999968568,0.18119999999180436,0.18140000000130385,0.18159999999625143,0.181799999991199,0.1820000000006985,0.18219999999564607,0.18239999999059364,0.18260000000009313,0.1827999999950407,0.18299999998998828,0.18319999999948777,0.18339999999443535,0.18360000000393484,0.1837999999988824,0.18399999999383,0.18420000000332948,0.18439999999827705,0.18459999999322463,0.18480000000272412,0.1849999999976717,0.18519999999261927,0.18540000000211876,0.18559999999706633,0.1857999999920139,0.1860000000015134,0.18619999999646097,0.18639999999140855,0.18660000000090804,0.18679999999585561,0.1869999999908032,0.18720000000030268,0.18739999999525025,0.18759999999019783,0.18779999999969732,0.1879999999946449,0.18820000000414439,0.18839999999909196,0.18859999999403954,0.18880000000353903,0.1889999999984866,0.18919999999343418,0.18940000000293367,0.18959999999788124,0.18979999999282882,0.1900000000023283,0.19019999999727588,0.19039999999222346,0.19060000000172295,0.19079999999667052,0.1909999999916181,0.1912000000011176,0.19139999999606516,0.19159999999101274,0.19180000000051223,0.1919999999954598,0.19219999999040738,0.19239999999990687,0.19259999999485444,0.19280000000435393,0.1929999999993015,0.19319999999424908,0.19340000000374857,0.19359999999869615,0.19379999999364372,0.1940000000031432,0.1941999999980908,0.19439999999303836,0.19460000000253785,0.19479999999748543,0.194999999992433,0.1952000000019325,0.19539999999688007,0.19559999999182764,0.19580000000132713,0.1959999999962747,0.19619999999122228,0.19640000000072177,0.19659999999566935,0.19679999999061693,0.19700000000011642,0.197199999995064,0.19739999999001157,0.19759999999951106,0.19779999999445863,0.19800000000395812,0.1981999999989057,0.19839999999385327,0.19860000000335276,0.19879999999830034,0.1989999999932479,0.1992000000027474,0.19939999999769498,0.19959999999264255,0.19980000000214204,0.19999999999708962,0.2001999999920372,0.20040000000153668,0.20059999999648426,0.20079999999143183,0.20100000000093132,0.2011999999958789,0.20139999999082647,0.20160000000032596,0.20179999999527354,0.2019999999902211,0.2021999999997206,0.20239999999466818,0.20260000000416767,0.20279999999911524,0.20299999999406282,0.2032000000035623,0.20339999999850988,0.20359999999345746,0.20380000000295695,0.20399999999790452,0.2041999999928521,0.2044000000023516,0.20459999999729916,0.20479999999224674,0.20500000000174623,0.2051999999966938,0.20539999999164138,0.20560000000114087,0.20579999999608845,0.20599999999103602,0.2062000000005355,0.20639999999548309,0.20659999999043066,0.20679999999993015,0.20699999999487773,0.2071999999898253,0.2073999999993248,0.20759999999427237,0.20780000000377186,0.20799999999871943,0.208199999993667,0.2084000000031665,0.20859999999811407,0.20879999999306165,0.20900000000256114,0.2091999999975087,0.2093999999924563,0.20960000000195578,0.20979999999690335,0.20999999999185093,0.21020000000135042,0.210399999996298,0.21059999999124557,0.21080000000074506,0.21099999999569263,0.2111999999906402,0.2114000000001397,0.21159999999508727,0.21179999999003485,0.21199999999953434,0.2121999999944819,0.2124000000039814,0.21259999999892898,0.21279999999387655,0.21300000000337604,0.21319999999832362,0.2133999999932712,0.21360000000277068,0.21379999999771826,0.21399999999266583,0.21420000000216532,0.2143999999971129,0.21459999999206048,0.21480000000155997,0.21499999999650754,0.21519999999145512,0.2154000000009546,0.21559999999590218,0.21579999999084976,0.21600000000034925,0.21619999999529682,0.2163999999902444,0.2165999999997439,0.21679999999469146,0.21700000000419095,0.21719999999913853,0.2173999999940861,0.2176000000035856,0.21779999999853317,0.21799999999348074,0.21820000000298023,0.2183999999979278,0.21859999999287538,0.21880000000237487,0.21899999999732245,0.21919999999227002,0.2194000000017695,0.2195999999967171,0.21979999999166466,0.22000000000116415,0.22019999999611173,0.2203999999910593,0.2206000000005588,0.22079999999550637,0.22099999999045394,0.22119999999995343,0.221399999994901,0.22159999998984858,0.22179999999934807,0.22199999999429565,0.22220000000379514,0.22239999999874271,0.2225999999936903,0.22280000000318978,0.22299999999813735,0.22319999999308493,0.22340000000258442,0.223599999997532,0.22379999999247957,0.22400000000197906,0.22419999999692664,0.2243999999918742,0.2246000000013737,0.22479999999632128,0.22499999999126885,0.22520000000076834,0.22539999999571592,0.2255999999906635,0.22580000000016298,0.22599999999511056,0.22619999999005813,0.22639999999955762,0.2265999999945052,0.2268000000040047,0.22699999999895226,0.22719999999389984,0.22740000000339933,0.2275999999983469,0.22779999999329448,0.22800000000279397,0.22819999999774154,0.22839999999268912,0.2286000000021886,0.22879999999713618,0.22899999999208376,0.22920000000158325,0.22939999999653082,0.2295999999914784,0.2298000000009779,0.22999999999592546,0.23019999999087304,0.23040000000037253,0.2305999999953201,0.23079999999026768,0.23099999999976717,0.23119999999471474,0.23140000000421423,0.2315999999991618,0.23179999999410938,0.23200000000360887,0.23219999999855645,0.23239999999350403,0.23260000000300352,0.2327999999979511,0.23299999999289867,0.23320000000239816,0.23339999999734573,0.2335999999922933,0.2338000000017928,0.23399999999674037,0.23419999999168795,0.23440000000118744,0.234599999996135,0.2347999999910826,0.23500000000058208,0.23519999999552965,0.23539999999047723,0.23559999999997672,0.2357999999949243,0.23599999998987187,0.23619999999937136,0.23639999999431893,0.23660000000381842,0.236799999998766,0.23699999999371357,0.23720000000321306,0.23739999999816064,0.2375999999931082,0.2378000000026077,0.23799999999755528,0.23819999999250285,0.23840000000200234,0.23859999999694992,0.2387999999918975,0.23900000000139698,0.23919999999634456,0.23939999999129213,0.23960000000079162,0.2397999999957392,0.23999999999068677,0.24020000000018626,0.24039999999513384,0.24059999999008141,0.2407999999995809,0.24099999999452848,0.24120000000402797,0.24139999999897555,0.24159999999392312,0.2418000000034226,0.24199999999837019,0.24219999999331776,0.24240000000281725,0.24259999999776483,0.2427999999927124,0.2430000000022119,0.24319999999715947,0.24339999999210704,0.24360000000160653,0.2437999999965541,0.24399999999150168,0.24420000000100117,0.24439999999594875,0.24459999999089632,0.2448000000003958,0.2449999999953434,0.24519999999029096,0.24539999999979045,0.24559999999473803,0.24580000000423752,0.2459999999991851,0.24619999999413267,0.24640000000363216,0.24659999999857973,0.2467999999935273,0.2470000000030268,0.24719999999797437,0.24739999999292195,0.24760000000242144,0.247799999997369,0.2479999999923166,0.24820000000181608,0.24839999999676365,0.24859999999171123,0.24880000000121072,0.2489999999961583,0.24919999999110587,0.24940000000060536,0.24959999999555293,0.2497999999905005,0.25,0.2501999999949476,0.25039999998989515,0.25059999999939464,0.2507999999943422,0.2510000000038417,0.2511999999987893,0.25139999999373686,0.25160000000323635,0.2517999999981839,0.2519999999931315,0.252200000002631,0.25239999999757856,0.25259999999252614,0.2528000000020256,0.2529999999969732,0.2531999999919208,0.25340000000142027,0.25359999999636784,0.2537999999913154,0.2540000000008149,0.2541999999957625,0.25439999999071006,0.25460000000020955,0.2547999999951571,0.2549999999901047,0.2551999999996042,0.25539999999455176,0.25560000000405125,0.25579999999899883,0.2559999999939464,0.2562000000034459,0.25639999999839347,0.25659999999334104,0.25680000000284053,0.2569999999977881,0.2571999999927357,0.2574000000022352,0.25759999999718275,0.2577999999921303,0.2580000000016298,0.2581999999965774,0.25839999999152496,0.25860000000102445,0.25879999999597203,0.2589999999909196,0.2592000000004191,0.25939999999536667,0.25959999999031425,0.25979999999981374,0.2599999999947613,0.2602000000042608,0.2603999999992084,0.26059999999415595,0.26080000000365544,0.260999999998603,0.2611999999935506,0.2614000000030501,0.26159999999799766,0.26179999999294523,0.2620000000024447,0.2621999999973923,0.26239999999233987,0.26260000000183936,0.26279999999678694,0.2629999999917345,0.263200000001234,0.2633999999961816,0.26359999999112915,0.26380000000062864,0.2639999999955762,0.2641999999905238,0.2644000000000233,0.26459999999497086,0.26479999998991843,0.2649999999994179,0.2651999999943655,0.265400000003865,0.26559999999881256,0.26579999999376014,0.26600000000325963,0.2661999999982072,0.2663999999931548,0.26660000000265427,0.26679999999760184,0.2669999999925494,0.2672000000020489,0.2673999999969965,0.26759999999194406,0.26780000000144355,0.2679999999963911,0.2681999999913387,0.2684000000008382,0.26859999999578577,0.26879999999073334,0.26900000000023283,0.2691999999951804,0.269399999990128,0.26959999999962747,0.26979999999457505,0.27000000000407454,0.2701999999990221,0.2703999999939697,0.2706000000034692,0.27079999999841675,0.2709999999933643,0.2712000000028638,0.2713999999978114,0.27159999999275897,0.27180000000225846,0.27199999999720603,0.2721999999921536,0.2724000000016531,0.2725999999966007,0.27279999999154825,0.27300000000104774,0.2731999999959953,0.2733999999909429,0.2736000000004424,0.27379999999538995,0.27399999999033753,0.274199999999837,0.2743999999947846,0.2746000000042841,0.27479999999923166,0.27499999999417923,0.2752000000036787,0.2753999999986263,0.2755999999935739,0.27580000000307336,0.27599999999802094,0.2761999999929685,0.276400000002468,0.2765999999974156,0.27679999999236315,0.27700000000186265,0.2771999999968102,0.2773999999917578,0.2776000000012573,0.27779999999620486,0.27799999999115244,0.2782000000006519,0.2783999999955995,0.2785999999905471,0.27880000000004657,0.27899999999499414,0.2791999999899417,0.2793999999994412,0.2795999999943888,0.27980000000388827,0.27999999999883585,0.2801999999937834,0.2804000000032829,0.2805999999982305,0.28079999999317806,0.28100000000267755,0.2811999999976251,0.2813999999925727,0.2816000000020722,0.28179999999701977,0.28199999999196734,0.28220000000146683,0.2823999999964144,0.282599999991362,0.2828000000008615,0.28299999999580905,0.2831999999907566,0.2834000000002561,0.2835999999952037,0.28379999999015126,0.28399999999965075,0.28419999999459833,0.2844000000040978,0.2845999999990454,0.28479999999399297,0.28500000000349246,0.28519999999844003,0.2853999999933876,0.2856000000028871,0.2857999999978347,0.28599999999278225,0.28620000000228174,0.2863999999972293,0.2865999999921769,0.2868000000016764,0.28699999999662396,0.28719999999157153,0.287400000001071,0.2875999999960186,0.28779999999096617,0.28800000000046566,0.28819999999541324,0.2883999999903608,0.2885999999998603,0.2887999999948079,0.28900000000430737,0.28919999999925494,0.2893999999942025,0.289600000003702,0.2897999999986496,0.28999999999359716,0.29020000000309665,0.2903999999980442,0.2905999999929918,0.2908000000024913,0.29099999999743886,0.29119999999238644,0.29140000000188593,0.2915999999968335,0.2917999999917811,0.29200000000128057,0.29219999999622814,0.2923999999911757,0.2926000000006752,0.2927999999956228,0.29299999999057036,0.29320000000006985,0.2933999999950174,0.293599999989965,0.2937999999994645,0.29399999999441206,0.29420000000391155,0.29439999999885913,0.2945999999938067,0.2948000000033062,0.29499999999825377,0.29519999999320135,0.29540000000270084,0.2955999999976484,0.295799999992596,0.2960000000020955,0.29619999999704305,0.2963999999919906,0.2966000000014901,0.2967999999964377,0.29699999999138527,0.29720000000088476,0.29739999999583233,0.2975999999907799,0.2978000000002794,0.29799999999522697,0.29819999999017455,0.29839999999967404,0.2985999999946216,0.2988000000041211,0.2989999999990687,0.29919999999401625,0.29940000000351574,0.2995999999984633,0.2997999999934109,0.3000000000029104,0.30019999999785796,0.30039999999280553,0.300600000002305,0.3007999999972526,0.3009999999922002,0.30120000000169966,0.30139999999664724,0.3015999999915948,0.3018000000010943,0.3019999999960419,0.30219999999098945,0.30240000000048894,0.3025999999954365,0.3027999999903841,0.3029999999998836,0.30319999999483116,0.30340000000433065,0.3035999999992782,0.3037999999942258,0.3040000000037253,0.30419999999867287,0.30439999999362044,0.30460000000311993,0.3047999999980675,0.3049999999930151,0.30520000000251457,0.30539999999746215,0.3055999999924097,0.3058000000019092,0.3059999999968568,0.30619999999180436,0.30640000000130385,0.3065999999962514,0.306799999991199,0.3070000000006985,0.30719999999564607,0.30739999999059364,0.30760000000009313,0.3077999999950407,0.3079999999899883,0.3081999999994878,0.30839999999443535,0.30860000000393484,0.3087999999988824,0.30899999999383,0.3092000000033295,0.30939999999827705,0.30959999999322463,0.3098000000027241,0.3099999999976717,0.31019999999261927,0.31040000000211876,0.31059999999706633,0.3107999999920139,0.3110000000015134,0.311199999996461,0.31139999999140855,0.31160000000090804,0.3117999999958556,0.3119999999908032,0.3122000000003027,0.31239999999525025,0.31259999999019783,0.3127999999996973,0.3129999999946449,0.3132000000041444,0.31339999999909196,0.31359999999403954,0.313800000003539,0.3139999999984866,0.3141999999934342,0.31440000000293367,0.31459999999788124,0.3147999999928288,0.3150000000023283,0.3151999999972759,0.31539999999222346,0.31560000000172295,0.3157999999966705,0.3159999999916181,0.3162000000011176,0.31639999999606516,0.31659999999101274,0.3168000000005122,0.3169999999954598,0.3171999999904074,0.31739999999990687,0.31759999999485444,0.31780000000435393,0.3179999999993015,0.3181999999942491,0.3184000000037486,0.31859999999869615,0.3187999999936437,0.3190000000031432,0.3191999999980908,0.31939999999303836,0.31960000000253785,0.31979999999748543,0.319999999992433,0.3202000000019325,0.32039999999688007,0.32059999999182764,0.32080000000132713,0.3209999999962747,0.3211999999912223,0.3214000000007218,0.32159999999566935,0.3217999999906169,0.3220000000001164,0.322199999995064,0.32239999999001157,0.32259999999951106,0.32279999999445863,0.3230000000039581,0.3231999999989057,0.32339999999385327,0.32360000000335276,0.32379999999830034,0.3239999999932479,0.3242000000027474,0.324399999997695,0.32459999999264255,0.32480000000214204,0.3249999999970896,0.3251999999920372,0.3254000000015367,0.32559999999648426,0.32579999999143183,0.3260000000009313,0.3261999999958789,0.3263999999908265,0.32660000000032596,0.32679999999527354,0.3269999999902211,0.3271999999997206,0.3273999999946682,0.32760000000416767,0.32779999999911524,0.3279999999940628,0.3282000000035623,0.3283999999985099,0.32859999999345746,0.32880000000295695,0.3289999999979045,0.3291999999928521,0.3294000000023516,0.32959999999729916,0.32979999999224674,0.33000000000174623,0.3301999999966938,0.3303999999916414,0.33060000000114087,0.33079999999608845,0.330999999991036,0.3312000000005355,0.3313999999954831,0.33159999999043066,0.33179999999993015,0.3319999999948777,0.3321999999898253,0.3323999999993248,0.33259999999427237,0.33280000000377186,0.33299999999871943,0.333199999993667,0.3334000000031665,0.33359999999811407,0.33379999999306165,0.33400000000256114,0.3341999999975087,0.3343999999924563,0.3346000000019558,0.33479999999690335,0.3349999999918509,0.3352000000013504,0.335399999996298,0.33559999999124557,0.33580000000074506,0.33599999999569263,0.3361999999906402,0.3364000000001397,0.3365999999950873,0.33679999999003485,0.33699999999953434,0.3371999999944819,0.3374000000039814,0.337599999998929,0.33779999999387655,0.33800000000337604,0.3381999999983236,0.3383999999932712,0.3386000000027707,0.33879999999771826,0.33899999999266583,0.3392000000021653,0.3393999999971129,0.3395999999920605,0.33980000000155997,0.33999999999650754,0.3401999999914551,0.3404000000009546,0.3405999999959022,0.34079999999084976,0.34100000000034925,0.3411999999952968,0.3413999999902444,0.3415999999997439,0.34179999999469146,0.34200000000419095,0.3421999999991385,0.3423999999940861,0.3426000000035856,0.34279999999853317,0.34299999999348074,0.34320000000298023,0.3433999999979278,0.3435999999928754,0.3438000000023749,0.34399999999732245,0.34419999999227,0.3444000000017695,0.3445999999967171,0.34479999999166466,0.34500000000116415,0.34519999999611173,0.3453999999910593,0.3456000000005588,0.34579999999550637,0.34599999999045394,0.34619999999995343,0.346399999994901,0.3465999999898486,0.3467999999993481,0.34699999999429565,0.34720000000379514,0.3473999999987427,0.3475999999936903,0.3478000000031898,0.34799999999813735,0.34819999999308493,0.3484000000025844,0.348599999997532,0.34879999999247957,0.34900000000197906,0.34919999999692664,0.3493999999918742,0.3496000000013737,0.3497999999963213,0.34999999999126885,0.35020000000076834,0.3503999999957159,0.3505999999906635,0.350800000000163,0.35099999999511056,0.35119999999005813,0.3513999999995576,0.3515999999945052,0.3518000000040047,0.35199999999895226,0.35219999999389984,0.3524000000033993,0.3525999999983469,0.3527999999932945,0.35300000000279397,0.35319999999774154,0.3533999999926891,0.3536000000021886,0.3537999999971362,0.35399999999208376,0.35420000000158325,0.3543999999965308,0.3545999999914784,0.3548000000009779,0.35499999999592546,0.35519999999087304,0.35540000000037253,0.3555999999953201,0.3557999999902677,0.35599999999976717,0.35619999999471474,0.35640000000421423,0.3565999999991618,0.3567999999941094,0.3570000000036089,0.35719999999855645,0.357399999993504,0.3576000000030035,0.3577999999979511,0.35799999999289867,0.35820000000239816,0.35839999999734573,0.3585999999922933,0.3588000000017928,0.35899999999674037,0.35919999999168795,0.35940000000118744,0.359599999996135,0.3597999999910826,0.3600000000005821,0.36019999999552965,0.3603999999904772,0.3605999999999767,0.3607999999949243,0.36099999998987187,0.36119999999937136,0.36139999999431893,0.3616000000038184,0.361799999998766,0.3619999999937136,0.36220000000321306,0.36239999999816064,0.3625999999931082,0.3628000000026077,0.3629999999975553,0.36319999999250285,0.36340000000200234,0.3635999999969499,0.3637999999918975,0.364000000001397,0.36419999999634456,0.36439999999129213,0.3646000000007916,0.3647999999957392,0.3649999999906868,0.36520000000018626,0.36539999999513384,0.3655999999900814,0.3657999999995809,0.3659999999945285,0.36620000000402797,0.36639999999897555,0.3665999999939231,0.3668000000034226,0.3669999999983702,0.36719999999331776,0.36740000000281725,0.3675999999977648,0.3677999999927124,0.3680000000022119,0.36819999999715947,0.36839999999210704,0.36860000000160653,0.3687999999965541,0.3689999999915017,0.36920000000100117,0.36939999999594875,0.3695999999908963,0.3698000000003958,0.3699999999953434,0.37019999999029096,0.37039999999979045,0.370599999994738,0.3708000000042375,0.3709999999991851,0.37119999999413267,0.37140000000363216,0.37159999999857973,0.3717999999935273,0.3720000000030268,0.3721999999979744,0.37239999999292195,0.37260000000242144,0.372799999997369,0.3729999999923166,0.3732000000018161,0.37339999999676365,0.37359999999171123,0.3738000000012107,0.3739999999961583,0.37419999999110587,0.37440000000060536,0.37459999999555293,0.3747999999905005,0.375,0.3751999999949476,0.37539999998989515,0.37559999999939464,0.3757999999943422,0.3760000000038417,0.3761999999987893,0.37639999999373686,0.37660000000323635,0.3767999999981839,0.3769999999931315,0.377200000002631,0.37739999999757856,0.37759999999252614,0.3778000000020256,0.3779999999969732,0.3781999999919208,0.37840000000142027,0.37859999999636784,0.3787999999913154,0.3790000000008149,0.3791999999957625,0.37939999999071006,0.37960000000020955,0.3797999999951571,0.3799999999901047,0.3801999999996042,0.38039999999455176,0.38060000000405125,0.38079999999899883,0.3809999999939464,0.3812000000034459,0.38139999999839347,0.38159999999334104,0.38180000000284053,0.3819999999977881,0.3821999999927357,0.3824000000022352,0.38259999999718275,0.3827999999921303,0.3830000000016298,0.3831999999965774,0.38339999999152496,0.38360000000102445,0.38379999999597203,0.3839999999909196,0.3842000000004191,0.38439999999536667,0.38459999999031425,0.38479999999981374,0.3849999999947613,0.3852000000042608,0.3853999999992084,0.38559999999415595,0.38580000000365544,0.385999999998603,0.3861999999935506,0.3864000000030501,0.38659999999799766,0.38679999999294523,0.3870000000024447,0.3871999999973923,0.38739999999233987,0.38760000000183936,0.38779999999678694,0.3879999999917345,0.388200000001234,0.3883999999961816,0.38859999999112915,0.38880000000062864,0.3889999999955762,0.3891999999905238,0.3894000000000233,0.38959999999497086,0.38979999998991843,0.3899999999994179,0.3901999999943655,0.390400000003865,0.39059999999881256,0.39079999999376014,0.39100000000325963,0.3911999999982072,0.3913999999931548,0.39160000000265427,0.39179999999760184,0.3919999999925494,0.3922000000020489,0.3923999999969965,0.39259999999194406,0.39280000000144355,0.3929999999963911,0.3931999999913387,0.3934000000008382,0.39359999999578577,0.39379999999073334,0.39400000000023283,0.3941999999951804,0.394399999990128,0.39459999999962747,0.39479999999457505,0.39500000000407454,0.3951999999990221,0.3953999999939697,0.3956000000034692,0.39579999999841675,0.3959999999933643,0.3962000000028638,0.3963999999978114,0.39659999999275897,0.39680000000225846,0.39699999999720603,0.3971999999921536,0.3974000000016531,0.3975999999966007,0.39779999999154825,0.39800000000104774,0.3981999999959953,0.3983999999909429,0.3986000000004424,0.39879999999538995,0.39899999999033753,0.399199999999837,0.3993999999947846,0.3996000000042841,0.39979999999923166,0.39999999999417923,0.4002000000036787,0.4003999999986263,0.4005999999935739,0.40080000000307336,0.40099999999802094,0.4011999999929685,0.401400000002468,0.4015999999974156,0.40179999999236315,0.40200000000186265,0.4021999999968102,0.4023999999917578,0.4026000000012573,0.40279999999620486,0.40299999999115244,0.4032000000006519,0.4033999999955995,0.4035999999905471,0.40380000000004657,0.40399999999499414,0.4041999999899417,0.4043999999994412,0.4045999999943888,0.40480000000388827,0.40499999999883585,0.4051999999937834,0.4054000000032829,0.4055999999982305,0.40579999999317806,0.40600000000267755,0.4061999999976251,0.4063999999925727,0.4066000000020722,0.40679999999701977,0.40699999999196734,0.40720000000146683,0.4073999999964144,0.407599999991362,0.4078000000008615,0.40799999999580905,0.4081999999907566,0.4084000000002561,0.4085999999952037,0.40879999999015126,0.40899999999965075,0.40919999999459833,0.4094000000040978,0.4095999999990454,0.40979999999399297,0.41000000000349246,0.41019999999844003,0.4103999999933876,0.4106000000028871,0.4107999999978347,0.41099999999278225,0.41120000000228174,0.4113999999972293,0.4115999999921769,0.4118000000016764,0.41199999999662396,0.41219999999157153,0.412400000001071,0.4125999999960186,0.41279999999096617,0.41300000000046566,0.41319999999541324,0.4133999999903608,0.4135999999998603,0.4137999999948079,0.41400000000430737,0.41419999999925494,0.4143999999942025,0.414600000003702,0.4147999999986496,0.41499999999359716,0.41520000000309665,0.4153999999980442,0.4155999999929918,0.4158000000024913,0.41599999999743886,0.41619999999238644,0.41640000000188593,0.4165999999968335,0.4167999999917811,0.41700000000128057,0.41719999999622814,0.4173999999911757,0.4176000000006752,0.4177999999956228,0.41799999999057036,0.41820000000006985,0.4183999999950174,0.418599999989965,0.4187999999994645,0.41899999999441206,0.41920000000391155,0.41939999999885913,0.4195999999938067,0.4198000000033062,0.41999999999825377,0.42019999999320135,0.42040000000270084,0.4205999999976484,0.420799999992596,0.4210000000020955,0.42119999999704305,0.4213999999919906,0.4216000000014901,0.4217999999964377,0.42199999999138527,0.42220000000088476,0.42239999999583233,0.4225999999907799,0.4228000000002794,0.42299999999522697,0.42319999999017455,0.42339999999967404,0.4235999999946216,0.4238000000041211,0.4239999999990687,0.42419999999401625,0.42440000000351574,0.4245999999984633,0.4247999999934109,0.4250000000029104,0.42519999999785796,0.42539999999280553,0.425600000002305,0.4257999999972526,0.4259999999922002,0.42620000000169966,0.42639999999664724,0.4265999999915948,0.4268000000010943,0.4269999999960419,0.42719999999098945,0.42740000000048894,0.4275999999954365,0.4277999999903841,0.4279999999998836,0.42819999999483116,0.42840000000433065,0.4285999999992782,0.4287999999942258,0.4290000000037253,0.42919999999867287,0.42939999999362044,0.42960000000311993,0.4297999999980675,0.4299999999930151,0.43020000000251457,0.43039999999746215,0.4305999999924097,0.4308000000019092,0.4309999999968568,0.43119999999180436,0.43140000000130385,0.4315999999962514,0.431799999991199,0.4320000000006985,0.43219999999564607,0.43239999999059364,0.43260000000009313,0.4327999999950407,0.4329999999899883,0.4331999999994878,0.43339999999443535,0.43360000000393484,0.4337999999988824,0.43399999999383,0.4342000000033295,0.43439999999827705,0.43459999999322463,0.4348000000027241,0.4349999999976717,0.43519999999261927,0.43540000000211876,0.43559999999706633,0.4357999999920139,0.4360000000015134,0.436199999996461,0.43639999999140855,0.43660000000090804,0.4367999999958556,0.4369999999908032,0.4372000000003027,0.43739999999525025,0.43759999999019783,0.4377999999996973,0.4379999999946449,0.4382000000041444,0.43839999999909196,0.43859999999403954,0.438800000003539,0.4389999999984866,0.4391999999934342,0.43940000000293367,0.43959999999788124,0.4397999999928288,0.4400000000023283,0.4401999999972759,0.44039999999222346,0.44060000000172295,0.4407999999966705,0.4409999999916181,0.4412000000011176,0.44139999999606516,0.44159999999101274,0.4418000000005122,0.4419999999954598,0.4421999999904074,0.44239999999990687,0.44259999999485444,0.44280000000435393,0.4429999999993015,0.4431999999942491,0.4434000000037486,0.44359999999869615,0.4437999999936437,0.4440000000031432,0.4441999999980908,0.44439999999303836,0.44460000000253785,0.44479999999748543,0.444999999992433,0.4452000000019325,0.44539999999688007,0.44559999999182764,0.44580000000132713,0.4459999999962747,0.4461999999912223,0.4464000000007218,0.44659999999566935,0.4467999999906169,0.4470000000001164,0.447199999995064,0.44739999999001157,0.44759999999951106,0.44779999999445863,0.4480000000039581,0.4481999999989057,0.44839999999385327,0.44860000000335276,0.44879999999830034,0.4489999999932479,0.4492000000027474,0.449399999997695,0.44959999999264255,0.44980000000214204,0.4499999999970896,0.4501999999920372,0.4504000000015367,0.45059999999648426,0.45079999999143183,0.4510000000009313,0.4511999999958789,0.4513999999908265,0.45160000000032596,0.45179999999527354,0.4519999999902211,0.4521999999997206,0.4523999999946682,0.45260000000416767,0.45279999999911524,0.4529999999940628,0.4532000000035623,0.4533999999985099,0.45359999999345746,0.45380000000295695,0.4539999999979045,0.4541999999928521,0.4544000000023516,0.45459999999729916,0.45479999999224674,0.45500000000174623,0.4551999999966938,0.4553999999916414,0.45560000000114087,0.45579999999608845,0.455999999991036,0.4562000000005355,0.4563999999954831,0.45659999999043066,0.45679999999993015,0.4569999999948777,0.4571999999898253,0.4573999999993248,0.45759999999427237,0.45780000000377186,0.45799999999871943,0.458199999993667,0.4584000000031665,0.45859999999811407,0.45879999999306165,0.45900000000256114,0.4591999999975087,0.4593999999924563,0.4596000000019558,0.45979999999690335,0.4599999999918509,0.4602000000013504,0.460399999996298,0.46059999999124557,0.46080000000074506,0.46099999999569263,0.4611999999906402,0.4614000000001397,0.4615999999950873,0.46179999999003485,0.46199999999953434,0.4621999999944819,0.4624000000039814,0.462599999998929,0.46279999999387655,0.46300000000337604,0.4631999999983236,0.4633999999932712,0.4636000000027707,0.46379999999771826,0.46399999999266583,0.4642000000021653,0.4643999999971129,0.4645999999920605,0.46480000000155997,0.46499999999650754,0.4651999999914551,0.4654000000009546,0.4655999999959022,0.46579999999084976,0.46600000000034925,0.4661999999952968,0.4663999999902444,0.4665999999997439,0.46679999999469146,0.46700000000419095,0.4671999999991385,0.4673999999940861,0.4676000000035856,0.46779999999853317,0.46799999999348074,0.46820000000298023,0.4683999999979278,0.4685999999928754,0.4688000000023749,0.46899999999732245,0.46919999999227,0.4694000000017695,0.4695999999967171,0.46979999999166466,0.47000000000116415,0.47019999999611173,0.4703999999910593,0.4706000000005588,0.47079999999550637,0.47099999999045394,0.47119999999995343,0.471399999994901,0.4715999999898486,0.4717999999993481,0.47199999999429565,0.47220000000379514,0.4723999999987427,0.4725999999936903,0.4728000000031898,0.47299999999813735,0.47319999999308493,0.4734000000025844,0.473599999997532,0.47379999999247957,0.47400000000197906,0.47419999999692664,0.4743999999918742,0.4746000000013737,0.4747999999963213,0.47499999999126885,0.47520000000076834,0.4753999999957159,0.4755999999906635,0.475800000000163,0.47599999999511056,0.47619999999005813,0.4763999999995576,0.4765999999945052,0.4768000000040047,0.47699999999895226,0.47719999999389984,0.4774000000033993,0.4775999999983469,0.4777999999932945,0.47800000000279397,0.47819999999774154,0.4783999999926891,0.4786000000021886,0.4787999999971362,0.47899999999208376,0.47920000000158325,0.4793999999965308,0.4795999999914784,0.4798000000009779,0.47999999999592546,0.48019999999087304,0.48040000000037253,0.4805999999953201,0.4807999999902677,0.48099999999976717,0.48119999999471474,0.48140000000421423,0.4815999999991618,0.4817999999941094,0.4820000000036089,0.48219999999855645,0.482399999993504,0.4826000000030035,0.4827999999979511,0.48299999999289867,0.48320000000239816,0.48339999999734573,0.4835999999922933,0.4838000000017928,0.48399999999674037,0.48419999999168795,0.48440000000118744,0.484599999996135,0.4847999999910826,0.4850000000005821,0.48519999999552965,0.4853999999904772,0.4855999999999767,0.4857999999949243,0.48599999998987187,0.48619999999937136,0.48639999999431893,0.4866000000038184,0.486799999998766,0.4869999999937136,0.48720000000321306,0.48739999999816064,0.4875999999931082,0.4878000000026077,0.4879999999975553,0.48819999999250285,0.48840000000200234,0.4885999999969499,0.4887999999918975,0.489000000001397,0.48919999999634456,0.48939999999129213,0.4896000000007916,0.4897999999957392,0.4899999999906868,0.49020000000018626,0.49039999999513384,0.4905999999900814,0.4907999999995809,0.4909999999945285,0.49120000000402797,0.49139999999897555,0.4915999999939231,0.4918000000034226,0.4919999999983702,0.49219999999331776,0.49240000000281725,0.4925999999977648,0.4927999999927124,0.4930000000022119,0.49319999999715947,0.49339999999210704,0.49360000000160653,0.4937999999965541,0.4939999999915017,0.49420000000100117,0.49439999999594875,0.4945999999908963,0.4948000000003958,0.4949999999953434,0.49519999999029096,0.49539999999979045,0.495599999994738,0.4958000000042375,0.4959999999991851,0.49619999999413267,0.49640000000363216,0.49659999999857973,0.4967999999935273,0.4970000000030268,0.4971999999979744,0.49739999999292195,0.49760000000242144,0.497799999997369,0.4979999999923166,0.4982000000018161,0.49839999999676365,0.49859999999171123,0.4988000000012107,0.4989999999961583,0.49919999999110587,0.49940000000060536,0.49959999999555293,0.4997999999905005,0.5,0.5001999999949476,0.5003999999898952,0.5005999999993946,0.5007999999943422,0.5010000000038417,0.5011999999987893,0.5013999999937369,0.5016000000032363,0.5017999999981839,0.5019999999931315,0.502200000002631,0.5023999999975786,0.5025999999925261,0.5028000000020256,0.5029999999969732,0.5031999999919208,0.5034000000014203,0.5035999999963678,0.5037999999913154,0.5040000000008149,0.5041999999957625,0.5043999999907101,0.5046000000002095,0.5047999999951571,0.5049999999901047,0.5051999999996042,0.5053999999945518,0.5056000000040513,0.5057999999989988,0.5059999999939464,0.5062000000034459,0.5063999999983935,0.506599999993341,0.5068000000028405,0.5069999999977881,0.5071999999927357,0.5074000000022352,0.5075999999971827,0.5077999999921303,0.5080000000016298,0.5081999999965774,0.508399999991525,0.5086000000010245,0.508799999995972,0.5089999999909196,0.5092000000004191,0.5093999999953667,0.5095999999903142,0.5097999999998137,0.5099999999947613,0.5102000000042608,0.5103999999992084,0.510599999994156,0.5108000000036554,0.510999999998603,0.5111999999935506,0.5114000000030501,0.5115999999979977,0.5117999999929452,0.5120000000024447,0.5121999999973923,0.5123999999923399,0.5126000000018394,0.5127999999967869,0.5129999999917345,0.513200000001234,0.5133999999961816,0.5135999999911292,0.5138000000006286,0.5139999999955762,0.5141999999905238,0.5144000000000233,0.5145999999949709,0.5147999999899184,0.5149999999994179,0.5151999999943655,0.515400000003865,0.5155999999988126,0.5157999999937601,0.5160000000032596,0.5161999999982072,0.5163999999931548,0.5166000000026543,0.5167999999976018,0.5169999999925494,0.5172000000020489,0.5173999999969965,0.5175999999919441,0.5178000000014435,0.5179999999963911,0.5181999999913387,0.5184000000008382,0.5185999999957858,0.5187999999907333,0.5190000000002328,0.5191999999951804,0.519399999990128,0.5195999999996275,0.519799999994575,0.5200000000040745,0.5201999999990221,0.5203999999939697,0.5206000000034692,0.5207999999984168,0.5209999999933643,0.5212000000028638,0.5213999999978114,0.521599999992759,0.5218000000022585,0.521999999997206,0.5221999999921536,0.5224000000016531,0.5225999999966007,0.5227999999915482,0.5230000000010477,0.5231999999959953,0.5233999999909429,0.5236000000004424,0.52379999999539,0.5239999999903375,0.524199999999837,0.5243999999947846,0.5246000000042841,0.5247999999992317,0.5249999999941792,0.5252000000036787,0.5253999999986263,0.5255999999935739,0.5258000000030734,0.5259999999980209,0.5261999999929685,0.526400000002468,0.5265999999974156,0.5267999999923632,0.5270000000018626,0.5271999999968102,0.5273999999917578,0.5276000000012573,0.5277999999962049,0.5279999999911524,0.5282000000006519,0.5283999999955995,0.5285999999905471,0.5288000000000466,0.5289999999949941,0.5291999999899417,0.5293999999994412,0.5295999999943888,0.5298000000038883,0.5299999999988358,0.5301999999937834,0.5304000000032829,0.5305999999982305,0.5307999999931781,0.5310000000026776,0.5311999999976251,0.5313999999925727,0.5316000000020722,0.5317999999970198,0.5319999999919673,0.5322000000014668,0.5323999999964144,0.532599999991362,0.5328000000008615,0.532999999995809,0.5331999999907566,0.5334000000002561,0.5335999999952037,0.5337999999901513,0.5339999999996508,0.5341999999945983,0.5344000000040978,0.5345999999990454,0.534799999993993,0.5350000000034925,0.53519999999844,0.5353999999933876,0.5356000000028871,0.5357999999978347,0.5359999999927823,0.5362000000022817,0.5363999999972293,0.5365999999921769,0.5368000000016764,0.536999999996624,0.5371999999915715,0.537400000001071,0.5375999999960186,0.5377999999909662,0.5380000000004657,0.5381999999954132,0.5383999999903608,0.5385999999998603,0.5387999999948079,0.5390000000043074,0.5391999999992549,0.5393999999942025,0.539600000003702,0.5397999999986496,0.5399999999935972,0.5402000000030966,0.5403999999980442,0.5405999999929918,0.5408000000024913,0.5409999999974389,0.5411999999923864,0.5414000000018859,0.5415999999968335,0.5417999999917811,0.5420000000012806,0.5421999999962281,0.5423999999911757,0.5426000000006752,0.5427999999956228,0.5429999999905704,0.5432000000000698,0.5433999999950174,0.543599999989965,0.5437999999994645,0.5439999999944121,0.5442000000039116,0.5443999999988591,0.5445999999938067,0.5448000000033062,0.5449999999982538,0.5451999999932013,0.5454000000027008,0.5455999999976484,0.545799999992596,0.5460000000020955,0.546199999997043,0.5463999999919906,0.5466000000014901,0.5467999999964377,0.5469999999913853,0.5472000000008848,0.5473999999958323,0.5475999999907799,0.5478000000002794,0.547999999995227,0.5481999999901745,0.548399999999674,0.5485999999946216,0.5488000000041211,0.5489999999990687,0.5491999999940163,0.5494000000035157,0.5495999999984633,0.5497999999934109,0.5500000000029104,0.550199999997858,0.5503999999928055,0.550600000002305,0.5507999999972526,0.5509999999922002,0.5512000000016997,0.5513999999966472,0.5515999999915948,0.5518000000010943,0.5519999999960419,0.5521999999909895,0.5524000000004889,0.5525999999954365,0.5527999999903841,0.5529999999998836,0.5531999999948312,0.5534000000043306,0.5535999999992782,0.5537999999942258,0.5540000000037253,0.5541999999986729,0.5543999999936204,0.5546000000031199,0.5547999999980675,0.5549999999930151,0.5552000000025146,0.5553999999974621,0.5555999999924097,0.5558000000019092,0.5559999999968568,0.5561999999918044,0.5564000000013039,0.5565999999962514,0.556799999991199,0.5570000000006985,0.5571999999956461,0.5573999999905936,0.5576000000000931,0.5577999999950407,0.5579999999899883,0.5581999999994878,0.5583999999944353,0.5586000000039348,0.5587999999988824,0.55899999999383,0.5592000000033295,0.559399999998277,0.5595999999932246,0.5598000000027241,0.5599999999976717,0.5601999999926193,0.5604000000021188,0.5605999999970663,0.5607999999920139,0.5610000000015134,0.561199999996461,0.5613999999914085,0.561600000000908,0.5617999999958556,0.5619999999908032,0.5622000000003027,0.5623999999952503,0.5625999999901978,0.5627999999996973,0.5629999999946449,0.5632000000041444,0.563399999999092,0.5635999999940395,0.563800000003539,0.5639999999984866,0.5641999999934342,0.5644000000029337,0.5645999999978812,0.5647999999928288,0.5650000000023283,0.5651999999972759,0.5653999999922235,0.565600000001723,0.5657999999966705,0.5659999999916181,0.5662000000011176,0.5663999999960652,0.5665999999910127,0.5668000000005122,0.5669999999954598,0.5671999999904074,0.5673999999999069,0.5675999999948544,0.5678000000043539,0.5679999999993015,0.5681999999942491,0.5684000000037486,0.5685999999986961,0.5687999999936437,0.5690000000031432,0.5691999999980908,0.5693999999930384,0.5696000000025379,0.5697999999974854,0.569999999992433,0.5702000000019325,0.5703999999968801,0.5705999999918276,0.5708000000013271,0.5709999999962747,0.5711999999912223,0.5714000000007218,0.5715999999956694,0.5717999999906169,0.5720000000001164,0.572199999995064,0.5723999999900116,0.5725999999995111,0.5727999999944586,0.5730000000039581,0.5731999999989057,0.5733999999938533,0.5736000000033528,0.5737999999983003,0.5739999999932479,0.5742000000027474,0.574399999997695,0.5745999999926426,0.574800000002142,0.5749999999970896,0.5751999999920372,0.5754000000015367,0.5755999999964843,0.5757999999914318,0.5760000000009313,0.5761999999958789,0.5763999999908265,0.576600000000326,0.5767999999952735,0.5769999999902211,0.5771999999997206,0.5773999999946682,0.5776000000041677,0.5777999999991152,0.5779999999940628,0.5782000000035623,0.5783999999985099,0.5785999999934575,0.578800000002957,0.5789999999979045,0.5791999999928521,0.5794000000023516,0.5795999999972992,0.5797999999922467,0.5800000000017462,0.5801999999966938,0.5803999999916414,0.5806000000011409,0.5807999999960884,0.580999999991036,0.5812000000005355,0.5813999999954831,0.5815999999904307,0.5817999999999302,0.5819999999948777,0.5821999999898253,0.5823999999993248,0.5825999999942724,0.5828000000037719,0.5829999999987194,0.583199999993667,0.5834000000031665,0.5835999999981141,0.5837999999930616,0.5840000000025611,0.5841999999975087,0.5843999999924563,0.5846000000019558,0.5847999999969034,0.5849999999918509,0.5852000000013504,0.585399999996298,0.5855999999912456,0.5858000000007451,0.5859999999956926,0.5861999999906402,0.5864000000001397,0.5865999999950873,0.5867999999900348,0.5869999999995343,0.5871999999944819,0.5874000000039814,0.587599999998929,0.5877999999938766,0.588000000003376,0.5881999999983236,0.5883999999932712,0.5886000000027707,0.5887999999977183,0.5889999999926658,0.5892000000021653,0.5893999999971129,0.5895999999920605,0.58980000000156,0.5899999999965075,0.5901999999914551,0.5904000000009546,0.5905999999959022,0.5907999999908498,0.5910000000003492,0.5911999999952968,0.5913999999902444,0.5915999999997439,0.5917999999946915,0.592000000004191,0.5921999999991385,0.5923999999940861,0.5926000000035856,0.5927999999985332,0.5929999999934807,0.5932000000029802,0.5933999999979278,0.5935999999928754,0.5938000000023749,0.5939999999973224,0.59419999999227,0.5944000000017695,0.5945999999967171,0.5947999999916647,0.5950000000011642,0.5951999999961117,0.5953999999910593,0.5956000000005588,0.5957999999955064,0.5959999999904539,0.5961999999999534,0.596399999994901,0.5965999999898486,0.5967999999993481,0.5969999999942956,0.5972000000037951,0.5973999999987427,0.5975999999936903,0.5978000000031898,0.5979999999981374,0.5981999999930849,0.5984000000025844,0.598599999997532,0.5987999999924796,0.5990000000019791,0.5991999999969266,0.5993999999918742,0.5996000000013737,0.5997999999963213,0.5999999999912689,0.6002000000007683,0.6003999999957159,0.6005999999906635,0.600800000000163,0.6009999999951106,0.6011999999900581,0.6013999999995576,0.6015999999945052,0.6018000000040047,0.6019999999989523,0.6021999999938998,0.6024000000033993,0.6025999999983469,0.6027999999932945,0.603000000002794,0.6031999999977415,0.6033999999926891,0.6036000000021886,0.6037999999971362,0.6039999999920838,0.6042000000015832,0.6043999999965308,0.6045999999914784,0.6048000000009779,0.6049999999959255,0.605199999990873,0.6054000000003725,0.6055999999953201,0.6057999999902677,0.6059999999997672,0.6061999999947147,0.6064000000042142,0.6065999999991618,0.6067999999941094,0.6070000000036089,0.6071999999985565,0.607399999993504,0.6076000000030035,0.6077999999979511,0.6079999999928987,0.6082000000023982,0.6083999999973457,0.6085999999922933,0.6088000000017928,0.6089999999967404,0.609199999991688,0.6094000000011874,0.609599999996135,0.6097999999910826,0.6100000000005821,0.6101999999955297,0.6103999999904772,0.6105999999999767,0.6107999999949243,0.6109999999898719,0.6111999999993714,0.6113999999943189,0.6116000000038184,0.611799999998766,0.6119999999937136,0.6122000000032131,0.6123999999981606,0.6125999999931082,0.6128000000026077,0.6129999999975553,0.6131999999925029,0.6134000000020023,0.6135999999969499,0.6137999999918975,0.614000000001397,0.6141999999963446,0.6143999999912921,0.6146000000007916,0.6147999999957392,0.6149999999906868,0.6152000000001863,0.6153999999951338,0.6155999999900814,0.6157999999995809,0.6159999999945285,0.616200000004028,0.6163999999989755,0.6165999999939231,0.6168000000034226,0.6169999999983702,0.6171999999933178,0.6174000000028173,0.6175999999977648,0.6177999999927124,0.6180000000022119,0.6181999999971595,0.618399999992107,0.6186000000016065,0.6187999999965541,0.6189999999915017,0.6192000000010012,0.6193999999959487,0.6195999999908963,0.6198000000003958,0.6199999999953434,0.620199999990291,0.6203999999997905,0.620599999994738,0.6208000000042375,0.6209999999991851,0.6211999999941327,0.6214000000036322,0.6215999999985797,0.6217999999935273,0.6220000000030268,0.6221999999979744,0.622399999992922,0.6226000000024214,0.622799999997369,0.6229999999923166,0.6232000000018161,0.6233999999967637,0.6235999999917112,0.6238000000012107,0.6239999999961583,0.6241999999911059,0.6244000000006054,0.6245999999955529,0.6247999999905005,0.625,0.6251999999949476,0.6253999999898952,0.6255999999993946,0.6257999999943422,0.6260000000038417,0.6261999999987893,0.6263999999937369,0.6266000000032363,0.6267999999981839,0.6269999999931315,0.627200000002631,0.6273999999975786,0.6275999999925261,0.6278000000020256,0.6279999999969732,0.6281999999919208,0.6284000000014203,0.6285999999963678,0.6287999999913154,0.6290000000008149,0.6291999999957625,0.6293999999907101,0.6296000000002095,0.6297999999951571,0.6299999999901047,0.6301999999996042,0.6303999999945518,0.6306000000040513,0.6307999999989988,0.6309999999939464,0.6312000000034459,0.6313999999983935,0.631599999993341,0.6318000000028405,0.6319999999977881,0.6321999999927357,0.6324000000022352,0.6325999999971827,0.6327999999921303,0.6330000000016298,0.6331999999965774,0.633399999991525,0.6336000000010245,0.633799999995972,0.6339999999909196,0.6342000000004191,0.6343999999953667,0.6345999999903142,0.6347999999998137,0.6349999999947613,0.6352000000042608,0.6353999999992084,0.635599999994156,0.6358000000036554,0.635999999998603,0.6361999999935506,0.6364000000030501,0.6365999999979977,0.6367999999929452,0.6370000000024447,0.6371999999973923,0.6373999999923399,0.6376000000018394,0.6377999999967869,0.6379999999917345,0.638200000001234,0.6383999999961816,0.6385999999911292,0.6388000000006286,0.6389999999955762,0.6391999999905238,0.6394000000000233,0.6395999999949709,0.6397999999899184,0.6399999999994179,0.6401999999943655,0.640400000003865,0.6405999999988126,0.6407999999937601,0.6410000000032596,0.6411999999982072,0.6413999999931548,0.6416000000026543,0.6417999999976018,0.6419999999925494,0.6422000000020489,0.6423999999969965,0.6425999999919441,0.6428000000014435,0.6429999999963911,0.6431999999913387,0.6434000000008382,0.6435999999957858,0.6437999999907333,0.6440000000002328,0.6441999999951804,0.644399999990128,0.6445999999996275,0.644799999994575,0.6450000000040745,0.6451999999990221,0.6453999999939697,0.6456000000034692,0.6457999999984168,0.6459999999933643,0.6462000000028638,0.6463999999978114,0.646599999992759,0.6468000000022585,0.646999999997206,0.6471999999921536,0.6474000000016531,0.6475999999966007,0.6477999999915482,0.6480000000010477,0.6481999999959953,0.6483999999909429,0.6486000000004424,0.64879999999539,0.6489999999903375,0.649199999999837,0.6493999999947846,0.6496000000042841,0.6497999999992317,0.6499999999941792,0.6502000000036787,0.6503999999986263,0.6505999999935739,0.6508000000030734,0.6509999999980209,0.6511999999929685,0.651400000002468,0.6515999999974156,0.6517999999923632,0.6520000000018626,0.6521999999968102,0.6523999999917578,0.6526000000012573,0.6527999999962049,0.6529999999911524,0.6532000000006519,0.6533999999955995,0.6535999999905471,0.6538000000000466,0.6539999999949941,0.6541999999899417,0.6543999999994412,0.6545999999943888,0.6548000000038883,0.6549999999988358,0.6551999999937834,0.6554000000032829,0.6555999999982305,0.6557999999931781,0.6560000000026776,0.6561999999976251,0.6563999999925727,0.6566000000020722,0.6567999999970198,0.6569999999919673,0.6572000000014668,0.6573999999964144,0.657599999991362,0.6578000000008615,0.657999999995809,0.6581999999907566,0.6584000000002561,0.6585999999952037,0.6587999999901513,0.6589999999996508,0.6591999999945983,0.6594000000040978,0.6595999999990454,0.659799999993993,0.6600000000034925,0.66019999999844,0.6603999999933876,0.6606000000028871,0.6607999999978347,0.6609999999927823,0.6612000000022817,0.6613999999972293,0.6615999999921769,0.6618000000016764,0.661999999996624,0.6621999999915715,0.662400000001071,0.6625999999960186,0.6627999999909662,0.6630000000004657,0.6631999999954132,0.6633999999903608,0.6635999999998603,0.6637999999948079,0.6640000000043074,0.6641999999992549,0.6643999999942025,0.664600000003702,0.6647999999986496,0.6649999999935972,0.6652000000030966,0.6653999999980442,0.6655999999929918,0.6658000000024913,0.6659999999974389,0.6661999999923864,0.6664000000018859,0.6665999999968335,0.6667999999917811,0.6670000000012806,0.6671999999962281,0.6673999999911757,0.6676000000006752,0.6677999999956228,0.6679999999905704,0.6682000000000698,0.6683999999950174,0.668599999989965,0.6687999999994645,0.6689999999944121,0.6692000000039116,0.6693999999988591,0.6695999999938067,0.6698000000033062,0.6699999999982538,0.6701999999932013,0.6704000000027008,0.6705999999976484,0.670799999992596,0.6710000000020955,0.671199999997043,0.6713999999919906,0.6716000000014901,0.6717999999964377,0.6719999999913853,0.6722000000008848,0.6723999999958323,0.6725999999907799,0.6728000000002794,0.672999999995227,0.6731999999901745,0.673399999999674,0.6735999999946216,0.6738000000041211,0.6739999999990687,0.6741999999940163,0.6744000000035157,0.6745999999984633,0.6747999999934109,0.6750000000029104,0.675199999997858,0.6753999999928055,0.675600000002305,0.6757999999972526,0.6759999999922002,0.6762000000016997,0.6763999999966472,0.6765999999915948,0.6768000000010943,0.6769999999960419,0.6771999999909895,0.6774000000004889,0.6775999999954365,0.6777999999903841,0.6779999999998836,0.6781999999948312,0.6784000000043306,0.6785999999992782,0.6787999999942258,0.6790000000037253,0.6791999999986729,0.6793999999936204,0.6796000000031199,0.6797999999980675,0.6799999999930151,0.6802000000025146,0.6803999999974621,0.6805999999924097,0.6808000000019092,0.6809999999968568,0.6811999999918044,0.6814000000013039,0.6815999999962514,0.681799999991199,0.6820000000006985,0.6821999999956461,0.6823999999905936,0.6826000000000931,0.6827999999950407,0.6829999999899883,0.6831999999994878,0.6833999999944353,0.6836000000039348,0.6837999999988824,0.68399999999383,0.6842000000033295,0.684399999998277,0.6845999999932246,0.6848000000027241,0.6849999999976717,0.6851999999926193,0.6854000000021188,0.6855999999970663,0.6857999999920139,0.6860000000015134,0.686199999996461,0.6863999999914085,0.686600000000908,0.6867999999958556,0.6869999999908032,0.6872000000003027,0.6873999999952503,0.6875999999901978,0.6877999999996973,0.6879999999946449,0.6882000000041444,0.688399999999092,0.6885999999940395,0.688800000003539,0.6889999999984866,0.6891999999934342,0.6894000000029337,0.6895999999978812,0.6897999999928288,0.6900000000023283,0.6901999999972759,0.6903999999922235,0.690600000001723,0.6907999999966705,0.6909999999916181,0.6912000000011176,0.6913999999960652,0.6915999999910127,0.6918000000005122,0.6919999999954598,0.6921999999904074,0.6923999999999069,0.6925999999948544,0.6928000000043539,0.6929999999993015,0.6931999999942491,0.6934000000037486,0.6935999999986961,0.6937999999936437,0.6940000000031432,0.6941999999980908,0.6943999999930384,0.6946000000025379,0.6947999999974854,0.694999999992433,0.6952000000019325,0.6953999999968801,0.6955999999918276,0.6958000000013271,0.6959999999962747,0.6961999999912223,0.6964000000007218,0.6965999999956694,0.6967999999906169,0.6970000000001164,0.697199999995064,0.6973999999900116,0.6975999999995111,0.6977999999944586,0.6980000000039581,0.6981999999989057,0.6983999999938533,0.6986000000033528,0.6987999999983003,0.6989999999932479,0.6992000000027474,0.699399999997695,0.6995999999926426,0.699800000002142,0.6999999999970896,0.7001999999920372,0.7004000000015367,0.7005999999964843,0.7007999999914318,0.7010000000009313,0.7011999999958789,0.7013999999908265,0.701600000000326,0.7017999999952735,0.7019999999902211,0.7021999999997206,0.7023999999946682,0.7026000000041677,0.7027999999991152,0.7029999999940628,0.7032000000035623,0.7033999999985099,0.7035999999934575,0.703800000002957,0.7039999999979045,0.7041999999928521,0.7044000000023516,0.7045999999972992,0.7047999999922467,0.7050000000017462,0.7051999999966938,0.7053999999916414,0.7056000000011409,0.7057999999960884,0.705999999991036,0.7062000000005355,0.7063999999954831,0.7065999999904307,0.7067999999999302,0.7069999999948777,0.7071999999898253,0.7073999999993248,0.7075999999942724,0.7078000000037719,0.7079999999987194,0.708199999993667,0.7084000000031665,0.7085999999981141,0.7087999999930616,0.7090000000025611,0.7091999999975087,0.7093999999924563,0.7096000000019558,0.7097999999969034,0.7099999999918509,0.7102000000013504,0.710399999996298,0.7105999999912456,0.7108000000007451,0.7109999999956926,0.7111999999906402,0.7114000000001397,0.7115999999950873,0.7117999999900348,0.7119999999995343,0.7121999999944819,0.7124000000039814,0.712599999998929,0.7127999999938766,0.713000000003376,0.7131999999983236,0.7133999999932712,0.7136000000027707,0.7137999999977183,0.7139999999926658,0.7142000000021653,0.7143999999971129,0.7145999999920605,0.71480000000156,0.7149999999965075,0.7151999999914551,0.7154000000009546,0.7155999999959022,0.7157999999908498,0.7160000000003492,0.7161999999952968,0.7163999999902444,0.7165999999997439,0.7167999999946915,0.717000000004191,0.7171999999991385,0.7173999999940861,0.7176000000035856,0.7177999999985332,0.7179999999934807,0.7182000000029802,0.7183999999979278,0.7185999999928754,0.7188000000023749,0.7189999999973224,0.71919999999227,0.7194000000017695,0.7195999999967171,0.7197999999916647,0.7200000000011642,0.7201999999961117,0.7203999999910593,0.7206000000005588,0.7207999999955064,0.7209999999904539,0.7211999999999534,0.721399999994901,0.7215999999898486,0.7217999999993481,0.7219999999942956,0.7222000000037951,0.7223999999987427,0.7225999999936903,0.7228000000031898,0.7229999999981374,0.7231999999930849,0.7234000000025844,0.723599999997532,0.7237999999924796,0.7240000000019791,0.7241999999969266,0.7243999999918742,0.7246000000013737,0.7247999999963213,0.7249999999912689,0.7252000000007683,0.7253999999957159,0.7255999999906635,0.725800000000163,0.7259999999951106,0.7261999999900581,0.7263999999995576,0.7265999999945052,0.7268000000040047,0.7269999999989523,0.7271999999938998,0.7274000000033993,0.7275999999983469,0.7277999999932945,0.728000000002794,0.7281999999977415,0.7283999999926891,0.7286000000021886,0.7287999999971362,0.7289999999920838,0.7292000000015832,0.7293999999965308,0.7295999999914784,0.7298000000009779,0.7299999999959255,0.730199999990873,0.7304000000003725,0.7305999999953201,0.7307999999902677,0.7309999999997672,0.7311999999947147,0.7314000000042142,0.7315999999991618,0.7317999999941094,0.7320000000036089,0.7321999999985565,0.732399999993504,0.7326000000030035,0.7327999999979511,0.7329999999928987,0.7332000000023982,0.7333999999973457,0.7335999999922933,0.7338000000017928,0.7339999999967404,0.734199999991688,0.7344000000011874,0.734599999996135,0.7347999999910826,0.7350000000005821,0.7351999999955297,0.7353999999904772,0.7355999999999767,0.7357999999949243,0.7359999999898719,0.7361999999993714,0.7363999999943189,0.7366000000038184,0.736799999998766,0.7369999999937136,0.7372000000032131,0.7373999999981606,0.7375999999931082,0.7378000000026077,0.7379999999975553,0.7381999999925029,0.7384000000020023,0.7385999999969499,0.7387999999918975,0.739000000001397,0.7391999999963446,0.7393999999912921,0.7396000000007916,0.7397999999957392,0.7399999999906868,0.7402000000001863,0.7403999999951338,0.7405999999900814,0.7407999999995809,0.7409999999945285,0.741200000004028,0.7413999999989755,0.7415999999939231,0.7418000000034226,0.7419999999983702,0.7421999999933178,0.7424000000028173,0.7425999999977648,0.7427999999927124,0.7430000000022119,0.7431999999971595,0.743399999992107,0.7436000000016065,0.7437999999965541,0.7439999999915017,0.7442000000010012,0.7443999999959487,0.7445999999908963,0.7448000000003958,0.7449999999953434,0.745199999990291,0.7453999999997905,0.745599999994738,0.7458000000042375,0.7459999999991851,0.7461999999941327,0.7464000000036322,0.7465999999985797,0.7467999999935273,0.7470000000030268,0.7471999999979744,0.747399999992922,0.7476000000024214,0.747799999997369,0.7479999999923166,0.7482000000018161,0.7483999999967637,0.7485999999917112,0.7488000000012107,0.7489999999961583,0.7491999999911059,0.7494000000006054,0.7495999999955529,0.7497999999905005,0.75,0.7501999999949476,0.7503999999898952,0.7505999999993946,0.7507999999943422,0.7510000000038417,0.7511999999987893,0.7513999999937369,0.7516000000032363,0.7517999999981839,0.7519999999931315,0.752200000002631,0.7523999999975786,0.7525999999925261,0.7528000000020256,0.7529999999969732,0.7531999999919208,0.7534000000014203,0.7535999999963678,0.7537999999913154,0.7540000000008149,0.7541999999957625,0.7543999999907101,0.7546000000002095,0.7547999999951571,0.7549999999901047,0.7551999999996042,0.7553999999945518,0.7556000000040513,0.7557999999989988,0.7559999999939464,0.7562000000034459,0.7563999999983935,0.756599999993341,0.7568000000028405,0.7569999999977881,0.7571999999927357,0.7574000000022352,0.7575999999971827,0.7577999999921303,0.7580000000016298,0.7581999999965774,0.758399999991525,0.7586000000010245,0.758799999995972,0.7589999999909196,0.7592000000004191,0.7593999999953667,0.7595999999903142,0.7597999999998137,0.7599999999947613,0.7602000000042608,0.7603999999992084,0.760599999994156,0.7608000000036554,0.760999999998603,0.7611999999935506,0.7614000000030501,0.7615999999979977,0.7617999999929452,0.7620000000024447,0.7621999999973923,0.7623999999923399,0.7626000000018394,0.7627999999967869,0.7629999999917345,0.763200000001234,0.7633999999961816,0.7635999999911292,0.7638000000006286,0.7639999999955762,0.7641999999905238,0.7644000000000233,0.7645999999949709,0.7647999999899184,0.7649999999994179,0.7651999999943655,0.765400000003865,0.7655999999988126,0.7657999999937601,0.7660000000032596,0.7661999999982072,0.7663999999931548,0.7666000000026543,0.7667999999976018,0.7669999999925494,0.7672000000020489,0.7673999999969965,0.7675999999919441,0.7678000000014435,0.7679999999963911,0.7681999999913387,0.7684000000008382,0.7685999999957858,0.7687999999907333,0.7690000000002328,0.7691999999951804,0.769399999990128,0.7695999999996275,0.769799999994575,0.7700000000040745,0.7701999999990221,0.7703999999939697,0.7706000000034692,0.7707999999984168,0.7709999999933643,0.7712000000028638,0.7713999999978114,0.771599999992759,0.7718000000022585,0.771999999997206,0.7721999999921536,0.7724000000016531,0.7725999999966007,0.7727999999915482,0.7730000000010477,0.7731999999959953,0.7733999999909429,0.7736000000004424,0.77379999999539,0.7739999999903375,0.774199999999837,0.7743999999947846,0.7746000000042841,0.7747999999992317,0.7749999999941792,0.7752000000036787,0.7753999999986263,0.7755999999935739,0.7758000000030734,0.7759999999980209,0.7761999999929685,0.776400000002468,0.7765999999974156,0.7767999999923632,0.7770000000018626,0.7771999999968102,0.7773999999917578,0.7776000000012573,0.7777999999962049,0.7779999999911524,0.7782000000006519,0.7783999999955995,0.7785999999905471,0.7788000000000466,0.7789999999949941,0.7791999999899417,0.7793999999994412,0.7795999999943888,0.7798000000038883,0.7799999999988358,0.7801999999937834,0.7804000000032829,0.7805999999982305,0.7807999999931781,0.7810000000026776,0.7811999999976251,0.7813999999925727,0.7816000000020722,0.7817999999970198,0.7819999999919673,0.7822000000014668,0.7823999999964144,0.782599999991362,0.7828000000008615,0.782999999995809,0.7831999999907566,0.7834000000002561,0.7835999999952037,0.7837999999901513,0.7839999999996508,0.7841999999945983,0.7844000000040978,0.7845999999990454,0.784799999993993,0.7850000000034925,0.78519999999844,0.7853999999933876,0.7856000000028871,0.7857999999978347,0.7859999999927823,0.7862000000022817,0.7863999999972293,0.7865999999921769,0.7868000000016764,0.786999999996624,0.7871999999915715,0.787400000001071,0.7875999999960186,0.7877999999909662,0.7880000000004657,0.7881999999954132,0.7883999999903608,0.7885999999998603,0.7887999999948079,0.7890000000043074,0.7891999999992549,0.7893999999942025,0.789600000003702,0.7897999999986496,0.7899999999935972,0.7902000000030966,0.7903999999980442,0.7905999999929918,0.7908000000024913,0.7909999999974389,0.7911999999923864,0.7914000000018859,0.7915999999968335,0.7917999999917811,0.7920000000012806,0.7921999999962281,0.7923999999911757,0.7926000000006752,0.7927999999956228,0.7929999999905704,0.7932000000000698,0.7933999999950174,0.793599999989965,0.7937999999994645,0.7939999999944121,0.7942000000039116,0.7943999999988591,0.7945999999938067,0.7948000000033062,0.7949999999982538,0.7951999999932013,0.7954000000027008,0.7955999999976484,0.795799999992596,0.7960000000020955,0.796199999997043,0.7963999999919906,0.7966000000014901,0.7967999999964377,0.7969999999913853,0.7972000000008848,0.7973999999958323,0.7975999999907799,0.7978000000002794,0.797999999995227,0.7981999999901745,0.798399999999674,0.7985999999946216,0.7988000000041211,0.7989999999990687,0.7991999999940163,0.7994000000035157,0.7995999999984633,0.7997999999934109,0.8000000000029104,0.800199999997858,0.8003999999928055,0.800600000002305,0.8007999999972526,0.8009999999922002,0.8012000000016997,0.8013999999966472,0.8015999999915948,0.8018000000010943,0.8019999999960419,0.8021999999909895,0.8024000000004889,0.8025999999954365,0.8027999999903841,0.8029999999998836,0.8031999999948312,0.8034000000043306,0.8035999999992782,0.8037999999942258,0.8040000000037253,0.8041999999986729,0.8043999999936204,0.8046000000031199,0.8047999999980675,0.8049999999930151,0.8052000000025146,0.8053999999974621,0.8055999999924097,0.8058000000019092,0.8059999999968568,0.8061999999918044,0.8064000000013039,0.8065999999962514,0.806799999991199,0.8070000000006985,0.8071999999956461,0.8073999999905936,0.8076000000000931,0.8077999999950407,0.8079999999899883,0.8081999999994878,0.8083999999944353,0.8086000000039348,0.8087999999988824,0.80899999999383,0.8092000000033295,0.809399999998277,0.8095999999932246,0.8098000000027241,0.8099999999976717,0.8101999999926193,0.8104000000021188,0.8105999999970663,0.8107999999920139,0.8110000000015134,0.811199999996461,0.8113999999914085,0.811600000000908,0.8117999999958556,0.8119999999908032,0.8122000000003027,0.8123999999952503,0.8125999999901978,0.8127999999996973,0.8129999999946449,0.8132000000041444,0.813399999999092,0.8135999999940395,0.813800000003539,0.8139999999984866,0.8141999999934342,0.8144000000029337,0.8145999999978812,0.8147999999928288,0.8150000000023283,0.8151999999972759,0.8153999999922235,0.815600000001723,0.8157999999966705,0.8159999999916181,0.8162000000011176,0.8163999999960652,0.8165999999910127,0.8168000000005122,0.8169999999954598,0.8171999999904074,0.8173999999999069,0.8175999999948544,0.8178000000043539,0.8179999999993015,0.8181999999942491,0.8184000000037486,0.8185999999986961,0.8187999999936437,0.8190000000031432,0.8191999999980908,0.8193999999930384,0.8196000000025379,0.8197999999974854,0.819999999992433,0.8202000000019325,0.8203999999968801,0.8205999999918276,0.8208000000013271,0.8209999999962747,0.8211999999912223,0.8214000000007218,0.8215999999956694,0.8217999999906169,0.8220000000001164,0.822199999995064,0.8223999999900116,0.8225999999995111,0.8227999999944586,0.8230000000039581,0.8231999999989057,0.8233999999938533,0.8236000000033528,0.8237999999983003,0.8239999999932479,0.8242000000027474,0.824399999997695,0.8245999999926426,0.824800000002142,0.8249999999970896,0.8251999999920372,0.8254000000015367,0.8255999999964843,0.8257999999914318,0.8260000000009313,0.8261999999958789,0.8263999999908265,0.826600000000326,0.8267999999952735,0.8269999999902211,0.8271999999997206,0.8273999999946682,0.8276000000041677,0.8277999999991152,0.8279999999940628,0.8282000000035623,0.8283999999985099,0.8285999999934575,0.828800000002957,0.8289999999979045,0.8291999999928521,0.8294000000023516,0.8295999999972992,0.8297999999922467,0.8300000000017462,0.8301999999966938,0.8303999999916414,0.8306000000011409,0.8307999999960884,0.830999999991036,0.8312000000005355,0.8313999999954831,0.8315999999904307,0.8317999999999302,0.8319999999948777,0.8321999999898253,0.8323999999993248,0.8325999999942724,0.8328000000037719,0.8329999999987194,0.833199999993667,0.8334000000031665,0.8335999999981141,0.8337999999930616,0.8340000000025611,0.8341999999975087,0.8343999999924563,0.8346000000019558,0.8347999999969034,0.8349999999918509,0.8352000000013504,0.835399999996298,0.8355999999912456,0.8358000000007451,0.8359999999956926,0.8361999999906402,0.8364000000001397,0.8365999999950873,0.8367999999900348,0.8369999999995343,0.8371999999944819,0.8374000000039814,0.837599999998929,0.8377999999938766,0.838000000003376,0.8381999999983236,0.8383999999932712,0.8386000000027707,0.8387999999977183,0.8389999999926658,0.8392000000021653,0.8393999999971129,0.8395999999920605,0.83980000000156,0.8399999999965075,0.8401999999914551,0.8404000000009546,0.8405999999959022,0.8407999999908498,0.8410000000003492,0.8411999999952968,0.8413999999902444,0.8415999999997439,0.8417999999946915,0.842000000004191,0.8421999999991385,0.8423999999940861,0.8426000000035856,0.8427999999985332,0.8429999999934807,0.8432000000029802,0.8433999999979278,0.8435999999928754,0.8438000000023749,0.8439999999973224,0.84419999999227,0.8444000000017695,0.8445999999967171,0.8447999999916647,0.8450000000011642,0.8451999999961117,0.8453999999910593,0.8456000000005588,0.8457999999955064,0.8459999999904539,0.8461999999999534,0.846399999994901,0.8465999999898486,0.8467999999993481,0.8469999999942956,0.8472000000037951,0.8473999999987427,0.8475999999936903,0.8478000000031898,0.8479999999981374,0.8481999999930849,0.8484000000025844,0.848599999997532,0.8487999999924796,0.8490000000019791,0.8491999999969266,0.8493999999918742,0.8496000000013737,0.8497999999963213,0.8499999999912689,0.8502000000007683,0.8503999999957159,0.8505999999906635,0.850800000000163,0.8509999999951106,0.8511999999900581,0.8513999999995576,0.8515999999945052,0.8518000000040047,0.8519999999989523,0.8521999999938998,0.8524000000033993,0.8525999999983469,0.8527999999932945,0.853000000002794,0.8531999999977415,0.8533999999926891,0.8536000000021886,0.8537999999971362,0.8539999999920838,0.8542000000015832,0.8543999999965308,0.8545999999914784,0.8548000000009779,0.8549999999959255,0.855199999990873,0.8554000000003725,0.8555999999953201,0.8557999999902677,0.8559999999997672,0.8561999999947147,0.8564000000042142,0.8565999999991618,0.8567999999941094,0.8570000000036089,0.8571999999985565,0.857399999993504,0.8576000000030035,0.8577999999979511,0.8579999999928987,0.8582000000023982,0.8583999999973457,0.8585999999922933,0.8588000000017928,0.8589999999967404,0.859199999991688,0.8594000000011874,0.859599999996135,0.8597999999910826,0.8600000000005821,0.8601999999955297,0.8603999999904772,0.8605999999999767,0.8607999999949243,0.8609999999898719,0.8611999999993714,0.8613999999943189,0.8616000000038184,0.861799999998766,0.8619999999937136,0.8622000000032131,0.8623999999981606,0.8625999999931082,0.8628000000026077,0.8629999999975553,0.8631999999925029,0.8634000000020023,0.8635999999969499,0.8637999999918975,0.864000000001397,0.8641999999963446,0.8643999999912921,0.8646000000007916,0.8647999999957392,0.8649999999906868,0.8652000000001863,0.8653999999951338,0.8655999999900814,0.8657999999995809,0.8659999999945285,0.866200000004028,0.8663999999989755,0.8665999999939231,0.8668000000034226,0.8669999999983702,0.8671999999933178,0.8674000000028173,0.8675999999977648,0.8677999999927124,0.8680000000022119,0.8681999999971595,0.868399999992107,0.8686000000016065,0.8687999999965541,0.8689999999915017,0.8692000000010012,0.8693999999959487,0.8695999999908963,0.8698000000003958,0.8699999999953434,0.870199999990291,0.8703999999997905,0.870599999994738,0.8708000000042375,0.8709999999991851,0.8711999999941327,0.8714000000036322,0.8715999999985797,0.8717999999935273,0.8720000000030268,0.8721999999979744,0.872399999992922,0.8726000000024214,0.872799999997369,0.8729999999923166,0.8732000000018161,0.8733999999967637,0.8735999999917112,0.8738000000012107,0.8739999999961583,0.8741999999911059,0.8744000000006054,0.8745999999955529,0.8747999999905005,0.875,0.8751999999949476,0.8753999999898952,0.8755999999993946,0.8757999999943422,0.8760000000038417,0.8761999999987893,0.8763999999937369,0.8766000000032363,0.8767999999981839,0.8769999999931315,0.877200000002631,0.8773999999975786,0.8775999999925261,0.8778000000020256,0.8779999999969732,0.8781999999919208,0.8784000000014203,0.8785999999963678,0.8787999999913154,0.8790000000008149,0.8791999999957625,0.8793999999907101,0.8796000000002095,0.8797999999951571,0.8799999999901047,0.8801999999996042,0.8803999999945518,0.8806000000040513,0.8807999999989988,0.8809999999939464,0.8812000000034459,0.8813999999983935,0.881599999993341,0.8818000000028405,0.8819999999977881,0.8821999999927357,0.8824000000022352,0.8825999999971827,0.8827999999921303,0.8830000000016298,0.8831999999965774,0.883399999991525,0.8836000000010245,0.883799999995972,0.8839999999909196,0.8842000000004191,0.8843999999953667,0.8845999999903142,0.8847999999998137,0.8849999999947613,0.8852000000042608,0.8853999999992084,0.885599999994156,0.8858000000036554,0.885999999998603,0.8861999999935506,0.8864000000030501,0.8865999999979977,0.8867999999929452,0.8870000000024447,0.8871999999973923,0.8873999999923399,0.8876000000018394,0.8877999999967869,0.8879999999917345,0.888200000001234,0.8883999999961816,0.8885999999911292,0.8888000000006286,0.8889999999955762,0.8891999999905238,0.8894000000000233,0.8895999999949709,0.8897999999899184,0.8899999999994179,0.8901999999943655,0.890400000003865,0.8905999999988126,0.8907999999937601,0.8910000000032596,0.8911999999982072,0.8913999999931548,0.8916000000026543,0.8917999999976018,0.8919999999925494,0.8922000000020489,0.8923999999969965,0.8925999999919441,0.8928000000014435,0.8929999999963911,0.8931999999913387,0.8934000000008382,0.8935999999957858,0.8937999999907333,0.8940000000002328,0.8941999999951804,0.894399999990128,0.8945999999996275,0.894799999994575,0.8950000000040745,0.8951999999990221,0.8953999999939697,0.8956000000034692,0.8957999999984168,0.8959999999933643,0.8962000000028638,0.8963999999978114,0.896599999992759,0.8968000000022585,0.896999999997206,0.8971999999921536,0.8974000000016531,0.8975999999966007,0.8977999999915482,0.8980000000010477,0.8981999999959953,0.8983999999909429,0.8986000000004424,0.89879999999539,0.8989999999903375,0.899199999999837,0.8993999999947846,0.8996000000042841,0.8997999999992317,0.8999999999941792,0.9002000000036787,0.9003999999986263,0.9005999999935739,0.9008000000030734,0.9009999999980209,0.9011999999929685,0.901400000002468,0.9015999999974156,0.9017999999923632,0.9020000000018626,0.9021999999968102,0.9023999999917578,0.9026000000012573,0.9027999999962049,0.9029999999911524,0.9032000000006519,0.9033999999955995,0.9035999999905471,0.9038000000000466,0.9039999999949941,0.9041999999899417,0.9043999999994412,0.9045999999943888,0.9048000000038883,0.9049999999988358,0.9051999999937834,0.9054000000032829,0.9055999999982305,0.9057999999931781,0.9060000000026776,0.9061999999976251,0.9063999999925727,0.9066000000020722,0.9067999999970198,0.9069999999919673,0.9072000000014668,0.9073999999964144,0.907599999991362,0.9078000000008615,0.907999999995809,0.9081999999907566,0.9084000000002561,0.9085999999952037,0.9087999999901513,0.9089999999996508,0.9091999999945983,0.9094000000040978,0.9095999999990454,0.909799999993993,0.9100000000034925,0.91019999999844,0.9103999999933876,0.9106000000028871,0.9107999999978347,0.9109999999927823,0.9112000000022817,0.9113999999972293,0.9115999999921769,0.9118000000016764,0.911999999996624,0.9121999999915715,0.912400000001071,0.9125999999960186,0.9127999999909662,0.9130000000004657,0.9131999999954132,0.9133999999903608,0.9135999999998603,0.9137999999948079,0.9140000000043074,0.9141999999992549,0.9143999999942025,0.914600000003702,0.9147999999986496,0.9149999999935972,0.9152000000030966,0.9153999999980442,0.9155999999929918,0.9158000000024913,0.9159999999974389,0.9161999999923864,0.9164000000018859,0.9165999999968335,0.9167999999917811,0.9170000000012806,0.9171999999962281,0.9173999999911757,0.9176000000006752,0.9177999999956228,0.9179999999905704,0.9182000000000698,0.9183999999950174,0.918599999989965,0.9187999999994645,0.9189999999944121,0.9192000000039116,0.9193999999988591,0.9195999999938067,0.9198000000033062,0.9199999999982538,0.9201999999932013,0.9204000000027008,0.9205999999976484,0.920799999992596,0.9210000000020955,0.921199999997043,0.9213999999919906,0.9216000000014901,0.9217999999964377,0.9219999999913853,0.9222000000008848,0.9223999999958323,0.9225999999907799,0.9228000000002794,0.922999999995227,0.9231999999901745,0.923399999999674,0.9235999999946216,0.9238000000041211,0.9239999999990687,0.9241999999940163,0.9244000000035157,0.9245999999984633,0.9247999999934109,0.9250000000029104,0.925199999997858,0.9253999999928055,0.925600000002305,0.9257999999972526,0.9259999999922002,0.9262000000016997,0.9263999999966472,0.9265999999915948,0.9268000000010943,0.9269999999960419,0.9271999999909895,0.9274000000004889,0.9275999999954365,0.9277999999903841,0.9279999999998836,0.9281999999948312,0.9284000000043306,0.9285999999992782,0.9287999999942258,0.9290000000037253,0.9291999999986729,0.9293999999936204,0.9296000000031199,0.9297999999980675,0.9299999999930151,0.9302000000025146,0.9303999999974621,0.9305999999924097,0.9308000000019092,0.9309999999968568,0.9311999999918044,0.9314000000013039,0.9315999999962514,0.931799999991199,0.9320000000006985,0.9321999999956461,0.9323999999905936,0.9326000000000931,0.9327999999950407,0.9329999999899883,0.9331999999994878,0.9333999999944353,0.9336000000039348,0.9337999999988824,0.93399999999383,0.9342000000033295,0.934399999998277,0.9345999999932246,0.9348000000027241,0.9349999999976717,0.9351999999926193,0.9354000000021188,0.9355999999970663,0.9357999999920139,0.9360000000015134,0.936199999996461,0.9363999999914085,0.936600000000908,0.9367999999958556,0.9369999999908032,0.9372000000003027,0.9373999999952503,0.9375999999901978,0.9377999999996973,0.9379999999946449,0.9382000000041444,0.938399999999092,0.9385999999940395,0.938800000003539,0.9389999999984866,0.9391999999934342,0.9394000000029337,0.9395999999978812,0.9397999999928288,0.9400000000023283,0.9401999999972759,0.9403999999922235,0.940600000001723,0.9407999999966705,0.9409999999916181,0.9412000000011176,0.9413999999960652,0.9415999999910127,0.9418000000005122,0.9419999999954598,0.9421999999904074,0.9423999999999069,0.9425999999948544,0.9428000000043539,0.9429999999993015,0.9431999999942491,0.9434000000037486,0.9435999999986961,0.9437999999936437,0.9440000000031432,0.9441999999980908,0.9443999999930384,0.9446000000025379,0.9447999999974854,0.944999999992433,0.9452000000019325,0.9453999999968801,0.9455999999918276,0.9458000000013271,0.9459999999962747,0.9461999999912223,0.9464000000007218,0.9465999999956694,0.9467999999906169,0.9470000000001164,0.947199999995064,0.9473999999900116,0.9475999999995111,0.9477999999944586,0.9480000000039581,0.9481999999989057,0.9483999999938533,0.9486000000033528,0.9487999999983003,0.9489999999932479,0.9492000000027474,0.949399999997695,0.9495999999926426,0.949800000002142,0.9499999999970896,0.9501999999920372,0.9504000000015367,0.9505999999964843,0.9507999999914318,0.9510000000009313,0.9511999999958789,0.9513999999908265,0.951600000000326,0.9517999999952735,0.9519999999902211,0.9521999999997206,0.9523999999946682,0.9526000000041677,0.9527999999991152,0.9529999999940628,0.9532000000035623,0.9533999999985099,0.9535999999934575,0.953800000002957,0.9539999999979045,0.9541999999928521,0.9544000000023516,0.9545999999972992,0.9547999999922467,0.9550000000017462,0.9551999999966938,0.9553999999916414,0.9556000000011409,0.9557999999960884,0.955999999991036,0.9562000000005355,0.9563999999954831,0.9565999999904307,0.9567999999999302,0.9569999999948777,0.9571999999898253,0.9573999999993248,0.9575999999942724,0.9578000000037719,0.9579999999987194,0.958199999993667,0.9584000000031665,0.9585999999981141,0.9587999999930616,0.9590000000025611,0.9591999999975087,0.9593999999924563,0.9596000000019558,0.9597999999969034,0.9599999999918509,0.9602000000013504,0.960399999996298,0.9605999999912456,0.9608000000007451,0.9609999999956926,0.9611999999906402,0.9614000000001397,0.9615999999950873,0.9617999999900348,0.9619999999995343,0.9621999999944819,0.9624000000039814,0.962599999998929,0.9627999999938766,0.963000000003376,0.9631999999983236,0.9633999999932712,0.9636000000027707,0.9637999999977183,0.9639999999926658,0.9642000000021653,0.9643999999971129,0.9645999999920605,0.96480000000156,0.9649999999965075,0.9651999999914551,0.9654000000009546,0.9655999999959022,0.9657999999908498,0.9660000000003492,0.9661999999952968,0.9663999999902444,0.9665999999997439,0.9667999999946915,0.967000000004191,0.9671999999991385,0.9673999999940861,0.9676000000035856,0.9677999999985332,0.9679999999934807,0.9682000000029802,0.9683999999979278,0.9685999999928754,0.9688000000023749,0.9689999999973224,0.96919999999227,0.9694000000017695,0.9695999999967171,0.9697999999916647,0.9700000000011642,0.9701999999961117,0.9703999999910593,0.9706000000005588,0.9707999999955064,0.9709999999904539,0.9711999999999534,0.971399999994901,0.9715999999898486,0.9717999999993481,0.9719999999942956,0.9722000000037951,0.9723999999987427,0.9725999999936903,0.9728000000031898,0.9729999999981374,0.9731999999930849,0.9734000000025844,0.973599999997532,0.9737999999924796,0.9740000000019791,0.9741999999969266,0.9743999999918742,0.9746000000013737,0.9747999999963213,0.9749999999912689,0.9752000000007683,0.9753999999957159,0.9755999999906635,0.975800000000163,0.9759999999951106,0.9761999999900581,0.9763999999995576,0.9765999999945052,0.9768000000040047,0.9769999999989523,0.9771999999938998,0.9774000000033993,0.9775999999983469,0.9777999999932945,0.978000000002794,0.9781999999977415,0.9783999999926891,0.9786000000021886,0.9787999999971362,0.9789999999920838,0.9792000000015832,0.9793999999965308,0.9795999999914784,0.9798000000009779,0.9799999999959255,0.980199999990873,0.9804000000003725,0.9805999999953201,0.9807999999902677,0.9809999999997672,0.9811999999947147,0.9814000000042142,0.9815999999991618,0.9817999999941094,0.9820000000036089,0.9821999999985565,0.982399999993504,0.9826000000030035,0.9827999999979511,0.9829999999928987,0.9832000000023982,0.9833999999973457,0.9835999999922933,0.9838000000017928,0.9839999999967404,0.984199999991688,0.9844000000011874,0.984599999996135,0.9847999999910826,0.9850000000005821,0.9851999999955297,0.9853999999904772,0.9855999999999767,0.9857999999949243,0.9859999999898719,0.9861999999993714,0.9863999999943189,0.9866000000038184,0.986799999998766,0.9869999999937136,0.9872000000032131,0.9873999999981606,0.9875999999931082,0.9878000000026077,0.9879999999975553,0.9881999999925029,0.9884000000020023,0.9885999999969499,0.9887999999918975,0.989000000001397,0.9891999999963446,0.9893999999912921,0.9896000000007916,0.9897999999957392,0.9899999999906868,0.9902000000001863,0.9903999999951338,0.9905999999900814,0.9907999999995809,0.9909999999945285,0.991200000004028,0.9913999999989755,0.9915999999939231,0.9918000000034226,0.9919999999983702,0.9921999999933178,0.9924000000028173,0.9925999999977648,0.9927999999927124,0.9930000000022119,0.9931999999971595,0.993399999992107,0.9936000000016065,0.9937999999965541,0.9939999999915017,0.9942000000010012,0.9943999999959487,0.9945999999908963,0.9948000000003958,0.9949999999953434,0.995199999990291,0.9953999999997905,0.995599999994738,0.9958000000042375,0.9959999999991851,0.9961999999941327,0.9964000000036322,0.9965999999985797,0.9967999999935273,0.9970000000030268,0.9971999999979744,0.997399999992922,0.9976000000024214,0.997799999997369,0.9979999999923166,0.9982000000018161,0.9983999999967637,0.9985999999917112,0.9988000000012107,0.9989999999961583,0.9991999999911059,0.9994000000006054,0.9995999999955529,0.9997999999905005,1.0,1.0001999999949476,1.0003999999898952,1.0005999999993946,1.0007999999943422,1.0010000000038417,1.0011999999987893,1.0013999999937369,1.0016000000032363,1.001799999998184,1.0019999999931315,1.002200000002631,1.0023999999975786,1.0025999999925261,1.0028000000020256,1.0029999999969732,1.0031999999919208,1.0034000000014203,1.0035999999963678,1.0037999999913154,1.004000000000815,1.0041999999957625,1.00439999999071,1.0046000000002095,1.0047999999951571,1.0049999999901047,1.0051999999996042,1.0053999999945518,1.0056000000040513,1.0057999999989988,1.0059999999939464,1.006200000003446,1.0063999999983935,1.006599999993341,1.0068000000028405,1.006999999997788,1.0071999999927357,1.0074000000022352,1.0075999999971827,1.0077999999921303,1.0080000000016298,1.0081999999965774,1.008399999991525,1.0086000000010245,1.008799999995972,1.0089999999909196,1.009200000000419,1.0093999999953667,1.0095999999903142,1.0097999999998137,1.0099999999947613,1.0102000000042608,1.0103999999992084,1.010599999994156,1.0108000000036554,1.010999999998603,1.0111999999935506,1.01140000000305,1.0115999999979977,1.0117999999929452,1.0120000000024447,1.0121999999973923,1.0123999999923399,1.0126000000018394,1.012799999996787,1.0129999999917345,1.013200000001234,1.0133999999961816,1.0135999999911292,1.0138000000006286,1.0139999999955762,1.0141999999905238,1.0144000000000233,1.0145999999949709,1.0147999999899184,1.014999999999418,1.0151999999943655,1.015400000003865,1.0155999999988126,1.0157999999937601,1.0160000000032596,1.0161999999982072,1.0163999999931548,1.0166000000026543,1.0167999999976018,1.0169999999925494,1.017200000002049,1.0173999999969965,1.017599999991944,1.0178000000014435,1.0179999999963911,1.0181999999913387,1.0184000000008382,1.0185999999957858,1.0187999999907333,1.0190000000002328,1.0191999999951804,1.019399999990128,1.0195999999996275,1.019799999994575,1.0200000000040745,1.0201999999990221,1.0203999999939697,1.0206000000034692,1.0207999999984168,1.0209999999933643,1.0212000000028638,1.0213999999978114,1.021599999992759,1.0218000000022585,1.021999999997206,1.0221999999921536,1.022400000001653,1.0225999999966007,1.0227999999915482,1.0230000000010477,1.0231999999959953,1.0233999999909429,1.0236000000004424,1.02379999999539,1.0239999999903375,1.024199999999837,1.0243999999947846,1.024600000004284,1.0247999999992317,1.0249999999941792,1.0252000000036787,1.0253999999986263,1.0255999999935739,1.0258000000030734,1.025999999998021,1.0261999999929685,1.026400000002468,1.0265999999974156,1.0267999999923632,1.0270000000018626,1.0271999999968102,1.0273999999917578,1.0276000000012573,1.0277999999962049,1.0279999999911524,1.028200000000652,1.0283999999955995,1.028599999990547,1.0288000000000466,1.0289999999949941,1.0291999999899417,1.0293999999994412,1.0295999999943888,1.0298000000038883,1.0299999999988358,1.0301999999937834,1.030400000003283,1.0305999999982305,1.030799999993178,1.0310000000026776,1.0311999999976251,1.0313999999925727,1.0316000000020722,1.0317999999970198,1.0319999999919673,1.0322000000014668,1.0323999999964144,1.032599999991362,1.0328000000008615,1.032999999995809,1.0331999999907566,1.0334000000002561,1.0335999999952037,1.0337999999901513,1.0339999999996508,1.0341999999945983,1.0344000000040978,1.0345999999990454,1.034799999993993,1.0350000000034925,1.03519999999844,1.0353999999933876,1.035600000002887,1.0357999999978347,1.0359999999927823,1.0362000000022817,1.0363999999972293,1.036599999992177,1.0368000000016764,1.036999999996624,1.0371999999915715,1.037400000001071,1.0375999999960186,1.0377999999909662,1.0380000000004657,1.0381999999954132,1.0383999999903608,1.0385999999998603,1.0387999999948079,1.0390000000043074,1.039199999999255,1.0393999999942025,1.039600000003702,1.0397999999986496,1.0399999999935972,1.0402000000030966,1.0403999999980442,1.0405999999929918,1.0408000000024913,1.0409999999974389,1.0411999999923864,1.041400000001886,1.0415999999968335,1.041799999991781,1.0420000000012806,1.0421999999962281,1.0423999999911757,1.0426000000006752,1.0427999999956228,1.0429999999905704,1.0432000000000698,1.0433999999950174,1.043599999989965,1.0437999999994645,1.043999999994412,1.0442000000039116,1.0443999999988591,1.0445999999938067,1.0448000000033062,1.0449999999982538,1.0451999999932013,1.0454000000027008,1.0455999999976484,1.045799999992596,1.0460000000020955,1.046199999997043,1.0463999999919906,1.0466000000014901,1.0467999999964377,1.0469999999913853,1.0472000000008848,1.0473999999958323,1.04759999999078,1.0478000000002794,1.047999999995227,1.0481999999901745,1.048399999999674,1.0485999999946216,1.048800000004121,1.0489999999990687,1.0491999999940163,1.0494000000035157,1.0495999999984633,1.049799999993411,1.0500000000029104,1.050199999997858,1.0503999999928055,1.050600000002305,1.0507999999972526,1.0509999999922002,1.0512000000016997,1.0513999999966472,1.0515999999915948,1.0518000000010943,1.0519999999960419,1.0521999999909895,1.052400000000489,1.0525999999954365,1.052799999990384,1.0529999999998836,1.0531999999948312,1.0534000000043306,1.0535999999992782,1.0537999999942258,1.0540000000037253,1.0541999999986729,1.0543999999936204,1.05460000000312,1.0547999999980675,1.054999999993015,1.0552000000025146,1.0553999999974621,1.0555999999924097,1.0558000000019092,1.0559999999968568,1.0561999999918044,1.0564000000013039,1.0565999999962514,1.056799999991199,1.0570000000006985,1.057199999995646,1.0573999999905936,1.0576000000000931,1.0577999999950407,1.0579999999899883,1.0581999999994878,1.0583999999944353,1.0586000000039348,1.0587999999988824,1.05899999999383,1.0592000000033295,1.059399999998277,1.0595999999932246,1.0598000000027241,1.0599999999976717,1.0601999999926193,1.0604000000021188,1.0605999999970663,1.060799999992014,1.0610000000015134,1.061199999996461,1.0613999999914085,1.061600000000908,1.0617999999958556,1.0619999999908032,1.0622000000003027,1.0623999999952503,1.0625999999901978,1.0627999999996973,1.062999999994645,1.0632000000041444,1.063399999999092,1.0635999999940395,1.063800000003539,1.0639999999984866,1.0641999999934342,1.0644000000029337,1.0645999999978812,1.0647999999928288,1.0650000000023283,1.0651999999972759,1.0653999999922235,1.065600000001723,1.0657999999966705,1.065999999991618,1.0662000000011176,1.0663999999960652,1.0665999999910127,1.0668000000005122,1.0669999999954598,1.0671999999904074,1.0673999999999069,1.0675999999948544,1.067800000004354,1.0679999999993015,1.068199999994249,1.0684000000037486,1.0685999999986961,1.0687999999936437,1.0690000000031432,1.0691999999980908,1.0693999999930384,1.0696000000025379,1.0697999999974854,1.069999999992433,1.0702000000019325,1.07039999999688,1.0705999999918276,1.0708000000013271,1.0709999999962747,1.0711999999912223,1.0714000000007218,1.0715999999956694,1.071799999990617,1.0720000000001164,1.072199999995064,1.0723999999900116,1.072599999999511,1.0727999999944586,1.0730000000039581,1.0731999999989057,1.0733999999938533,1.0736000000033528,1.0737999999983003,1.073999999993248,1.0742000000027474,1.074399999997695,1.0745999999926426,1.074800000002142,1.0749999999970896,1.0751999999920372,1.0754000000015367,1.0755999999964843,1.0757999999914318,1.0760000000009313,1.076199999995879,1.0763999999908265,1.076600000000326,1.0767999999952735,1.0769999999902211,1.0771999999997206,1.0773999999946682,1.0776000000041677,1.0777999999991152,1.0779999999940628,1.0782000000035623,1.0783999999985099,1.0785999999934575,1.078800000002957,1.0789999999979045,1.079199999992852,1.0794000000023516,1.0795999999972992,1.0797999999922467,1.0800000000017462,1.0801999999966938,1.0803999999916414,1.0806000000011409,1.0807999999960884,1.080999999991036,1.0812000000005355,1.081399999995483,1.0815999999904307,1.0817999999999302,1.0819999999948777,1.0821999999898253,1.0823999999993248,1.0825999999942724,1.0828000000037719,1.0829999999987194,1.083199999993667,1.0834000000031665,1.083599999998114,1.0837999999930616,1.0840000000025611,1.0841999999975087,1.0843999999924563,1.0846000000019558,1.0847999999969034,1.084999999991851,1.0852000000013504,1.085399999996298,1.0855999999912456,1.085800000000745,1.0859999999956926,1.0861999999906402,1.0864000000001397,1.0865999999950873,1.0867999999900348,1.0869999999995343,1.087199999994482,1.0874000000039814,1.087599999998929,1.0877999999938766,1.088000000003376,1.0881999999983236,1.0883999999932712,1.0886000000027707,1.0887999999977183,1.0889999999926658,1.0892000000021653,1.089399999997113,1.0895999999920605,1.08980000000156,1.0899999999965075,1.0901999999914551,1.0904000000009546,1.0905999999959022,1.0907999999908498,1.0910000000003492,1.0911999999952968,1.0913999999902444,1.0915999999997439,1.0917999999946915,1.092000000004191,1.0921999999991385,1.092399999994086,1.0926000000035856,1.0927999999985332,1.0929999999934807,1.0932000000029802,1.0933999999979278,1.0935999999928754,1.0938000000023749,1.0939999999973224,1.09419999999227,1.0944000000017695,1.094599999996717,1.0947999999916647,1.0950000000011642,1.0951999999961117,1.0953999999910593,1.0956000000005588,1.0957999999955064,1.095999999990454,1.0961999999999534,1.096399999994901,1.0965999999898486,1.096799999999348,1.0969999999942956,1.0972000000037951,1.0973999999987427,1.0975999999936903,1.0978000000031898,1.0979999999981374,1.098199999993085,1.0984000000025844,1.098599999997532,1.0987999999924796,1.099000000001979,1.0991999999969266,1.0993999999918742,1.0996000000013737,1.0997999999963213,1.0999999999912689,1.1002000000007683,1.100399999995716,1.1005999999906635,1.100800000000163,1.1009999999951106,1.1011999999900581,1.1013999999995576,1.1015999999945052,1.1018000000040047,1.1019999999989523,1.1021999999938998,1.1024000000033993,1.102599999998347,1.1027999999932945,1.103000000002794,1.1031999999977415,1.1033999999926891,1.1036000000021886,1.1037999999971362,1.1039999999920838,1.1042000000015832,1.1043999999965308,1.1045999999914784,1.1048000000009779,1.1049999999959255,1.105199999990873,1.1054000000003725,1.10559999999532,1.1057999999902677,1.1059999999997672,1.1061999999947147,1.1064000000042142,1.1065999999991618,1.1067999999941094,1.1070000000036089,1.1071999999985565,1.107399999993504,1.1076000000030035,1.107799999997951,1.1079999999928987,1.1082000000023982,1.1083999999973457,1.1085999999922933,1.1088000000017928,1.1089999999967404,1.109199999991688,1.1094000000011874,1.109599999996135,1.1097999999910826,1.110000000000582,1.1101999999955297,1.1103999999904772,1.1105999999999767,1.1107999999949243,1.1109999999898719,1.1111999999993714,1.111399999994319,1.1116000000038184,1.111799999998766,1.1119999999937136,1.112200000003213,1.1123999999981606,1.1125999999931082,1.1128000000026077,1.1129999999975553,1.1131999999925029,1.1134000000020023,1.11359999999695,1.1137999999918975,1.114000000001397,1.1141999999963446,1.1143999999912921,1.1146000000007916,1.1147999999957392,1.1149999999906868,1.1152000000001863,1.1153999999951338,1.1155999999900814,1.115799999999581,1.1159999999945285,1.116200000004028,1.1163999999989755,1.1165999999939231,1.1168000000034226,1.1169999999983702,1.1171999999933178,1.1174000000028173,1.1175999999977648,1.1177999999927124,1.118000000002212,1.1181999999971595,1.118399999992107,1.1186000000016065,1.118799999996554,1.1189999999915017,1.1192000000010012,1.1193999999959487,1.1195999999908963,1.1198000000003958,1.1199999999953434,1.120199999990291,1.1203999999997905,1.120599999994738,1.1208000000042375,1.120999999999185,1.1211999999941327,1.1214000000036322,1.1215999999985797,1.1217999999935273,1.1220000000030268,1.1221999999979744,1.122399999992922,1.1226000000024214,1.122799999997369,1.1229999999923166,1.123200000001816,1.1233999999967637,1.1235999999917112,1.1238000000012107,1.1239999999961583,1.1241999999911059,1.1244000000006054,1.124599999995553,1.1247999999905005,1.125,1.1251999999949476,1.1253999999898952,1.1255999999993946,1.1257999999943422,1.1260000000038417,1.1261999999987893,1.1263999999937369,1.1266000000032363,1.126799999998184,1.1269999999931315,1.127200000002631,1.1273999999975786,1.1275999999925261,1.1278000000020256,1.1279999999969732,1.1281999999919208,1.1284000000014203,1.1285999999963678,1.1287999999913154,1.129000000000815,1.1291999999957625,1.12939999999071,1.1296000000002095,1.1297999999951571,1.1299999999901047,1.1301999999996042,1.1303999999945518,1.1306000000040513,1.1307999999989988,1.1309999999939464,1.131200000003446,1.1313999999983935,1.131599999993341,1.1318000000028405,1.131999999997788,1.1321999999927357,1.1324000000022352,1.1325999999971827,1.1327999999921303,1.1330000000016298,1.1331999999965774,1.133399999991525,1.1336000000010245,1.133799999995972,1.1339999999909196,1.134200000000419,1.1343999999953667,1.1345999999903142,1.1347999999998137,1.1349999999947613,1.1352000000042608,1.1353999999992084,1.135599999994156,1.1358000000036554,1.135999999998603,1.1361999999935506,1.13640000000305,1.1365999999979977,1.1367999999929452,1.1370000000024447,1.1371999999973923,1.1373999999923399,1.1376000000018394,1.137799999996787,1.1379999999917345,1.138200000001234,1.1383999999961816,1.1385999999911292,1.1388000000006286,1.1389999999955762,1.1391999999905238,1.1394000000000233,1.1395999999949709,1.1397999999899184,1.139999999999418,1.1401999999943655,1.140400000003865,1.1405999999988126,1.1407999999937601,1.1410000000032596,1.1411999999982072,1.1413999999931548,1.1416000000026543,1.1417999999976018,1.1419999999925494,1.142200000002049,1.1423999999969965,1.142599999991944,1.1428000000014435,1.1429999999963911,1.1431999999913387,1.1434000000008382,1.1435999999957858,1.1437999999907333,1.1440000000002328,1.1441999999951804,1.144399999990128,1.1445999999996275,1.144799999994575,1.1450000000040745,1.1451999999990221,1.1453999999939697,1.1456000000034692,1.1457999999984168,1.1459999999933643,1.1462000000028638,1.1463999999978114,1.146599999992759,1.1468000000022585,1.146999999997206,1.1471999999921536,1.147400000001653,1.1475999999966007,1.1477999999915482,1.1480000000010477,1.1481999999959953,1.1483999999909429,1.1486000000004424,1.14879999999539,1.1489999999903375,1.149199999999837,1.1493999999947846,1.149600000004284,1.1497999999992317,1.1499999999941792,1.1502000000036787,1.1503999999986263,1.1505999999935739,1.1508000000030734,1.150999999998021,1.1511999999929685,1.151400000002468,1.1515999999974156,1.1517999999923632,1.1520000000018626,1.1521999999968102,1.1523999999917578,1.1526000000012573,1.1527999999962049,1.1529999999911524,1.153200000000652,1.1533999999955995,1.153599999990547,1.1538000000000466,1.1539999999949941,1.1541999999899417,1.1543999999994412,1.1545999999943888,1.1548000000038883,1.1549999999988358,1.1551999999937834,1.155400000003283,1.1555999999982305,1.155799999993178,1.1560000000026776,1.1561999999976251,1.1563999999925727,1.1566000000020722,1.1567999999970198,1.1569999999919673,1.1572000000014668,1.1573999999964144,1.157599999991362,1.1578000000008615,1.157999999995809,1.1581999999907566,1.1584000000002561,1.1585999999952037,1.1587999999901513,1.1589999999996508,1.1591999999945983,1.1594000000040978,1.1595999999990454,1.159799999993993,1.1600000000034925,1.16019999999844,1.1603999999933876,1.160600000002887,1.1607999999978347,1.1609999999927823,1.1612000000022817,1.1613999999972293,1.161599999992177,1.1618000000016764,1.161999999996624,1.1621999999915715,1.162400000001071,1.1625999999960186,1.1627999999909662,1.1630000000004657,1.1631999999954132,1.1633999999903608,1.1635999999998603,1.1637999999948079,1.1640000000043074,1.164199999999255,1.1643999999942025,1.164600000003702,1.1647999999986496,1.1649999999935972,1.1652000000030966,1.1653999999980442,1.1655999999929918,1.1658000000024913,1.1659999999974389,1.1661999999923864,1.166400000001886,1.1665999999968335,1.166799999991781,1.1670000000012806,1.1671999999962281,1.1673999999911757,1.1676000000006752,1.1677999999956228,1.1679999999905704,1.1682000000000698,1.1683999999950174,1.168599999989965,1.1687999999994645,1.168999999994412,1.1692000000039116,1.1693999999988591,1.1695999999938067,1.1698000000033062,1.1699999999982538,1.1701999999932013,1.1704000000027008,1.1705999999976484,1.170799999992596,1.1710000000020955,1.171199999997043,1.1713999999919906,1.1716000000014901,1.1717999999964377,1.1719999999913853,1.1722000000008848,1.1723999999958323,1.17259999999078,1.1728000000002794,1.172999999995227,1.1731999999901745,1.173399999999674,1.1735999999946216,1.173800000004121,1.1739999999990687,1.1741999999940163,1.1744000000035157,1.1745999999984633,1.174799999993411,1.1750000000029104,1.175199999997858,1.1753999999928055,1.175600000002305,1.1757999999972526,1.1759999999922002,1.1762000000016997,1.1763999999966472,1.1765999999915948,1.1768000000010943,1.1769999999960419,1.1771999999909895,1.177400000000489,1.1775999999954365,1.177799999990384,1.1779999999998836,1.1781999999948312,1.1784000000043306,1.1785999999992782,1.1787999999942258,1.1790000000037253,1.1791999999986729,1.1793999999936204,1.17960000000312,1.1797999999980675,1.179999999993015,1.1802000000025146,1.1803999999974621,1.1805999999924097,1.1808000000019092,1.1809999999968568,1.1811999999918044,1.1814000000013039,1.1815999999962514,1.181799999991199,1.1820000000006985,1.182199999995646,1.1823999999905936,1.1826000000000931,1.1827999999950407,1.1829999999899883,1.1831999999994878,1.1833999999944353,1.1836000000039348,1.1837999999988824,1.18399999999383,1.1842000000033295,1.184399999998277,1.1845999999932246,1.1848000000027241,1.1849999999976717,1.1851999999926193,1.1854000000021188,1.1855999999970663,1.185799999992014,1.1860000000015134,1.186199999996461,1.1863999999914085,1.186600000000908,1.1867999999958556,1.1869999999908032,1.1872000000003027,1.1873999999952503,1.1875999999901978,1.1877999999996973,1.187999999994645,1.1882000000041444,1.188399999999092,1.1885999999940395,1.188800000003539,1.1889999999984866,1.1891999999934342,1.1894000000029337,1.1895999999978812,1.1897999999928288,1.1900000000023283,1.1901999999972759,1.1903999999922235,1.190600000001723,1.1907999999966705,1.190999999991618,1.1912000000011176,1.1913999999960652,1.1915999999910127,1.1918000000005122,1.1919999999954598,1.1921999999904074,1.1923999999999069,1.1925999999948544,1.192800000004354,1.1929999999993015,1.193199999994249,1.1934000000037486,1.1935999999986961,1.1937999999936437,1.1940000000031432,1.1941999999980908,1.1943999999930384,1.1946000000025379,1.1947999999974854,1.194999999992433,1.1952000000019325,1.19539999999688,1.1955999999918276,1.1958000000013271,1.1959999999962747,1.1961999999912223,1.1964000000007218,1.1965999999956694,1.196799999990617,1.1970000000001164,1.197199999995064,1.1973999999900116,1.197599999999511,1.1977999999944586,1.1980000000039581,1.1981999999989057,1.1983999999938533,1.1986000000033528,1.1987999999983003,1.198999999993248,1.1992000000027474,1.199399999997695,1.1995999999926426,1.199800000002142,1.1999999999970896,1.2001999999920372,1.2004000000015367,1.2005999999964843,1.2007999999914318,1.2010000000009313,1.201199999995879,1.2013999999908265,1.201600000000326,1.2017999999952735,1.2019999999902211,1.2021999999997206,1.2023999999946682,1.2026000000041677,1.2027999999991152,1.2029999999940628,1.2032000000035623,1.2033999999985099,1.2035999999934575,1.203800000002957,1.2039999999979045,1.204199999992852,1.2044000000023516,1.2045999999972992,1.2047999999922467,1.2050000000017462,1.2051999999966938,1.2053999999916414,1.2056000000011409,1.2057999999960884,1.205999999991036,1.2062000000005355,1.206399999995483,1.2065999999904307,1.2067999999999302,1.2069999999948777,1.2071999999898253,1.2073999999993248,1.2075999999942724,1.2078000000037719,1.2079999999987194,1.208199999993667,1.2084000000031665,1.208599999998114,1.2087999999930616,1.2090000000025611,1.2091999999975087,1.2093999999924563,1.2096000000019558,1.2097999999969034,1.209999999991851,1.2102000000013504,1.210399999996298,1.2105999999912456,1.210800000000745,1.2109999999956926,1.2111999999906402,1.2114000000001397,1.2115999999950873,1.2117999999900348,1.2119999999995343,1.212199999994482,1.2124000000039814,1.212599999998929,1.2127999999938766,1.213000000003376,1.2131999999983236,1.2133999999932712,1.2136000000027707,1.2137999999977183,1.2139999999926658,1.2142000000021653,1.214399999997113,1.2145999999920605,1.21480000000156,1.2149999999965075,1.2151999999914551,1.2154000000009546,1.2155999999959022,1.2157999999908498,1.2160000000003492,1.2161999999952968,1.2163999999902444,1.2165999999997439,1.2167999999946915,1.217000000004191,1.2171999999991385,1.217399999994086,1.2176000000035856,1.2177999999985332,1.2179999999934807,1.2182000000029802,1.2183999999979278,1.2185999999928754,1.2188000000023749,1.2189999999973224,1.21919999999227,1.2194000000017695,1.219599999996717,1.2197999999916647,1.2200000000011642,1.2201999999961117,1.2203999999910593,1.2206000000005588,1.2207999999955064,1.220999999990454,1.2211999999999534,1.221399999994901,1.2215999999898486,1.221799999999348,1.2219999999942956,1.2222000000037951,1.2223999999987427,1.2225999999936903,1.2228000000031898,1.2229999999981374,1.223199999993085,1.2234000000025844,1.223599999997532,1.2237999999924796,1.224000000001979,1.2241999999969266,1.2243999999918742,1.2246000000013737,1.2247999999963213,1.2249999999912689,1.2252000000007683,1.225399999995716,1.2255999999906635,1.225800000000163,1.2259999999951106,1.2261999999900581,1.2263999999995576,1.2265999999945052,1.2268000000040047,1.2269999999989523,1.2271999999938998,1.2274000000033993,1.227599999998347,1.2277999999932945,1.228000000002794,1.2281999999977415,1.2283999999926891,1.2286000000021886,1.2287999999971362,1.2289999999920838,1.2292000000015832,1.2293999999965308,1.2295999999914784,1.2298000000009779,1.2299999999959255,1.230199999990873,1.2304000000003725,1.23059999999532,1.2307999999902677,1.2309999999997672,1.2311999999947147,1.2314000000042142,1.2315999999991618,1.2317999999941094,1.2320000000036089,1.2321999999985565,1.232399999993504,1.2326000000030035,1.232799999997951,1.2329999999928987,1.2332000000023982,1.2333999999973457,1.2335999999922933,1.2338000000017928,1.2339999999967404,1.234199999991688,1.2344000000011874,1.234599999996135,1.2347999999910826,1.235000000000582,1.2351999999955297,1.2353999999904772,1.2355999999999767,1.2357999999949243,1.2359999999898719,1.2361999999993714,1.236399999994319,1.2366000000038184,1.236799999998766,1.2369999999937136,1.237200000003213,1.2373999999981606,1.2375999999931082,1.2378000000026077,1.2379999999975553,1.2381999999925029,1.2384000000020023,1.23859999999695,1.2387999999918975,1.239000000001397,1.2391999999963446,1.2393999999912921,1.2396000000007916,1.2397999999957392,1.2399999999906868,1.2402000000001863,1.2403999999951338,1.2405999999900814,1.240799999999581,1.2409999999945285,1.241200000004028,1.2413999999989755,1.2415999999939231,1.2418000000034226,1.2419999999983702,1.2421999999933178,1.2424000000028173,1.2425999999977648,1.2427999999927124,1.243000000002212,1.2431999999971595,1.243399999992107,1.2436000000016065,1.243799999996554,1.2439999999915017,1.2442000000010012,1.2443999999959487,1.2445999999908963,1.2448000000003958,1.2449999999953434,1.245199999990291,1.2453999999997905,1.245599999994738,1.2458000000042375,1.245999999999185,1.2461999999941327,1.2464000000036322,1.2465999999985797,1.2467999999935273,1.2470000000030268,1.2471999999979744,1.247399999992922,1.2476000000024214,1.247799999997369,1.2479999999923166,1.248200000001816,1.2483999999967637,1.2485999999917112,1.2488000000012107,1.2489999999961583,1.2491999999911059,1.2494000000006054,1.249599999995553,1.2497999999905005,1.25,1.2501999999949476,1.2503999999898952,1.2505999999993946,1.2507999999943422,1.2510000000038417,1.2511999999987893,1.2513999999937369,1.2516000000032363,1.251799999998184,1.2519999999931315,1.252200000002631,1.2523999999975786,1.2525999999925261,1.2528000000020256,1.2529999999969732,1.2531999999919208,1.2534000000014203,1.2535999999963678,1.2537999999913154,1.254000000000815,1.2541999999957625,1.25439999999071,1.2546000000002095,1.2547999999951571,1.2549999999901047,1.2551999999996042,1.2553999999945518,1.2556000000040513,1.2557999999989988,1.2559999999939464,1.256200000003446,1.2563999999983935,1.256599999993341,1.2568000000028405,1.256999999997788,1.2571999999927357,1.2574000000022352,1.2575999999971827,1.2577999999921303,1.2580000000016298,1.2581999999965774,1.258399999991525,1.2586000000010245,1.258799999995972,1.2589999999909196,1.259200000000419,1.2593999999953667,1.2595999999903142,1.2597999999998137,1.2599999999947613,1.2602000000042608,1.2603999999992084,1.260599999994156,1.2608000000036554,1.260999999998603,1.2611999999935506,1.26140000000305,1.2615999999979977,1.2617999999929452,1.2620000000024447,1.2621999999973923,1.2623999999923399,1.2626000000018394,1.262799999996787,1.2629999999917345,1.263200000001234,1.2633999999961816,1.2635999999911292,1.2638000000006286,1.2639999999955762,1.2641999999905238,1.2644000000000233,1.2645999999949709,1.2647999999899184,1.264999999999418,1.2651999999943655,1.265400000003865,1.2655999999988126,1.2657999999937601,1.2660000000032596,1.2661999999982072,1.2663999999931548,1.2666000000026543,1.2667999999976018,1.2669999999925494,1.267200000002049,1.2673999999969965,1.267599999991944,1.2678000000014435,1.2679999999963911,1.2681999999913387,1.2684000000008382,1.2685999999957858,1.2687999999907333,1.2690000000002328,1.2691999999951804,1.269399999990128,1.2695999999996275,1.269799999994575,1.2700000000040745,1.2701999999990221,1.2703999999939697,1.2706000000034692,1.2707999999984168,1.2709999999933643,1.2712000000028638,1.2713999999978114,1.271599999992759,1.2718000000022585,1.271999999997206,1.2721999999921536,1.272400000001653,1.2725999999966007,1.2727999999915482,1.2730000000010477,1.2731999999959953,1.2733999999909429,1.2736000000004424,1.27379999999539,1.2739999999903375,1.274199999999837,1.2743999999947846,1.274600000004284,1.2747999999992317,1.2749999999941792,1.2752000000036787,1.2753999999986263,1.2755999999935739,1.2758000000030734,1.275999999998021,1.2761999999929685,1.276400000002468,1.2765999999974156,1.2767999999923632,1.2770000000018626,1.2771999999968102,1.2773999999917578,1.2776000000012573,1.2777999999962049,1.2779999999911524,1.278200000000652,1.2783999999955995,1.278599999990547,1.2788000000000466,1.2789999999949941,1.2791999999899417,1.2793999999994412,1.2795999999943888,1.2798000000038883,1.2799999999988358,1.2801999999937834,1.280400000003283,1.2805999999982305,1.280799999993178,1.2810000000026776,1.2811999999976251,1.2813999999925727,1.2816000000020722,1.2817999999970198,1.2819999999919673,1.2822000000014668,1.2823999999964144,1.282599999991362,1.2828000000008615,1.282999999995809,1.2831999999907566,1.2834000000002561,1.2835999999952037,1.2837999999901513,1.2839999999996508,1.2841999999945983,1.2844000000040978,1.2845999999990454,1.284799999993993,1.2850000000034925,1.28519999999844,1.2853999999933876,1.285600000002887,1.2857999999978347,1.2859999999927823,1.2862000000022817,1.2863999999972293,1.286599999992177,1.2868000000016764,1.286999999996624,1.2871999999915715,1.287400000001071,1.2875999999960186,1.2877999999909662,1.2880000000004657,1.2881999999954132,1.2883999999903608,1.2885999999998603,1.2887999999948079,1.2890000000043074,1.289199999999255,1.2893999999942025,1.289600000003702,1.2897999999986496,1.2899999999935972,1.2902000000030966,1.2903999999980442,1.2905999999929918,1.2908000000024913,1.2909999999974389,1.2911999999923864,1.291400000001886,1.2915999999968335,1.291799999991781,1.2920000000012806,1.2921999999962281,1.2923999999911757,1.2926000000006752,1.2927999999956228,1.2929999999905704,1.2932000000000698,1.2933999999950174,1.293599999989965,1.2937999999994645,1.293999999994412,1.2942000000039116,1.2943999999988591,1.2945999999938067,1.2948000000033062,1.2949999999982538,1.2951999999932013,1.2954000000027008,1.2955999999976484,1.295799999992596,1.2960000000020955,1.296199999997043,1.2963999999919906,1.2966000000014901,1.2967999999964377,1.2969999999913853,1.2972000000008848,1.2973999999958323,1.29759999999078,1.2978000000002794,1.297999999995227,1.2981999999901745,1.298399999999674,1.2985999999946216,1.298800000004121,1.2989999999990687,1.2991999999940163,1.2994000000035157,1.2995999999984633,1.299799999993411,1.3000000000029104,1.300199999997858,1.3003999999928055,1.300600000002305,1.3007999999972526,1.3009999999922002,1.3012000000016997,1.3013999999966472,1.3015999999915948,1.3018000000010943,1.3019999999960419,1.3021999999909895,1.302400000000489,1.3025999999954365,1.302799999990384,1.3029999999998836,1.3031999999948312,1.3034000000043306,1.3035999999992782,1.3037999999942258,1.3040000000037253,1.3041999999986729,1.3043999999936204,1.30460000000312,1.3047999999980675,1.304999999993015,1.3052000000025146,1.3053999999974621,1.3055999999924097,1.3058000000019092,1.3059999999968568,1.3061999999918044,1.3064000000013039,1.3065999999962514,1.306799999991199,1.3070000000006985,1.307199999995646,1.3073999999905936,1.3076000000000931,1.3077999999950407,1.3079999999899883,1.3081999999994878,1.3083999999944353,1.3086000000039348,1.3087999999988824,1.30899999999383,1.3092000000033295,1.309399999998277,1.3095999999932246,1.3098000000027241,1.3099999999976717,1.3101999999926193,1.3104000000021188,1.3105999999970663,1.310799999992014,1.3110000000015134,1.311199999996461,1.3113999999914085,1.311600000000908,1.3117999999958556,1.3119999999908032,1.3122000000003027,1.3123999999952503,1.3125999999901978,1.3127999999996973,1.312999999994645,1.3132000000041444,1.313399999999092,1.3135999999940395,1.313800000003539,1.3139999999984866,1.3141999999934342,1.3144000000029337,1.3145999999978812,1.3147999999928288,1.3150000000023283,1.3151999999972759,1.3153999999922235,1.315600000001723,1.3157999999966705,1.315999999991618,1.3162000000011176,1.3163999999960652,1.3165999999910127,1.3168000000005122,1.3169999999954598,1.3171999999904074,1.3173999999999069,1.3175999999948544,1.317800000004354,1.3179999999993015,1.318199999994249,1.3184000000037486,1.3185999999986961,1.3187999999936437,1.3190000000031432,1.3191999999980908,1.3193999999930384,1.3196000000025379,1.3197999999974854,1.319999999992433,1.3202000000019325,1.32039999999688,1.3205999999918276,1.3208000000013271,1.3209999999962747,1.3211999999912223,1.3214000000007218,1.3215999999956694,1.321799999990617,1.3220000000001164,1.322199999995064,1.3223999999900116,1.322599999999511,1.3227999999944586,1.3230000000039581,1.3231999999989057,1.3233999999938533,1.3236000000033528,1.3237999999983003,1.323999999993248,1.3242000000027474,1.324399999997695,1.3245999999926426,1.324800000002142,1.3249999999970896,1.3251999999920372,1.3254000000015367,1.3255999999964843,1.3257999999914318,1.3260000000009313,1.326199999995879,1.3263999999908265,1.326600000000326,1.3267999999952735,1.3269999999902211,1.3271999999997206,1.3273999999946682,1.3276000000041677,1.3277999999991152,1.3279999999940628,1.3282000000035623,1.3283999999985099,1.3285999999934575,1.328800000002957,1.3289999999979045,1.329199999992852,1.3294000000023516,1.3295999999972992,1.3297999999922467,1.3300000000017462,1.3301999999966938,1.3303999999916414,1.3306000000011409,1.3307999999960884,1.330999999991036,1.3312000000005355,1.331399999995483,1.3315999999904307,1.3317999999999302,1.3319999999948777,1.3321999999898253,1.3323999999993248,1.3325999999942724,1.3328000000037719,1.3329999999987194,1.333199999993667,1.3334000000031665,1.333599999998114,1.3337999999930616,1.3340000000025611,1.3341999999975087,1.3343999999924563,1.3346000000019558,1.3347999999969034,1.334999999991851,1.3352000000013504,1.335399999996298,1.3355999999912456,1.335800000000745,1.3359999999956926,1.3361999999906402,1.3364000000001397,1.3365999999950873,1.3367999999900348,1.3369999999995343,1.337199999994482,1.3374000000039814,1.337599999998929,1.3377999999938766,1.338000000003376,1.3381999999983236,1.3383999999932712,1.3386000000027707,1.3387999999977183,1.3389999999926658,1.3392000000021653,1.339399999997113,1.3395999999920605,1.33980000000156,1.3399999999965075,1.3401999999914551,1.3404000000009546,1.3405999999959022,1.3407999999908498,1.3410000000003492,1.3411999999952968,1.3413999999902444,1.3415999999997439,1.3417999999946915,1.342000000004191,1.3421999999991385,1.342399999994086,1.3426000000035856,1.3427999999985332,1.3429999999934807,1.3432000000029802,1.3433999999979278,1.3435999999928754,1.3438000000023749,1.3439999999973224,1.34419999999227,1.3444000000017695,1.344599999996717,1.3447999999916647,1.3450000000011642,1.3451999999961117,1.3453999999910593,1.3456000000005588,1.3457999999955064,1.345999999990454,1.3461999999999534,1.346399999994901,1.3465999999898486,1.346799999999348,1.3469999999942956,1.3472000000037951,1.3473999999987427,1.3475999999936903,1.3478000000031898,1.3479999999981374,1.348199999993085,1.3484000000025844,1.348599999997532,1.3487999999924796,1.349000000001979,1.3491999999969266,1.3493999999918742,1.3496000000013737,1.3497999999963213,1.3499999999912689,1.3502000000007683,1.350399999995716,1.3505999999906635,1.350800000000163,1.3509999999951106,1.3511999999900581,1.3513999999995576,1.3515999999945052,1.3518000000040047,1.3519999999989523,1.3521999999938998,1.3524000000033993,1.352599999998347,1.3527999999932945,1.353000000002794,1.3531999999977415,1.3533999999926891,1.3536000000021886,1.3537999999971362,1.3539999999920838,1.3542000000015832,1.3543999999965308,1.3545999999914784,1.3548000000009779,1.3549999999959255,1.355199999990873,1.3554000000003725,1.35559999999532,1.3557999999902677,1.3559999999997672,1.3561999999947147,1.3564000000042142,1.3565999999991618,1.3567999999941094,1.3570000000036089,1.3571999999985565,1.357399999993504,1.3576000000030035,1.357799999997951,1.3579999999928987,1.3582000000023982,1.3583999999973457,1.3585999999922933,1.3588000000017928,1.3589999999967404,1.359199999991688,1.3594000000011874,1.359599999996135,1.3597999999910826,1.360000000000582,1.3601999999955297,1.3603999999904772,1.3605999999999767,1.3607999999949243,1.3609999999898719,1.3611999999993714,1.361399999994319,1.3616000000038184,1.361799999998766,1.3619999999937136,1.362200000003213,1.3623999999981606,1.3625999999931082,1.3628000000026077,1.3629999999975553,1.3631999999925029,1.3634000000020023,1.36359999999695,1.3637999999918975,1.364000000001397,1.3641999999963446,1.3643999999912921,1.3646000000007916,1.3647999999957392,1.3649999999906868,1.3652000000001863,1.3653999999951338,1.3655999999900814,1.365799999999581,1.3659999999945285,1.366200000004028,1.3663999999989755,1.3665999999939231,1.3668000000034226,1.3669999999983702,1.3671999999933178,1.3674000000028173,1.3675999999977648,1.3677999999927124,1.368000000002212,1.3681999999971595,1.368399999992107,1.3686000000016065,1.368799999996554,1.3689999999915017,1.3692000000010012,1.3693999999959487,1.3695999999908963,1.3698000000003958,1.3699999999953434,1.370199999990291,1.3703999999997905,1.370599999994738,1.3708000000042375,1.370999999999185,1.3711999999941327,1.3714000000036322,1.3715999999985797,1.3717999999935273,1.3720000000030268,1.3721999999979744,1.372399999992922,1.3726000000024214,1.372799999997369,1.3729999999923166,1.373200000001816,1.3733999999967637,1.3735999999917112,1.3738000000012107,1.3739999999961583,1.3741999999911059,1.3744000000006054,1.374599999995553,1.3747999999905005,1.375,1.3751999999949476,1.3753999999898952,1.3755999999993946,1.3757999999943422,1.3760000000038417,1.3761999999987893,1.3763999999937369,1.3766000000032363,1.376799999998184,1.3769999999931315,1.377200000002631,1.3773999999975786,1.3775999999925261,1.3778000000020256,1.3779999999969732,1.3781999999919208,1.3784000000014203,1.3785999999963678,1.3787999999913154,1.379000000000815,1.3791999999957625,1.37939999999071,1.3796000000002095,1.3797999999951571,1.3799999999901047,1.3801999999996042,1.3803999999945518,1.3806000000040513,1.3807999999989988,1.3809999999939464,1.381200000003446,1.3813999999983935,1.381599999993341,1.3818000000028405,1.381999999997788,1.3821999999927357,1.3824000000022352,1.3825999999971827,1.3827999999921303,1.3830000000016298,1.3831999999965774,1.383399999991525,1.3836000000010245,1.383799999995972,1.3839999999909196,1.384200000000419,1.3843999999953667,1.3845999999903142,1.3847999999998137,1.3849999999947613,1.3852000000042608,1.3853999999992084,1.385599999994156,1.3858000000036554,1.385999999998603,1.3861999999935506,1.38640000000305,1.3865999999979977,1.3867999999929452,1.3870000000024447,1.3871999999973923,1.3873999999923399,1.3876000000018394,1.387799999996787,1.3879999999917345,1.388200000001234,1.3883999999961816,1.3885999999911292,1.3888000000006286,1.3889999999955762,1.3891999999905238,1.3894000000000233,1.3895999999949709,1.3897999999899184,1.389999999999418,1.3901999999943655,1.390400000003865,1.3905999999988126,1.3907999999937601,1.3910000000032596,1.3911999999982072,1.3913999999931548,1.3916000000026543,1.3917999999976018,1.3919999999925494,1.392200000002049,1.3923999999969965,1.392599999991944,1.3928000000014435,1.3929999999963911,1.3931999999913387,1.3934000000008382,1.3935999999957858,1.3937999999907333,1.3940000000002328,1.3941999999951804,1.394399999990128,1.3945999999996275,1.394799999994575,1.3950000000040745,1.3951999999990221,1.3953999999939697,1.3956000000034692,1.3957999999984168,1.3959999999933643,1.3962000000028638,1.3963999999978114,1.396599999992759,1.3968000000022585,1.396999999997206,1.3971999999921536,1.397400000001653,1.3975999999966007,1.3977999999915482,1.3980000000010477,1.3981999999959953,1.3983999999909429,1.3986000000004424,1.39879999999539,1.3989999999903375,1.399199999999837,1.3993999999947846,1.399600000004284,1.3997999999992317,1.3999999999941792
Sweep_0,-110.0,-71.47,-71.23,-71.29,-71.5,-71.14,-71.56,-71.44,-71.14,-71.47,-71.53,-71.32,-71.17,-71.5,-71.56,-71.5,-71.29,-71.17,-71.17,-71.2,-71.32,-71.38,-71.35,-71.32,-71.29,-71.53,-71.35,-71.56,-71.56,-71.41,-71.29,-71.26,-71.41,-71.62,-71.29,-71.41,-71.69,-71.41,-71.66,-71.32,-71.69,-71.47,-71.56,-71.56,-71.38,-71.66,-71.32,-71.69,-71.47,-71.23,-71.66,-71.56,-71.26,-71.5,-71.59,-71.53,-71.41,-71.2,-71.44,-71.5,-71.66,-71.78,-71.59,-71.62,-71.62,-71.66,-71.69,-71.32,-71.62,-71.32,-71.17,-71.35,-71.38,-71.56,-71.53,-71.26,-71.69,-71.41,-71.32,-71.53,-71.32,-71.69,-71.35,-71.47,-71.38,-71.29,-71.66,-71.17,-71.47,-71.47,-71.2,-71.69,-71.53,-71.2,-71.53,-71.69,-71.62,-71.2,-71.29,-71.56,-71.66,-71.81,-71.59,-71.66,-71.59,-71.56,-71.75,-71.66,-71.53,-71.32,-71.56,-71.81,-71.59,-71.53,-71.35,-71.26,-71.56,-71.59,-71.26,-71.62,-71.41,-71.72,-71.41,-71.62,-71.41,-71.72,-71.32,-71.69,-71.32,-71.56,-71.53,-71.32,-71.62,-71.53,-71.2,-71.56,-71.75,-71.47,-71.2,-71.38,-71.62,-71.75,-71.53,-71.38,-71.35,-71.23,-71.26,-71.2,-71.29,-71.23,-71.23,-71.72,-71.38,-71.17,-71.2,-71.38,-71.59,-71.56,-71.35,-71.38,-71.59,-71.2,-71.59,-71.23,-71.5,-71.17,-71.69,-71.2,-71.56,-71.35,-71.38,-71.66,-71.2,-71.53,-71.53,-71.17,-71.72,-71.62,-71.44,-71.23,-71.5,-71.81,-71.69,-71.56,-71.38,-71.29,-71.29,-71.2,-71.23,-71.2,-71.26,-71.32,-71.62,-71.32,-71.59,-71.69,-71.72,-71.53,-71.29,-71.32,-71.62,-71.47,-71.44,-71.62,-71.35,-71.62,-71.38,-71.59,-71.44,-71.47,-71.62,-71.35,-71.69,-71.32,-71.5,-71.66,-71.47,-71.44,-71.72,-71.44,-71.23,-71.5,-71.66,-71.62,-71.44,-71.29,-71.29,-71.2,-71.26,-71.32,-71.35,-71.41,-71.26,-71.62,-71.59,-71.53,-71.38,-71.35,-71.47,-71.56,-71.66,-71.56,-71.32,-71.72,-71.26,-71.56,-71.35,-71.62,-71.26,-71.62,-71.26,-71.87,-71.23,-71.62,-71.56,-71.29,-71.87,-71.41,-71.38,-71.69,-71.56,-71.35,-71.47,-71.69,-71.66,-71.44,-71.35,-71.32,-71.44,-71.44,-71.59,-71.72,-71.72,-71.69,-71.72,-71.87,-71.47,-71.72,-71.84,-71.75,-71.62,-71.53,-71.35,-71.69,-71.66,-71.47,-71.87,-71.38,-71.81,-71.44,-71.87,-71.56,-71.87,-71.53,-71.69,-71.72,-71.59,-71.84,-71.59,-71.47,-71.87,-71.69,-71.47,-71.66,-71.87,-71.62,-71.5,-71.41,-71.62,-71.78,-71.87,-71.9,-71.81,-71.84,-71.78,-71.84,-71.81,-71.41,-71.78,-71.5,-71.41,-71.47,-71.5,-71.75,-71.78,-71.44,-71.75,-71.69,-71.38,-71.75,-71.41,-71.75,-71.38,-71.72,-71.5,-71.56,-71.9,-71.32,-71.72,-71.53,-71.47,-71.96,-71.53,-71.35,-71.69,-71.75,-71.56,-71.32,-71.5,-71.75,-71.84,-71.84,-71.75,-71.69,-71.69,-71.66,-71.75,-71.72,-71.5,-71.66,-71.5,-71.87,-71.81,-71.78,-71.66,-71.47,-71.66,-71.84,-71.38,-71.78,-71.69,-71.81,-71.69,-71.72,-71.59,-71.81,-71.62,-71.84,-71.41,-71.72,-71.72,-71.53,-71.87,-71.69,-71.41,-71.75,-71.96,-71.56,-71.38,-71.62,-71.87,-71.9,-71.78,-71.69,-71.59,-71.44,-71.47,-71.44,-71.35,-71.35,-71.41,-71.75,-71.62,-71.38,-71.38,-71.44,-71.66,-71.75,-71.53,-71.47,-71.84,-71.38,-71.72,-71.38,-71.78,-71.35,-71.93,-71.32,-71.75,-71.38,-71.56,-71.87,-71.35,-71.72,-71.66,-71.35,-71.84,-71.78,-71.41,-71.44,-71.69,-71.93,-71.78,-71.59,-71.44,-71.35,-71.5,-71.44,-71.38,-71.44,-71.41,-71.59,-71.9,-71.47,-71.75,-71.84,-71.93,-71.81,-71.69,-71.44,-71.75,-71.78,-71.59,-71.93,-71.5,-71.93,-71.66,-71.93,-71.53,-71.93,-71.72,-71.81,-71.87,-71.5,-71.93,-71.75,-71.59,-71.96,-71.72,-71.44,-71.62,-71.96,-71.81,-71.59,-71.35,-71.47,-71.66,-71.66,-71.78,-71.81,-71.87,-71.9,-71.84,-71.84,-71.44,-71.84,-71.81,-71.5,-71.38,-71.44,-71.69,-71.9,-71.47,-71.66,-71.69,-71.47,-71.93,-71.41,-71.72,-71.5,-71.66,-71.72,-71.5,-71.84,-71.35,-71.75,-71.75,-71.38,-71.81,-71.69,-71.44,-71.72,-71.9,-71.81,-71.44,-71.38,-71.69,-71.75,-71.75,-71.87,-71.84,-71.93,-71.87,-71.93,-71.87,-71.72,-71.72,-71.47,-71.69,-71.84,-71.87,-71.87,-71.66,-71.44,-71.81,-71.47,-71.87,-71.75,-71.69,-71.75,-71.72,-71.78,-71.78,-71.56,-71.9,-71.5,-72.02,-71.75,-71.5,-71.9,-71.72,-71.53,-71.84,-71.84,-71.59,-71.41,-71.72,-71.87,-71.87,-71.81,-71.66,-71.66,-71.47,-71.47,-71.44,-71.5,-71.5,-71.56,-71.62,-71.78,-71.75,-71.75,-71.47,-71.38,-71.75,-71.81,-71.59,-71.72,-71.44,-71.72,-71.53,-71.78,-71.53,-71.81,-71.41,-71.84,-71.53,-71.75,-71.78,-71.38,-71.81,-71.78,-71.41,-71.81,-71.81,-71.5,-71.5,-71.69,-71.9,-71.81,-71.66,-71.59,-71.47,-71.38,-71.38,-71.41,-71.53,-71.44,-71.62,-71.87,-71.56,-71.62,-71.66,-71.81,-71.9,-71.81,-71.72,-71.69,-71.87,-71.47,-71.96,-71.59,-71.84,-71.44,-71.93,-71.5,-72.02,-71.62,-71.75,-71.84,-71.47,-71.93,-71.81,-71.53,-71.9,-71.84,-71.56,-71.56,-71.84,-71.9,-71.78,-71.59,-71.47,-71.5,-71.5,-71.59,-71.72,-71.69,-71.59,-71.59,-71.75,-71.53,-71.78,-71.84,-71.66,-71.62,-71.62,-71.44,-71.81,-71.59,-71.62,-71.81,-71.41,-71.75,-71.41,-71.81,-71.59,-71.66,-71.62,-71.47,-71.84,-71.53,-71.78,-71.72,-71.41,-71.84,-71.81,-71.41,-71.56,-71.87,-71.81,-71.53,-71.35,-71.47,-71.66,-71.84,-71.93,-71.9,-71.84,-71.84,-71.87,-71.93,-71.56,-71.87,-71.53,-71.44,-71.66,-71.62,-71.78,-71.84,-71.5,-71.9,-71.69,-71.66,-71.84,-71.59,-71.93,-71.69,-71.78,-71.75,-71.59,-71.99,-71.44,-71.84,-71.66,-71.5,-71.93,-71.66,-71.38,-71.72,-71.9,-71.69,-71.41,-71.5,-71.66,-71.84,-71.96,-71.84,-71.81,-71.78,-71.72,-71.81,-71.75,-71.56,-71.59,-71.53,-71.93,-71.81,-71.75,-71.56,-71.32,-71.72,-71.78,-71.41,-71.66,-71.32,-71.66,-71.47,-71.59,-71.38,-71.69,-71.35,-71.69,-71.44,-71.53,-71.69,-71.35,-71.66,-71.69,-71.32,-71.47,-71.87,-71.56,-71.32,-71.35,-71.59,-71.81,-71.78,-71.81,-71.69,-71.62,-71.66,-71.56,-71.69,-71.62,-71.41,-71.93,-71.5,-71.35,-71.41,-71.53,-71.78,-71.75,-71.41,-71.5,-71.72,-71.53,-71.87,-71.44,-71.9,-71.38,-71.84,-71.5,-71.78,-71.69,-71.5,-71.87,-71.41,-71.66,-71.81,-71.38,-71.66,-71.87,-71.56,-71.35,-71.53,-71.81,-71.78,-71.66,-71.59,-71.35,-71.38,-71.26,-71.35,-71.29,-71.23,-71.41,-71.66,-71.32,-71.62,-71.72,-71.75,-71.59,-71.35,-71.41,-71.66,-71.44,-71.5,-71.5,-71.32,-71.62,-71.44,-71.5,-71.41,-71.41,-71.59,-71.26,-71.62,-71.2,-71.41,-71.59,-71.32,-71.41,-71.66,-71.44,-71.17,-71.53,-71.66,-71.59,-71.41,-71.26,-71.26,-71.2,-71.23,-71.35,-71.17,-71.41,-71.23,-71.44,-71.62,-71.5,-71.35,-71.26,-71.41,-71.53,-71.66,-71.53,-71.29,-71.66,-71.29,-71.75,-71.5,-71.72,-71.41,-71.72,-71.35,-71.84,-71.35,-71.72,-71.53,-71.44,-71.81,-71.41,-71.41,-71.75,-71.47,-71.32,-71.56,-71.75,-71.62,-71.44,-71.44,-71.32,-71.44,-71.56,-71.62,-71.78,-71.59,-71.62,-71.59,-71.62,-71.32,-71.47,-71.59,-71.66,-71.66,-71.62,-71.26,-71.59,-71.66,-71.29,-71.75,-71.2,-71.66,-71.26,-71.59,-71.26,-71.66,-71.32,-71.53,-71.5,-71.41,-71.72,-71.38,-71.44,-71.75,-71.5,-71.29,-71.66,-71.72,-71.5,-71.35,-71.35,-71.53,-71.66,-71.75,-71.96,-71.78,-71.69,-71.78,-71.72,-71.75,-71.32,-71.69,-71.62,-71.41,-71.44,-71.32,-71.56,-71.75,-71.53,-71.56,-71.75,-71.38,-71.81,-71.29,-71.87,-71.38,-71.75,-71.5,-71.78,-71.72,-71.47,-71.75,-71.38,-71.62,-71.81,-71.38,-71.47,-71.69,-71.72,-71.41,-71.35,-71.62,-71.81,-71.72,-71.69,-71.47,-71.41,-71.32,-71.29,-71.32,-71.32,-71.29,-71.69,-71.23,-71.44,-71.5,-71.66,-71.62,-71.53,-71.35,-71.53,-71.56,-71.26,-71.53,-71.17,-71.56,-71.2,-71.56,-71.35,-71.56,-73.49,-73.85,-74.77,-74.86,-75.65,-76.11,-76.2,-76.81,-77.42,-77.51,-77.64,-78.25,-78.8,-79.04,-79.38,-79.28,-79.5,-79.77,-80.11,-80.54,-80.66,-80.93,-81.24,-81.85,-81.91,-82.4,-82.64,-82.73,-82.92,-83.1,-83.4,-83.89,-83.8,-84.2,-84.66,-84.59,-84.99,-85.02,-85.51,-85.54,-85.91,-86.0,-86.12,-86.61,-86.46,-86.98,-87.04,-87.01,-87.55,-87.77,-87.55,-88.04,-88.47,-88.5,-88.59,-88.53,-88.9,-89.29,-89.54,-89.84,-89.97,-90.09,-90.3,-90.39,-90.7,-90.42,-91.0,-91.13,-91.03,-91.25,-91.4,-91.77,-92.07,-92.04,-92.32,-92.62,-92.29,-92.99,-92.62,-93.35,-93.05,-93.63,-93.38,-93.87,-94.02,-93.84,-94.45,-94.24,-94.57,-95.0,-94.7,-94.97,-95.4,-95.43,-95.49,-95.55,-95.95,-96.19,-96.28,-96.5,-96.47,-96.53,-96.62,-96.71,-96.98,-97.17,-97.17,-97.72,-97.44,-97.81,-97.99,-98.21,-98.36,-98.33,-98.33,-98.66,-98.85,-98.72,-99.3,-99.03,-99.55,-99.24,-99.82,-99.55,-100.1,-99.98,-100.13,-100.43,-100.13,-100.74,-100.77,-100.52,-101.01,-101.17,-101.23,-101.14,-101.53,-101.75,-101.78,-101.75,-101.68,-101.87,-101.96,-102.2,-102.39,-102.48,-102.51,-102.75,-102.97,-102.78,-103.15,-103.39,-103.52,-103.55,-103.58,-103.49,-104.03,-104.03,-103.88,-104.4,-104.03,-104.58,-104.22,-104.8,-104.58,-105.07,-104.8,-105.1,-105.26,-105.26,-105.56,-105.29,-105.5,-105.93,-105.9,-105.74,-106.17,-106.26,-106.17,-106.2,-106.38,-106.63,-106.96,-107.06,-107.21,-107.15,-107.3,-107.39,-107.51,-107.76,-107.3,-107.79,-107.88,-107.76,-107.82,-107.82,-108.18,-108.4,-108.4,-108.28,-108.67,-108.46,-108.95,-108.61,-109.1,-108.76,-109.28,-108.92,-109.41,-109.28,-109.62,-109.59,-109.41,-109.92,-110.05,-109.65,-110.11,-110.14,-109.95,-110.08,-110.35,-110.5,-110.6,-110.53,-110.47,-110.47,-110.47,-110.6,-110.69,-110.84,-110.78,-111.15,-111.3,-111.24,-111.18,-111.18,-111.36,-111.63,-111.79,-111.88,-111.57,-112.06,-111.76,-112.06,-112.03,-112.15,-112.06,-112.34,-112.15,-112.61,-112.21,-112.7,-112.46,-112.7,-113.04,-112.55,-112.98,-113.13,-112.79,-113.01,-113.31,-113.31,-113.19,-113.1,-113.25,-113.49,-113.59,-113.77,-113.83,-113.95,-113.92,-113.98,-114.04,-113.8,-114.2,-113.77,-114.01,-114.17,-114.35,-114.41,-114.38,-114.07,-114.53,-114.53,-114.53,-114.75,-114.47,-114.93,-114.59,-115.05,-114.81,-115.05,-115.02,-114.9,-115.45,-114.9,-115.26,-115.39,-114.96,-115.39,-115.45,-115.39,-115.17,-115.54,-115.84,-115.78,-115.63,-115.48,-115.6,-115.57,-115.57,-115.69,-115.66,-115.63,-115.94,-116.15,-115.75,-116.0,-116.21,-116.42,-116.33,-116.36,-116.15,-116.27,-116.58,-116.18,-116.61,-116.24,-116.55,-116.39,-116.64,-116.42,-116.85,-116.42,-117.03,-116.64,-116.7,-117.0,-116.64,-116.97,-117.1,-116.73,-116.91,-117.19,-117.28,-116.97,-116.88,-117.03,-117.28,-117.49,-117.46,-117.52,-117.55,-117.49,-117.68,-117.65,-117.46,-117.43,-117.34,-117.65,-117.68,-117.68,-117.68,-117.52,-117.52,-117.86,-117.55,-117.8,-117.89,-117.77,-118.04,-117.74,-118.01,-117.89,-118.07,-118.07,-117.77,-118.23,-117.89,-118.23,-118.32,-117.92,-118.19,-118.35,-118.26,-118.01,-118.29,-118.53,-118.47,-118.44,-118.19,-118.23,-118.19,-118.35,-118.47,-118.47,-118.41,-118.47,-118.71,-118.41,-118.68,-118.77,-118.8,-118.74,-118.68,-118.5,-118.8,-118.96,-118.59,-119.08,-118.56,-118.99,-118.65,-119.11,-118.87,-119.14,-118.68,-119.14,-118.84,-119.11,-119.23,-118.8,-119.2,-119.17,-118.96,-119.2,-119.29,-119.11,-118.93,-119.17,-119.32,-119.45,-119.38,-119.29,-119.26,-119.11,-119.08,-119.14,-119.17,-119.17,-119.42,-119.17,-119.35,-119.57,-119.6,-119.48,-119.26,-119.32,-119.63,-119.42,-119.48,-119.66,-119.42,-119.66,-119.57,-119.75,-119.48,-119.6,-119.66,-119.51,-119.87,-119.45,-119.72,-119.69,-119.42,-119.66,-119.81,-119.51,-119.45,-119.84,-119.78,-119.6,-119.38,-119.35,-119.45,-119.54,-119.6,-119.66,-119.66,-119.81,-119.66,-119.75,-119.35,-119.72,-119.72,-119.63,-119.48,-119.35,-119.45,-119.84,-119.66,-119.38,-119.75,-119.29,-119.87,-119.29,-119.66,-119.23,-119.66,-119.38,-119.75,-119.42,-119.57,-119.69,-119.35,-119.75,-119.6,-119.35,-119.66,-119.84,-119.57,-119.32,-119.66,-119.84,-119.87,-119.75,-119.51,-119.45,-119.32,-119.45,-119.29,-119.29,-119.35,-119.66,-119.63,-119.81,-119.75,-119.66,-119.54,-119.48,-119.63,-119.81,-119.57,-119.72,-120.03,-119.54,-119.96,-119.54,-119.93,-119.66,-119.84,-119.66,-119.78,-119.96,-119.57,-120.0,-119.66,-119.66,-119.93,-119.72,-119.54,-119.81,-119.87,-119.69,-119.54,-119.63,-119.93,-120.03,-120.03,-119.93,-119.84,-119.78,-119.81,-119.81,-119.75,-119.57,-119.69,-119.84,-119.72,-119.6,-119.48,-119.48,-119.72,-119.81,-119.57,-119.78,-119.48,-119.6,-119.57,-119.6,-119.51,-119.69,-119.45,-119.75,-119.42,-119.75,-119.48,-119.54,-119.84,-119.45,-119.6,-119.84,-119.63,-119.35,-119.81,-119.81,-119.75,-119.6,-119.42,-119.42,-119.45,-119.63,-119.6,-119.6,-119.66,-119.57,-119.78,-119.45,-119.75,-119.78,-119.54,-119.38,-119.29,-119.35,-119.81,-119.51,-119.35,-119.72,-119.29,-119.81,-119.26,-119.63,-119.26,-119.72,-119.35,-119.72,-119.45,-119.48,-119.72,-119.42,-119.63,-119.63,-119.2,-119.54,-119.78,-119.42,-119.26,-119.51,-119.69,-119.78,-119.54,-119.38,-119.26,-119.14,-119.17,-119.05,-119.02,-118.93,-119.23,-119.23,-119.42,-119.42,-119.29,-119.17,-119.2,-119.17,-119.45,-119.26,-119.23,-119.57,-119.05,-119.51,-119.05,-119.51,-119.17,-119.48,-119.17,-119.38,-119.32,-119.29,-119.45,-119.05,-119.32,-119.48,-119.2,-119.14,-119.51,-119.38,-119.14,-119.17,-119.32,-119.48,-119.42,-119.45,-119.42,-119.29,-119.2,-119.23,-119.2,-119.17,-119.23,-119.11,-119.38,-119.45,-119.57,-119.29,-118.99,-119.11,-119.42,-119.29,-119.29,-119.51,-119.14,-119.45,-119.14,-119.42,-119.14,-119.32,-119.32,-119.26,-119.48,-119.02,-119.48,-119.38,-119.05,-119.45,-119.29,-119.08,-119.26,-119.48,-119.35,-119.05,-118.87,-119.02,-119.35,-119.23,-119.29,-119.29,-119.29,-119.38,-119.23,-119.17,-118.84,-119.05,-119.32,-119.14,-119.11,-119.02,-118.84,-119.02,-119.2,-118.77,-119.02,-118.9,-118.93,-118.96,-118.9,-119.05,-118.96,-119.05,-118.96,-118.74,-119.2,-118.77,-119.11,-119.08,-118.74,-119.05,-119.11,-118.87,-118.77,-119.05,-119.05,-118.9,-118.68,-118.65,-118.74,-118.87,-119.08,-119.11,-118.99,-119.02,-119.08,-118.99,-119.02,-118.59,-118.9,-119.02,-119.08,-119.08,-118.71,-118.68,-119.02,-118.71,-119.05,-118.96,-118.99,-118.96,-118.9,-118.99,-118.96,-118.74,-119.08,-118.59,-119.08,-118.77,-118.68,-119.05,-118.74,-118.71,-118.96,-118.9,-118.56,-118.62,-119.02,-118.99,-118.96,-118.77,-118.62,-118.62,-118.53,-118.47,-118.47,-118.44,-118.59,-118.9,-118.5,-118.56,-118.71,-118.93,-118.8,-118.77,-118.47,-118.59,-118.87,-118.29,-118.74,-118.38,-118.71,-118.5,-118.71,-118.38,-118.8,-118.35,-118.87,-118.5,-118.68,-118.8,-118.38,-118.8,-118.77,-118.41,-118.62,-118.87,-118.74,-118.41,-118.47,-118.74,-118.84,-118.96,-118.93,-118.84,-118.8,-118.84,-118.96,-118.87,-118.56,-118.87,-118.53,-118.71,-118.9,-118.9,-118.87,-118.8,-118.56,-118.84,-118.84,-118.56,-119.02,-118.59,-118.99,-118.53,-118.99,-118.56,-119.2,-118.68,-118.84,-118.84,-118.53,-119.23,-118.74,-118.53,-118.93,-118.96,-118.62,-118.59,-118.93,-118.93,-118.84,-118.71,-118.59,-118.56,-118.59,-118.68,-118.8,-118.59,-118.68,-118.77,-118.93,-118.62,-118.8,-118.9,-118.93,-118.87,-118.74,-118.62,-118.93,-118.8,-118.62,-118.93,-118.68,-118.71,-118.77,-118.44,-118.96,-118.5,-118.65,-118.87,-118.44,-118.8,-118.74,-118.41,-118.62,-118.74,-118.65,-118.29,-118.65,-118.84,-118.77,-118.68,-118.41,-118.38,-118.38,-118.41,-118.68,-118.53,-118.44,-118.47,-118.38,-118.65,-118.87,-118.5,-118.74,-118.87,-118.96,-118.74,-118.41,-118.62,-118.77,-118.47,-118.87,-118.53,-118.93,-118.47,-119.02,-118.44,-118.87,-118.62,-118.68,-118.93,-118.44,-118.8,-118.74,-118.41,-118.84,-118.84,-118.5,-118.35,-118.62,-118.96,-118.68,-118.53,-118.44,-118.38,-118.53,-118.41,-118.38,-118.38,-118.38,-118.41,-118.32,-118.44,-118.68,-118.62,-118.53,-118.35,-118.35,-118.35,-118.32,-118.56,-118.74,-118.47,-118.38,-118.56,-118.32,-118.71,-118.19,-118.62,-118.26,-118.77,-118.26,-118.53,-118.56,-118.32,-118.74,-118.38,-118.38,-118.65,-118.44,-118.32,-118.5,-118.62,-118.5,-118.23,-118.44,-118.44,-118.56,-118.56,-118.62,-118.62,-118.56,-118.53,-118.47,-118.16,-118.62,-118.32,-118.16,-118.16,-118.23,-118.47,-118.53,-118.41,-118.13,-118.62,-118.29,-118.5,-118.41,-118.41,-118.32,-118.5,-118.38,-118.5,-118.1,-118.53,-118.19,-118.38,-118.44,-118.04,-118.5,-118.53,-118.07,-118.32,-118.5,-118.44,-118.32,-118.1,-118.29,-118.47,-118.47,-118.62,-118.5,-118.44,-118.41,-118.47,-118.35,-118.07,-118.23,-118.38,-118.41,-118.32,-118.16,-118.07,-118.19,-118.41,-118.23,-118.13,-118.19,-118.01,-118.32,-118.07,-118.32,-118.04,-118.26,-118.19,-118.16,-118.32,-117.92,-118.41,-118.16,-118.16,-118.35,-118.23,-118.07,-118.32,-118.56,-118.23,-118.01,-118.04,-118.26,-118.47,-118.47,-118.47,-118.41,-118.38,-118.5,-118.38,-118.19,-118.32,-118.04,-118.29,-118.38,-118.44,-118.47,-118.35,-118.13,-118.32,-118.32,-118.1,-118.53,-118.1,-118.44,-118.07,-118.5,-118.01,-118.53,-118.1,-118.35,-118.32,-118.04,-118.47,-118.13,-118.04,-118.44,-118.32,-118.13,-118.23,-118.44,-118.29,-118.1,-118.04,-118.04,-118.23,-118.38,-118.35,-118.41,-118.38,-118.35,-118.32,-118.19,-118.35,-117.92,-117.95,-118.1,-118.16,-118.32,-118.35,-117.92,-118.1,-118.26,-117.92,-118.29,-117.8,-118.26,-117.8,-118.29,-117.83,-118.26,-117.92,-118.1,-118.23,-117.92,-118.32,-118.04,-117.98,-118.44,-118.01,-117.86,-118.16,-118.29,-118.23,-117.86,-117.86,-117.89,-118.16,-118.29,-118.23,-118.26,-118.26,-118.23,-118.35,-117.8,-118.23,-118.1,-117.98,-117.98,-117.8,-117.92,-118.1,-118.13,-117.83,-118.19,-117.95,-118.16,-118.01,-118.19,-118.01,-118.19,-117.89,-118.26,-117.89,-118.16,-117.89,-117.98,-118.16,-117.95,-117.95,-118.07,-117.83,-117.68,-118.07,-118.07,-117.98,-117.71,-117.58,-117.71,-117.83,-117.89,-117.92,-117.95,-118.01,-117.95,-117.95,-117.52,-117.86,-117.98,-117.95,-117.86,-117.71,-117.49,-117.83,-117.95,-117.55,-117.8,-117.58,-117.74,-117.65,-117.58,-117.58,-117.68,-117.61,-117.8,-117.4,-117.8,-117.49,-117.77,-117.77,-117.43,-117.61,-117.92,-117.65,-117.4,-117.68,-117.89,-117.89,-117.71,-117.46,-117.4,-117.49,-117.55,-117.71,-117.65,-117.65,-117.65,-117.86,-117.55,-117.55,-117.77,-117.86,-117.89,-117.95,-117.55,-117.52,-117.89,-117.65,-117.92,-117.86,-117.71,-117.86,-117.8,-117.95,-117.89,-117.74,-117.98,-117.58,-118.16,-117.65,-117.8,-117.95,-117.58,-117.92,-117.98,-117.74,-117.55,-117.83,-118.13,-117.95,-117.77,-117.58,-117.49,-117.58,-117.61,-117.61,-117.65,-117.61,-117.92,-117.86,-117.77,-117.46,-117.52,-117.68,-117.74,-117.89,-117.92,-117.46,-117.74,-117.61,-117.46,-117.68,-117.4,-117.83,-117.37,-117.71,-117.49,-117.74,-117.89,-117.46,-117.8,-117.46,-117.71,-117.89,-117.46,-117.71,-117.83,-117.55,-117.4,-117.58,-117.86,-117.86,-117.77,-117.55,-117.4,-117.34,-117.34,-117.34,-117.43,-117.28,-117.68,-117.71,-117.8,-117.65,-117.37,-117.43,-117.43,-117.68,-117.83,-117.37,-117.77,-117.71,-117.65,-117.8,-117.55,-117.83,-117.49,-117.68,-117.83,-117.46,-117.74,-117.34,-117.77,-117.61,-117.4,-117.77,-117.55,-117.31,-117.74,-117.71,-117.55,-117.28,-117.4,-117.65,-117.77,-117.61,-117.68,-117.65,-117.71,-117.55,-117.55,-117.58,-117.19,-117.68,-117.46,-117.25,-117.19,-117.25,-117.4,-117.61,-117.49,-117.28,-117.61,-117.25,-117.58,-117.22,-117.49,-117.16,-117.77,-117.16,-117.58,-117.13,-117.43,-117.31,-117.25,-117.65,-117.28,-117.28,-117.68,-117.37,-117.1,-117.4,-117.58,-117.65,-117.34,-117.16,-117.28,-117.31,-117.49,-117.52,-117.55,-117.52,-117.49,-117.71,-117.34,-117.61,-117.43,-117.25,-117.28,-117.25,-117.52,-117.61,-117.31,-117.49,-117.65,-117.31,-117.65,-117.31,-117.86,-117.25,-117.68,-117.28,-117.49,-117.55,-117.25,-117.65,-117.25,-117.43,-117.61,-117.22,-117.31,-117.58,-117.46,-117.22,-117.25,-117.4,-117.52,-117.55,-117.52,-117.28,-117.25,-117.16,-117.16,-117.28,-117.19,-117.1,-117.49,-117.34,-117.19,-117.1,-117.13,-117.34,-117.46,-117.58,-117.16,-117.52,-117.16,-117.37,-117.4,-117.31,-117.28,-117.4,-117.19,-117.55,-117.03,-117.46,-117.1,-117.4,-117.49,-117.0,-117.37,-117.37,-117.1,-117.28,-117.43,-117.37,-117.1,-117.0,-117.22,-117.31,-117.4,-117.46,-117.43,-117.52,-117.34,-117.34,-117.25,-117.19,-117.28,-116.85,-116.97,-117.16,-117.13,-117.4,-117.1,-116.79,-117.16,-117.0,-117.34,-117.1,-117.03,-117.1,-117.07,-117.07,-117.13,-116.79,-117.19,-116.82,-117.22,-117.07,-116.79,-117.22,-117.07,-116.88,-117.1,-117.22,-117.0,-116.79,-116.94,-117.1,-117.19,-117.13,-117.07,-116.97,-116.88,-116.85,-116.85,-116.85,-116.85,-117.0,-116.67,-116.97,-117.1,-117.16,-116.97,-116.82,-116.76,-117.1,-117.03,-116.82,-116.94,-116.7,-117.0,-116.73,-117.0,-116.79,-117.03,-116.97,-116.73,-117.16,-116.67,-116.91,-117.03,-116.73,-116.94,-117.07,-116.82,-116.67,-117.03,-117.13,-117.07,-116.88,-116.76,-116.76,-116.67,-116.73,-116.82,-116.85,-116.88,-116.85,-117.1,-116.85,-117.16,-117.19,-117.0,-116.94,-116.79,-116.94,-117.34,-116.94,-116.94,-117.22,-116.73,-117.31,-116.76,-117.25,-116.82,-117.19,-117.0,-117.07,-117.16,-116.85,-117.16,-116.88,-116.88,-117.16,-116.85,-116.82,-117.22,-117.03,-116.7,-116.67,-116.88,-117.1,-117.1,-117.07,-117.0,-116.91,-116.91,-116.79,-116.79,-116.7,-116.55,-116.91,-116.88,-116.64,-116.52,-116.42,-116.7,-116.91,-116.82,-116.33,-116.64,-116.49,-116.64,-116.52,-116.52,-116.36,-116.55,-116.24,-116.61,-116.21,-116.64,-116.42,-116.39,-116.58,-116.09,-116.42,-116.55,-116.21,-116.15,-116.55,-116.49,-116.42,-116.15,-116.12,-116.3,-116.39,-116.55,-116.49,-116.49,-116.55,-116.49,-116.58,-116.18,-116.64,-116.49,-116.33,-116.42,-116.18,-116.3,-116.61,-116.39,-116.39,-116.7,-116.3,-116.79,-116.18,-116.73,-116.27,-116.67,-116.3,-116.58,-116.61,-116.46,-116.67,-116.21,-116.49,-116.67,-116.15,-116.42,-116.61,-116.33,-116.12,-116.3,-116.46,-116.55,-116.42,-116.46,-116.21,-116.09,-116.18,-116.09,-116.15,-116.12,-116.06,-116.39,-116.24,-116.21,-116.06,-116.09,-116.21,-116.46,-116.27,-116.0,-116.39,-115.97,-116.24,-116.03,-116.18,-116.0,-116.27,-115.94,-116.49,-115.94,-116.33,-116.15,-116.03,-116.49,-116.03,-116.06,-116.39,-116.15,-116.03,-116.21,-116.42,-116.27,-116.06,-116.03,-116.0,-116.03,-116.18,-116.3,-116.42,-116.24,-116.24,-116.36,-116.33,-116.3,-116.03,-116.21,-116.3,-116.42,-116.42,-116.15,-115.97,-116.42,-116.15,-116.42,-116.36,-116.21,-116.33,-116.27,-116.36,-116.3,-116.21,-116.39,-116.0,-116.49,-116.21,-116.21,-116.52,-116.06,-116.18,-116.49,-116.33,-116.03,-116.06,-116.36,-116.39,-116.42,-116.3,-116.18,-116.15,-116.0,-115.94,-115.91,-115.88,-116.15,-116.24,-115.84,-115.91,-116.12,-116.27,-116.24,-116.18,-115.91,-116.15,-116.36,-115.84,-116.15,-115.81,-116.09,-115.84,-116.24,-115.75,-116.18,-115.75,-116.18,-115.97,-115.81,-116.15,-115.84,-115.97,-116.15,-115.88,-115.72,-116.15,-116.27,-115.94,-115.69,-115.69,-115.91,-116.18,-116.15,-116.18,-116.24,-116.24,-116.36,-116.15,-115.97,-115.88,-115.81,-116.12,-116.12,-116.18,-116.21,-115.81,-115.91,-116.09,-115.84,-116.06,-116.09,-116.0,-116.09,-115.91,-116.0,-115.94,-115.94,-116.09,-115.75,-116.18,-115.81,-116.03,-116.21,-115.78,-115.97,-116.21,-116.06,-115.69,-115.91,-116.06,-116.09,-115.94,-115.69,-115.6,-115.51,-115.57,-115.75,-115.57,-115.54,-115.66,-116.06,-115.63,-115.91,-115.94,-115.94,-115.88,-115.72,-115.42,-115.75,-115.84,-115.39,-115.91,-115.48,-116.0,-115.51,-115.84,-115.48,-115.81,-115.39,-115.88,-115.57,-115.69,-115.78,-115.42,-115.78,-115.81,-115.54,-115.69,-115.91,-115.78,-115.48,-115.6,-115.75,-115.91,-115.97,-115.88,-116.0,-115.78,-115.75,-115.78,-115.84,-115.69,-115.78,-115.63,-115.91,-115.94,-115.97,-115.88,-115.69,-115.54,-115.97,-115.81,-115.81,-116.0,-115.81,-116.06,-115.78,-116.06,-115.81,-116.03,-115.94,-115.88,-116.06,-115.69,-115.94,-115.91,-115.69,-116.03,-116.0,-115.63,-115.75,-116.09,-115.97,-115.75,-115.57,-115.51,-115.91,-115.81,-115.88,-116.03,-115.97,-116.09,-116.03,-116.03,-115.6,-115.78,-116.12,-115.97,-115.94,-115.88,-115.57,-115.91,-116.06,-115.57,-116.0,-115.6,-116.03,-115.69,-115.97,-115.66,-115.94,-115.69,-116.09,-115.84,-115.97,-115.91,-115.69,-116.06,-115.91,-115.6,-115.97,-116.12,-115.75,-115.6,-115.88,-116.09,-116.27,-116.0,-115.88,-115.75,-115.63,-115.72,-115.66,-115.6,-115.69,-115.91,-115.91,-116.09,-116.09,-116.0,-115.94,-115.81,-115.75,-116.09,-115.88,-115.91,-116.27,-115.78,-116.21,-115.78,-116.21,-115.94,-116.15,-116.0,-115.84,-116.09,-115.75,-116.18,-115.97,-115.84,-116.24,-116.12,-115.78,-116.03,-116.12,-116.12,-115.94,-115.75,-115.91,-116.0,-116.15,-116.18,-116.12,-116.15,-116.15,-116.12,-116.03,-115.63,-115.91,-115.94,-115.94,-115.91,-115.63,-115.6,-115.94,-115.97,-115.63,-115.91,-115.48,-115.75,-115.42,-115.75,-115.39,-115.69,-115.3,-115.66,-115.33,-115.54,-115.54,-115.23,-115.63,-115.48,-115.26,-115.66,-115.63,-115.26,-115.45,-115.57,-115.72,-115.66,-115.6,-115.39,-115.2,-115.23,-115.26,-115.26,-115.42,-115.33,-115.6,-115.75,-115.84,-115.75,-115.57,-115.51,-115.6,-115.81,-116.03,-115.54,-115.91,-115.88,-115.84,-116.09,-115.72,-116.0,-115.84,-115.94,-116.03,-115.72,-116.09,-115.63,-115.97,-116.09,-115.6,-115.97,-116.0,-115.66,-115.97,-116.03,-115.97,-115.75,-115.63,-115.84,-115.94,-116.0,-116.06,-116.06,-116.15,-116.09,-116.09,-116.12,-115.75,-116.09,-115.78,-115.66,-115.75,-115.88,-116.09,-116.09,-115.75,-115.97,-116.03,-115.78,-116.09,-115.72,-116.12,-115.69,-116.15,-115.78,-116.03,-115.97,-115.81,-116.18,-115.72,-116.06,-116.06,-115.69,-116.15,-116.12,-115.84,-115.72,-115.94,-116.12,-116.15,-116.09,-115.88,-115.72,-115.78,-115.69,-115.69,-115.66,-115.78,-115.91,-116.18,-115.94,-115.75,-115.97,-116.12,-116.06,-116.15,-115.88,-115.91,-116.24,-115.75,-116.27,-115.91,-116.21,-115.94,-116.24,-115.88,-116.27,-115.88,-116.39,-116.03,-116.06,-116.27,-115.88,-116.27,-116.33,-115.97,-115.94,-116.27,-116.33,-116.06,-115.81,-115.84,-116.09,-116.18,-116.15,-116.18,-116.15,-116.18,-116.27,-116.18,-115.94,-115.97,-115.69,-116.09,-116.06,-116.12,-116.09,-116.0,-115.81,-116.18,-115.91,-115.97,-116.03,-115.88,-116.03,-115.88,-115.97,-115.94,-115.94,-116.06,-115.75,-116.12,-115.88,-116.12,-116.18,-115.78,-115.88,-116.18,-116.18,-115.78,-115.94,-116.18,-116.15,-116.24,-116.03,-115.88,-115.81,-115.84,-115.94,-115.75,-115.81,-115.91,-116.15,-115.91,-116.15,-116.24,-116.27,-116.21,-116.12,-115.91,-116.21,-116.15,-116.0,-116.42,-115.91,-116.24,-115.75,-116.21,-115.97,-116.15,-115.94,-115.97,-116.15,-115.94,-116.18,-115.94,-115.78,-116.15,-116.09,-115.72,-116.0,-116.18,-116.03,-115.81,-115.66,-115.88,-116.09,-116.06,-116.21,-116.09,-116.09,-116.12,-116.15,-116.09,-115.57,-115.84,-115.91,-115.88,-115.78,-115.63,-115.6,-115.94,-115.88,-115.6,-115.97,-115.51,-115.84,-115.54,-115.94,-115.54,-115.91,-115.45,-115.91,-115.84,-115.75,-115.84,-115.42,-115.84,-115.94,-115.45,-115.84,-115.91,-115.75,-115.54,-115.72,-115.97,-116.03,-115.97,-115.94,-115.69,-115.63,-115.57,-115.6,-115.69,-115.57,-115.66,-115.94,-115.88,-115.66,-115.54,-115.54,-115.69,-115.91,-115.78,-115.39,-115.84,-115.48,-115.88,-115.72,-115.75,-115.54,-115.84,-115.51,-116.06,-115.51,-115.81,-115.6,-115.51,-115.88,-115.45,-115.66,-115.84,-115.63,-115.51,-115.72,-115.84,-115.72,-115.48,-115.42,-115.36,-115.51,-115.57,-115.63,-115.78,-115.66,-115.63,-115.69,-115.51,-115.51,-115.2,-115.36,-115.45,-115.54,-115.69,-115.54,-115.14,-115.63,-115.39,-115.51,-115.48,-115.36,-115.57,-115.33,-115.69,-115.51,-115.39,-115.57,-115.08,-115.66,-115.26,-115.23,-115.57,-115.23,-115.23,-115.6,-115.48,-115.2,-115.23,-115.6,-115.63,-115.57,-115.57,-115.45,-115.45,-115.26,-115.26,-115.2,-115.17,-115.2,-115.48,-115.2,-115.33,-115.42,-115.6,-115.48,-115.51,-115.14,-115.42,-115.6,-115.26,-115.72,-115.26,-115.66,-115.45,-115.69,-115.26,-115.69,-115.3,-115.6,-115.57,-115.26,-115.69,-115.39,-115.36,-115.69,-115.57,-115.17,-115.48,-115.75,-115.6,-115.33,-115.2,-115.36,-115.51,-115.54,-115.54,-115.45,-115.48,-115.54,-115.54,-115.42,-115.11,-115.11,-115.36,-115.39,-115.39,-115.48,-114.96,-115.14,-115.36,-114.87,-115.14,-114.96,-115.33,-115.05,-115.17,-115.02,-115.2,-114.96,-115.36,-114.93,-115.33,-115.23,-115.05,-115.48,-115.14,-114.96,-115.36,-115.48,-115.11,-114.99,-115.36,-115.45,-115.54,-115.33,-115.26,-115.17,-115.08,-115.11,-115.05,-115.11,-115.02,-115.39,-115.23,-115.48,-115.51,-115.42,-115.33,-115.14,-115.17,-115.54,-115.14,-115.33,-115.63,-115.26,-115.45,-115.33,-115.51,-115.54,-115.39,-115.45,-115.17,-115.6,-115.36,-115.45,-115.63,-115.14,-115.3,-115.63,-115.26,-115.05,-115.42,-115.6,-115.57,-115.3,-115.11,-115.05,-115.11,-115.3,-115.26,-115.23,-115.2,-115.17,-115.48,-115.33,-115.39,-115.2,-115.11,-115.23,-115.23,-115.42,-115.51,-115.05,-115.51,-115.14,-115.05,-115.14,-115.11,-115.45,-115.11,-115.2,-115.26,-115.08,-115.54,-114.96,-115.36,-115.23,-114.99,-115.51,-115.33,-115.08,-115.42,-115.57,-115.51,-115.11,-115.14,-115.45,-115.54,-115.78,-115.72,-115.66,-115.6,-115.66,-115.72,-115.63,-115.42,-115.69,-115.39,-115.45,-115.54,-115.6,-115.78,-115.72,-115.51,-115.69,-115.6,-115.51,-115.78,-115.48,-115.66,-115.33,-115.51,-115.39,-115.39,-115.51,-115.02,-115.36,-115.02,-115.02,-115.26,-114.9,-114.99,-115.36,-115.26,-114.87,-115.02,-115.33,-115.42,-115.42,-115.26,-115.02,-115.02,-115.02,-115.11,-114.99,-115.02,-115.08,-115.33,-115.05,-115.36,-115.39,-115.39,-115.33,-115.23,-115.08,-115.45,-115.26,-115.2,-115.42,-115.14,-115.54,-115.2,-115.48,-115.33,-115.42,-115.48,-115.26,-115.6,-115.3,-115.51,-115.66,-115.2,-115.48,-115.75,-115.3,-115.3,-115.54,-115.69,-115.57,-115.26,-115.26,-115.14,-115.23,-115.42,-115.36,-115.48,-115.45,-115.42,-115.69,-115.45,-115.63,-115.48,-115.26,-115.45,-115.33,-115.6,-115.6,-115.26,-115.66,-115.48,-115.57,-115.57,-115.51,-115.69,-115.51,-115.48,-115.57,-115.26,-115.72,-115.23,-115.48,-115.48,-115.14,-115.57,-115.51,-115.08,-115.17,-115.48,-115.57,-115.23,-115.05,-115.08,-115.26,-115.48,-115.42,-115.42,-115.36,-115.42,-115.51,-115.42,-115.14,-115.02,-114.93,-115.33,-115.2,-115.3,-115.26,-114.93,-115.02,-115.2,-114.84,-115.11,-114.9,-115.08,-114.87,-114.96,-114.81,-115.02,-114.75,-115.14,-114.84,-114.93,-114.99,-114.65,-114.96,-114.99,-114.62,-114.87,-115.17,-114.99,-114.69,-114.78,-114.99,-115.26,-115.17,-115.08,-115.02,-114.96,-115.11,-115.05,-115.05,-114.9,-114.72,-115.2,-115.14,-115.05,-114.84,-114.78,-114.87,-115.05,-115.05,-114.65,-115.08,-114.84,-115.05,-114.81,-115.11,-114.78,-115.17,-114.78,-115.17,-114.78,-115.02,-115.11,-114.65,-115.17,-114.99,-114.72,-115.23,-115.14,-114.87,-114.75,-115.08,-115.26,-115.17,-115.14,-114.9,-114.9,-114.9,-114.81,-114.78,-114.62,-114.78,-115.02,-115.2,-114.93,-114.87,-114.93,-115.14,-115.08,-115.3,-115.05,-114.9,-115.36,-114.81,-115.11,-114.9,-115.14,-115.05,-115.11,-114.9,-115.14,-114.69,-115.23,-114.78,-114.87,-115.02,-114.62,-115.05,-114.99,-114.69,-114.87,-115.14,-115.11,-114.69,-114.62,-114.75,-114.99,-115.2,-115.02,-115.08,-115.02,-115.02,-115.26,-115.05,-114.72,-114.96,-114.62,-114.78,-114.75,-114.87,-115.02,-115.08,-114.78,-114.84,-115.14,-114.69,-115.14,-114.75,-115.02,-114.65,-115.02,-114.65,-115.14,-114.47,-114.96,-114.72,-114.69,-114.99,-114.53,-114.78,-114.87,-114.62,-114.69,-115.02,-114.93,-114.69,-114.47,-114.59,-114.72,-114.84,-114.87,-114.81,-114.9,-114.75,-114.81,-114.75,-114.41,-114.84,-114.69,-114.56,-114.44,-114.29,-114.56,-114.84,-114.75,-114.38,-114.84,-114.44,-114.75,-114.59,-114.78,-114.62,-114.84,-114.53,-114.81,-114.47,-114.93,-114.62,-114.78,-114.78,-114.47,-114.81,-114.87,-114.44,-114.59,-114.93,-114.84,-114.65,-114.44,-114.53,-114.75,-114.87,-115.02,-114.87,-114.87,-114.93,-114.87,-114.99,-114.56,-114.72,-114.93,-114.93,-114.93,-114.78,-114.56,-114.65,-114.96,-114.75,-114.9,-114.96,-114.81,-115.02,-114.84,-114.96,-114.84,-114.93,-115.02,-114.9,-115.17,-114.78,-115.08,-115.02,-114.69,-114.99,-115.08,-114.69,-114.78,-115.08,-114.9,-114.69,-114.56,-114.5,-114.96,-114.81,-114.96,-114.96,-115.02,-115.11,-115.11,-114.84,-114.72,-114.56,-114.87,-114.87,-115.02,-115.08,-114.87,-114.75,-114.96,-114.87,-114.75,-115.02,-114.75,-115.05,-114.65,-115.05,-114.72,-115.14,-114.96,-114.99,-115.11,-114.72,-115.2,-114.99,-114.81,-115.2,-115.08,-114.81,-114.96,-115.33,-115.11,-114.87,-114.84,-114.69,-114.84,-114.99,-114.96,-115.08,-115.05,-115.05,-115.14,-114.93,-115.2,-114.9,-114.81,-114.87,-115.02,-115.26,-115.2,-114.9,-115.08,-115.17,-115.02,-115.36,-114.75,-115.2,-114.78,-115.26,-114.81,-115.17,-115.11,-114.96,-115.2,-114.81,-115.14,-115.08,-114.75,-115.2,-115.08,-114.72,-114.75,-115.02,-115.23,-114.96,-114.81,-114.59,-114.62,-114.78,-114.81,-114.87,-114.87,-114.84,-115.11,-114.75,-115.11,-114.87,-114.72,-114.78,-114.69,-114.87,-115.11,-114.75,-114.81,-114.93,-114.47,-114.96,-114.53,-115.05,-114.53,-114.96,-114.53,-114.99,-114.75,-114.84,-114.96,-114.56,-114.96,-114.99,-114.59,-114.96,-114.93,-114.65,-114.81,-114.9,-115.05,-114.93,-114.81,-114.65,-114.5,-114.53,-114.53,-114.47,-114.56,-114.53,-114.9,-114.59,-114.96,-114.99,-114.81,-114.75,-114.56,-114.5,-114.93,-114.87,-114.56,-114.96,-114.56,-114.99,-114.47,-114.93,-114.5,-114.96,-114.65,-114.99,-114.78,-114.81,-115.02,-114.65,-114.93,-114.96,-114.53,-114.84,-115.14,-114.72,-114.5,-114.69,-114.99,-115.11,-114.93,-114.87,-114.69,-114.62,-114.65,-114.56,-114.53,-114.47,-114.78,-114.53,-114.69,-114.84,-114.75,-114.69,-114.69,-114.35,-114.72,-114.69,-114.41,-114.81,-114.29,-114.69,-114.29,-114.75,-114.41,-114.75,-114.32,-114.72,-114.47,-114.65,-114.72,-114.29,-114.72,-114.62,-114.53,-114.56,-114.69,-114.56,-114.32,-114.53,-114.62,-114.72,-114.75,-114.62,-114.65,-114.53,-114.44,-114.44,-114.41,-114.38,-114.72,-114.38,-114.59,-114.53,-114.75,-114.69,-114.75,-114.5,-114.5,-114.87,-114.44,-114.93,-114.53,-114.84,-114.62,-114.9,-114.47,-114.9,-114.44,-114.96,-114.47,-114.72,-114.9,-114.5,-114.9,-114.9,-114.56,-114.59,-114.9,-114.93,-114.56,-114.38,-114.62,-114.81,-114.93,-114.84,-114.84,-114.75,-114.69,-114.78,-114.72,-114.41,-114.69,-114.38,-114.35,-114.29,-114.38,-114.5,-114.56,-114.38,-114.26,-114.53,-114.07,-114.44,-114.14,-114.47,-114.11,-114.47,-114.07,-114.59,-114.07,-114.44,-114.32,-114.23,-114.69,-114.11,-114.32,-114.47,-114.2,-114.17,-114.47,-114.56,-114.35,-114.17,-114.14,-114.29,-114.5,-114.59,-114.56,-114.65,-114.56,-114.53,-114.59,-114.23,-114.62,-114.32,-114.2,-114.11,-114.23,-114.5,-114.62,-114.38,-114.26,-114.69,-114.35,-114.69,-114.29,-114.75,-114.29,-114.81,-114.32,-114.72,-114.38,-114.72,-114.84,-114.41,-114.81,-114.44,-114.47,-114.87,-114.62,-114.44,-114.69,-114.87,-114.9,-114.56,-114.41,-114.44,-114.56,-114.75,-114.78,-114.78,-114.75,-114.75,-115.02,-114.47,-114.81,-114.81,-114.75,-114.75,-114.53,-114.62,-114.93,-114.81,-114.59,-114.9,-114.41,-114.9,-114.53,-114.96,-114.53,-114.81,-114.47,-114.84,-114.69,-114.87,-114.69,-114.41,-114.9,-114.65,-114.59,-114.99,-114.78,-114.47,-114.78,-114.9,-114.9,-114.69,-114.53,-114.59,-114.56,-114.65,-114.75,-114.81,-114.81,-114.81,-115.05,-114.62,-114.87,-115.17,-115.05,-115.14,-114.99,-114.72,-114.93,-115.05,-114.69,-115.05,-114.9,-114.99,-114.96,-114.93,-115.05,-114.99,-115.08,-115.05,-114.69,-115.14,-114.81,-115.02,-115.08,-114.69,-114.99,-115.14,-114.93,-114.69,-114.99,-115.11,-115.08,-114.96,-114.75,-114.69,-114.75,-114.84,-114.99,-114.93,-114.9,-115.05,-114.99,-115.02,-114.65,-114.75,-114.84,-115.05,-115.17,-115.05,-114.69,-114.96,-115.02,-114.84,-115.08,-114.75,-115.11,-114.75,-115.3,-114.81,-115.08,-114.96,-114.93,-115.23,-114.78,-115.11,-115.11,-114.84,-115.17,-115.2,-114.9,-114.87,-115.17,-115.39,-115.2,-114.99,-114.9,-114.84,-114.93,-114.9,-114.93,-115.08,-115.02,-115.26,-115.02,-115.3,-115.2,-115.08,-115.05,-114.9,-115.02,-115.33,-115.14,-115.08,-115.36,-114.99,-115.33,-114.99,-115.48,-114.99,-115.33,-114.96,-115.36,-114.96,-115.3,-115.11,-115.05,-115.33,-115.05,-115.08,-115.3,-115.05,-114.93,-115.23,-115.33,-115.2,-115.02,-114.81,-114.93,-114.96,-115.08,-115.14,-115.14,-115.2,-115.2,-115.08,-114.87,-114.84,-115.08,-115.08,-115.14,-115.17,-114.99,-114.84,-115.11,-114.99,-114.87,-115.17,-114.99,-115.17,-114.78,-115.11,-114.84,-115.17,-114.93,-114.9,-115.14,-114.75,-115.3,-115.05,-114.84,-115.39,-115.17,-114.93,-115.11,-115.33,-115.2,-114.96,-114.87,-114.99,-115.17,-115.36,-115.42,-115.45,-115.42,-115.36,-115.36,-114.9,-115.33,-115.17,-115.02,-114.9,-114.9,-115.05,-115.2,-115.2,-114.93,-115.26,-115.23,-115.3,-115.11,-115.14,-115.14,-115.3,-115.05,-115.23,-114.87,-115.33,-114.9,-115.11,-115.17,-114.72,-115.14,-115.17,-114.72,-114.93,-115.14,-115.05,-114.87,-114.75,-114.9,-115.02,-115.08,-115.17,-115.05,-115.05,-114.9,-115.02,-114.69,-114.78,-114.53,-114.81,-114.9,-115.02,-114.81,-114.78,-114.59,-114.9,-114.96,-114.56,-114.84,-114.53,-114.93,-114.47,-114.87,-114.44,-114.81,-114.44,-114.84,-114.59,-114.47,-114.84,-114.41,-114.62,-114.81,-114.53,-114.47,-114.84,-114.93,-114.56,-114.29,-114.41,-114.69,-114.93,-114.84,-114.75,-114.72,-114.65,-114.81,-114.62,-114.29,-114.69,-114.38,-114.41,-114.32,-114.29,-114.5,-114.72,-114.78,-114.32,-114.75,-114.41,-114.56,-114.56,-114.59,-114.53,-114.59,-114.47,-114.69,-114.32,-114.5,-114.23,-114.47,-114.56,-114.17,-114.53,-114.5,-114.07,-114.47,-114.5,-114.32,-114.07,-114.14,-114.44,-114.47,-114.5,-114.41,-114.38,-114.44,-114.32,-114.38,-114.17,-114.14,-114.29,-114.41,-114.35,-114.29,-114.07,-114.11,-114.17,-114.38,-114.07,-114.17,-114.23,-113.95,-114.29,-114.01,-114.26,-114.01,-114.26,-114.11,-114.11,-114.32,-114.04,-114.38,-114.01,-114.11,-114.38,-114.23,-113.98,-114.38,-114.38,-114.17,-114.07,-114.17,-114.35,-114.47,-114.47,-114.5,-114.35,-114.35,-114.32,-114.35,-114.11,-114.29,-113.92,-114.17,-114.35,-114.62,-114.41,-114.32,-113.98,-114.23,-114.35,-113.98,-114.35,-113.83,-114.29,-113.86,-114.23,-113.8,-114.17,-113.8,-114.17,-114.01,-113.74,-114.11,-113.8,-113.8,-114.07,-113.98,-113.71,-114.04,-114.2,-113.95,-113.68,-113.59,-113.89,-114.11,-114.07,-114.01,-114.11,-114.07,-114.17,-114.11,-113.8,-113.89,-113.62,-113.89,-113.77,-113.92,-113.95,-113.95,-113.68,-113.8,-113.83,-113.46,-113.92,-113.53,-113.83,-113.31,-113.8,-113.34,-113.83,-113.43,-113.65,-113.68,-113.37,-113.86,-113.56,-113.37,-113.86,-113.59,-113.4,-113.56,-113.8,-113.77,-113.53,-113.37,-113.34,-113.46,-113.53,-113.59,-113.74,-113.71,-113.62,-113.8,-113.56,-113.95,-113.56,-113.4,-113.4,-113.43,-113.68,-113.77,-113.53,-113.53,-113.71,-113.53,-113.83,-113.34,-113.77,-113.34,-113.83,-113.31,-113.77,-113.31,-113.62,-113.68,-113.34,-113.71,-113.43,-113.46,-113.77,-113.65,-113.31,-113.59,-113.77,-113.83,-113.53,-113.28,-113.28,-113.43,-113.62,-113.62,-113.71,-113.68,-113.77,-113.86,-113.25,-113.53,-113.59,-113.56,-113.49,-113.31,-113.19,-113.4,-113.53,-113.13,-113.46,-113.16,-113.28,-113.25,-113.43,-113.31,-113.37,-113.19,-113.43,-113.1,-113.56,-113.19,-113.4,-113.53,-113.28,-113.56,-113.62,-113.31,-113.25,-113.71,-113.77,-113.68,-113.4,-113.31,-113.37,-113.49,-113.56,-113.56,-113.56,-113.77,-113.65,-113.74,-113.43,-113.43,-113.8,-113.8,-114.07,-113.92,-113.71,-113.71,-113.92,-113.74,-113.8,-114.01,-113.71,-113.95,-113.65,-113.92,-113.71,-113.95,-113.95,-113.71,-114.04,-113.65,-114.11,-113.95,-113.68,-114.07,-114.01,-113.8,-113.8,-114.11,-114.04,-113.89,-113.86,-113.62,-113.74,-113.83,-113.95,-114.14,-113.95,-113.92,-114.04,-113.8,-114.11,-113.8,-113.59,-113.68,-113.71,-114.04,-114.14,-113.8,-113.89,-114.04,-113.68,-113.98,-113.59,-114.01,-113.65,-114.38,-113.62,-113.92,-113.77,-113.89,-114.29,-113.65,-114.04,-113.95,-113.65,-114.29,-114.17,-113.83,-113.77,-114.01,-114.23,-114.11,-114.04,-113.89,-113.74,-113.86,-113.71,-113.65,-113.65,-113.71,-113.98,-114.01,-114.11,-113.86,-113.77,-113.89,-113.92,-114.04,-114.07,-113.77,-114.26,-113.8,-114.29,-113.77,-114.23,-114.07,-114.07,-114.23,-113.8,-114.32,-114.11,-113.98,-114.32,-113.95,-114.04,-114.35,-114.14,-113.89,-114.17,-114.35,-114.26,-113.95,-113.83,-113.89,-113.95,-114.23,-114.17,-114.14,-114.17,-114.14,-114.14,-114.04,-114.26,-113.86,-114.17,-114.35,-114.2,-114.17,-113.89,-114.11,-114.38,-113.86,-114.17,-114.01,-114.11,-114.11,-114.17,-113.95,-114.26,-113.86,-114.38,-113.92,-114.14,-114.35,-113.86,-114.35,-114.29,-113.95,-114.11,-114.38,-114.35,-113.98,-113.95,-114.17,-114.32,-114.44,-114.23,-114.23,-114.11,-114.11,-114.11,-113.98,-114.11,-113.95,-113.65,-114.14,-113.98,-113.83,-113.62,-113.68,-114.04,-114.04,-113.68,-113.92,-114.04,-113.8,-113.98,-113.95,-113.8,-114.07,-113.77,-114.07,-113.8,-114.11,-113.77,-113.98,-113.86,-113.71,-114.11,-113.95,-113.8,-114.17,-114.07,-113.71,-113.71,-114.17,-114.11,-114.04,-113.92,-113.71,-113.68,-113.46,-113.56,-113.49,-113.49,-113.83,-113.71,-113.83,-113.68,-113.56,-113.59,-113.53,-113.74,-113.95,-113.65,-113.77,-113.83,-113.37,-113.92,-113.49,-113.98,-113.53,-113.86,-113.56,-113.92,-113.65,-113.83,-113.74,-113.53,-113.89,-113.71,-113.43,-113.89,-113.62,-113.4,-113.77,-113.92,-113.71,-113.56,-113.43,-113.53,-113.56,-113.65,-113.71,-113.71,-113.77,-113.86,-113.8,-113.65,-113.49,-113.68,-113.8,-113.83,-113.89,-113.77,-113.56,-113.77,-113.86,-113.53,-113.92,-113.49,-113.98,-113.53,-113.89,-113.43,-113.92,-113.56,-113.8,-113.53,-113.59,-113.86,-113.34,-113.71,-113.71,-113.25,-113.71,-113.8,-113.62,-113.28,-113.34,-113.71,-113.77,-113.83,-113.71,-113.68,-113.71,-113.59,-113.59,-113.37,-113.59,-113.43,-113.65,-113.65,-113.74,-113.65,-113.62,-113.31,-113.56,-113.62,-113.22,-113.71,-113.28,-113.62,-113.31,-113.46,-113.34,-113.53,-113.22,-113.56,-113.16,-113.59,-113.37,-113.19,-113.65,-113.37,-113.49,-113.65,-113.49,-113.16,-113.28,-113.71,-113.59,-113.56,-113.34,-113.31,-113.31,-113.16,-113.28,-113.34,-113.28,-113.68,-113.43,-113.65,-113.49,-113.49,-113.4,-113.19,-113.31,-113.59,-113.49,-113.34,-113.71,-113.25,-113.74,-113.34,-113.74,-113.25,-113.68,-113.34,-113.74,-113.34,-113.68,-113.46,-113.43,-113.71,-113.49,-113.49,-113.68,-113.37,-113.22,-113.65,-113.68,-113.49,-113.22,-113.34,-113.43,-113.46,-113.49,-113.62,-113.62,-113.71,-113.65,-113.4,-113.49,-113.19,-113.37,-113.46,-113.49,-113.62,-113.62,-113.43,-113.46,-113.68,-113.22,-113.56,-113.31,-113.56,-113.25,-113.65,-113.25,-113.71,-113.16,-113.59,-113.31,-113.46,-113.74,-113.25,-113.56,-113.65,-113.19,-113.43,-113.71,-113.53,-113.28,-113.22,-113.53,-113.56,-113.65,-113.65,-113.56,-113.65,-113.59,-113.49,-113.34,-113.59,-113.46,-113.68,-113.68,-113.77,-113.71,-113.59,-113.34,-113.65,-113.68,-113.37,-113.89,-113.34,-113.71,-113.43,-113.65,-113.43,-113.68,-113.34,-113.71,-113.25,-113.83,-113.53,-113.37,-113.68,-113.43,-113.46,-113.71,-113.59,-113.28,-113.37,-113.71,-113.74,-113.65,-113.43,-113.28,-113.37,-113.22,-113.25,-113.28,-113.22,-113.8,-113.46,-113.68,-113.56,-113.49,-113.37,-113.34,-113.4,-113.65,-113.56,-113.37,-113.65,-113.22,-113.65,-113.25,-113.68,-113.28,-113.62,-113.13,-113.62,-113.37,-113.56,-113.34,-113.28,-113.49,-113.22,-113.43,-113.59,-113.25,-113.13,-113.56,-113.56,-113.4,-113.04,-113.07,-113.19,-113.31,-113.43,-113.49,-113.49,-113.65,-113.62,-113.43,-113.4,-113.13,-113.28,-113.34,-113.49,-113.56,-113.56,-113.25,-113.43,-113.62,-113.31,-113.77,-113.31,-113.74,-113.34,-113.71,-113.28,-113.83,-113.37,-113.62,-113.46,-113.43,-113.74,-113.31,-113.53,-113.74,-113.31,-113.4,-113.65,-113.62,-113.34,-113.16,-113.4,-113.53,-113.68,-113.65,-113.65,-113.71,-113.62,-113.49,-113.4,-113.31,-113.43,-113.59,-113.68,-113.59,-113.53,-113.4,-113.34,-113.71,-113.53,-113.4,-113.71,-113.22,-113.65,-113.25,-113.62,-113.4,-113.71,-113.31,-113.62,-113.46,-113.53,-113.71,-113.34,-113.62,-113.71,-113.46,-113.53,-113.71,-113.49,-113.25,-113.46,-113.59,-113.8,-113.71,-113.59,-113.56,-113.46,-113.4,-113.43,-113.37,-113.46,-113.8,-113.74,-113.43,-113.43,-113.49,-113.56,-113.77,-113.8,-113.43,-113.74,-113.71,-113.56,-113.83,-113.4,-114.01,-113.4,-113.86,-113.4,-113.74,-113.65,-113.62,-113.77,-113.34,-113.74,-113.71,-113.25,-113.74,-113.65,-113.31,-113.37,-113.65,-113.71,-113.53,-113.34,-113.31,-113.22,-113.25,-113.4,-113.43,-113.53,-113.56,-113.56,-113.25,-113.28,-113.56,-113.49,-113.53,-113.62,-113.4,-113.25,-113.53,-113.34,-113.19,-113.49,-113.34,-113.59,-113.13,-113.68,-113.22,-113.68,-113.31,-113.46,-113.46,-113.19,-113.71,-113.28,-113.25,-113.59,-113.37,-113.25,-113.49,-113.53,-113.43,-113.22,-113.37,-113.43,-113.59,-113.68,-113.65,-113.71,-113.62,-113.65,-113.46,-113.19,-113.49,-113.56,-113.59,-113.56,-113.49,-113.37,-113.31,-113.65,-113.46,-113.46,-113.86,-113.37,-113.77,-113.34,-113.74,-113.46,-113.8,-113.37,-113.68,-113.68,-113.53,-113.8,-113.37,-113.62,-113.68,-113.46,-113.4,-113.77,-113.71,-113.37,-113.4,-113.65,-113.74,-113.83,-113.77,-113.77,-113.62,-113.68,-113.62,-113.68,-113.46,-113.71,-113.31,-113.56,-113.59,-113.77,-113.68,-113.74,-113.4,-113.62,-113.92,-113.25,-113.71,-113.28,-113.68,-113.34,-113.74,-113.31,-113.71,-113.28,-113.74,-113.53,-113.37,-113.74,-113.31,-113.65,-113.74,-113.43,-113.43,-113.71,-113.83,-113.49,-113.31,-113.34,-113.65,-113.8,-113.8,-113.83,-113.8,-113.92,-113.89,-113.77,-113.43,-113.8,-113.56,-113.49,-113.53,-113.53,-113.65,-113.89,-113.86,-113.53,-113.95,-113.56,-113.95,-113.74,-113.89,-113.71,-113.95,-113.62,-114.01,-113.53,-114.01,-113.68,-113.83,-114.07,-113.59,-113.89,-114.01,-113.62,-113.68,-113.89,-113.98,-113.8,-113.53,-113.62,-113.77,-113.89,-113.92,-113.89,-113.92,-113.89,-113.92,-113.86,-113.37,-113.98,-113.8,-113.71,-113.62,-113.49,-113.68,-113.77,-113.83,-113.37,-113.83,-113.53,-113.71,-113.59,-113.68,-113.56,-113.8,-113.43,-113.74,-113.25,-113.74,-113.59,-113.56,-113.77,-113.4,-113.71,-113.89,-113.65,-113.49,-113.8,-113.89,-113.71,-113.46,-113.37,-113.49,-113.71,-113.8,-113.74,-113.8,-113.8,-113.71,-113.65,-113.25,-113.34,-113.46,-113.46,-113.65,-113.43,-113.22,-113.22,-113.56,-113.28,-113.43,-113.46,-113.28,-113.53,-113.4,-113.56,-113.37,-113.49,-113.56,-113.34,-113.71,-113.25,-113.56,-113.59,-113.34,-113.65,-113.68,-113.31,-113.4,-113.77,-113.71,-113.65,-113.37,-113.34,-113.49,-113.65,-113.71,-113.71,-113.74,-113.8,-113.77,-113.77,-113.68,-113.46,-113.71,-113.74,-113.8,-113.86,-113.8,-113.56,-113.74,-113.71,-113.53,-113.83,-113.56,-113.8,-113.46,-113.86,-113.49,-113.89,-113.62,-113.65,-113.86,-113.46,-113.95,-113.74,-113.46,-113.86,-113.8,-113.49,-113.68,-113.89,-113.86,-113.68,-113.56,-113.43,-113.68,-113.86,-113.89,-114.01,-113.95,-113.95,-113.92,-113.4,-114.07,-113.71,-113.53,-113.4,-113.4,-113.65,-113.89,-113.74,-113.49,-113.98,-113.8,-114.04,-113.71,-113.98,-113.71,-114.14,-113.56,-114.14,-113.74,-114.04,-113.95,-113.74,-114.04,-113.8,-113.86,-114.23,-113.92,-113.62,-113.89,-114.11,-114.17,-113.83,-113.71,-113.71,-113.74,-113.92,-113.92,-113.89,-113.95,-113.95,-114.26,-113.62,-114.01,-114.04,-114.01,-114.04,-113.71,-113.62,-113.89,-114.07,-113.68,-113.92,-113.62,-113.83,-113.74,-113.86,-113.68,-113.86,-113.59,-113.92,-113.56,-113.89,-113.68,-113.68,-114.01,-113.56,-113.65,-113.95,-113.74,-113.49,-113.77,-113.86,-113.83,-113.59,-113.4,-113.53,-113.46,-113.56,-113.71,-113.74,-113.83,-113.8,-113.86,-113.56,-113.56,-113.77,-113.83,-113.92,-113.92,-113.62,-113.62,-113.95,-113.62,-113.89,-113.86,-113.86,-113.89,-113.77,-113.92,-113.86,-113.8,-113.98,-113.62,-113.98,-113.74,-113.89,-114.04,-113.68,-113.8,-114.04,-113.89,-113.65,-113.83,-114.11,-114.04,-114.04,-113.77,-113.68,-113.62,-113.56,-113.8,-113.65,-113.62,-113.74,-114.01,-113.86,-113.62,-113.71,-113.8,-113.86,-114.17,-113.95,-113.62,-114.04,-113.8,-113.74,-113.92,-113.77,-113.92,-113.77,-114.04,-113.89,-113.83,-113.95,-113.59,-114.17,-113.74,-113.83,-113.98,-113.49,-113.8,-114.01,-113.77,-113.49,-113.56,-113.86,-113.89,-113.74,-113.59,-113.43,-113.53,-113.4,-113.37,-113.4,-113.31,-113.77,-113.65,-113.83,-113.68,-113.49,-113.49,-113.4,-113.56,-113.77,-113.4,-113.62,-113.68,-113.4,-113.65,-113.31,-113.8,-113.28,-113.71,-113.37,-113.65,-113.59,-113.4,-113.71,-113.31,-113.65,-113.77,-113.37,-113.49,-113.74,-113.43,-113.37,-113.46,-113.65,-113.71,-113.59,-113.59,-113.34,-113.28,-113.31,-113.31,-113.4,-113.34,-113.74,-113.4,-113.68,-113.86,-113.71,-113.65,-113.46,-113.31,-113.71,-113.68,-113.31,-113.71,-113.37,-113.8,-113.34,-113.68,-113.31,-113.74,-113.31,-111.63,-110.78,-110.41,-110.02,-109.16,-109.04,-108.46,-107.67,-107.73,-107.51,-106.81,-106.38,-106.35,-106.11,-106.02,-105.41,-105.01,-104.58,-104.28,-104.06,-103.61,-103.42,-103.24,-103.42,-102.84,-102.48,-102.33,-102.17,-102.05,-101.96,-101.38,-100.98,-101.17,-100.65,-100.71,-100.31,-100.04,-99.91,-99.7,-99.55,-99.21,-98.85,-98.88,-98.27,-98.57,-98.11,-97.75,-97.96,-97.41,-97.17,-97.2,-97.08,-96.53,-96.31,-96.56,-96.37,-96.19,-95.98,-95.58,-95.4,-95.09,-94.97,-94.85,-94.51,-94.48,-94.51,-94.18,-93.84,-93.6,-93.57,-93.48,-93.57,-93.41,-92.93,-93.2,-92.68,-92.56,-92.38,-92.29,-92.25,-91.95,-91.83,-91.83,-91.34,-91.71,-91.06,-91.31,-91.16,-90.73,-91.03,-90.85,-90.3,-90.42,-90.48,-90.36,-89.78,-89.66,-89.78,-89.81,-89.84,-89.66,-89.54,-89.32,-89.2,-89.14,-88.93,-88.47,-88.78,-88.53,-88.29,-87.92,-87.8,-87.86,-87.95,-87.8,-87.31,-87.68,-87.25,-87.4,-87.07,-87.16,-86.88,-86.98,-86.55,-86.85,-86.3,-86.64,-86.09,-86.12,-86.24,-85.72,-85.88,-85.91,-85.45,-85.33,-85.48,-85.45,-85.17,-84.81,-84.78,-84.69,-84.69,-84.69,-84.56,-84.63,-84.44,-84.44,-84.2,-83.77,-84.14,-83.89,-83.65,-83.47,-83.31,-83.37,-83.44,-83.28,-82.89,-83.22,-82.67,-83.01,-82.55,-82.82,-82.43,-82.79,-82.21,-82.67,-82.12,-82.28,-82.28,-81.82,-82.12,-81.91,-81.63,-82.15,-81.79,-81.39,-81.27,-81.51,-81.6,-81.24,-81.02,-80.99,-80.72,-80.66,-80.57,-80.51,-80.35,-80.35,-80.66,-80.35,-80.51,-80.38,-80.14,-80.05,-79.77,-79.93,-80.05,-79.65,-79.86,-80.02,-79.56,-79.68,-79.22,-79.71,-79.07,-79.41,-79.01,-79.01,-79.04,-78.61,-79.01,-78.58,-78.55,-78.95,-78.37,-78.22,-78.49,-78.34,-78.22,-77.88,-78.06,-78.16,-78.13,-78.13,-77.94,-77.82,-77.7,-77.67,-77.67,-77.42,-77.15,-77.45,-77.39,-77.18,-76.84,-76.81,-76.81,-77.0,-76.97,-76.51,-76.84,-76.42,-76.63,-76.54,-76.54,-76.26,-76.45,-75.99,-76.42,-75.9,-76.17,-75.93,-75.81,-76.14,-75.68,-75.47,-75.9,-75.62,-75.35,-75.44,-75.68,-75.56,-75.32,-75.16,-75.01,-74.95,-75.07,-75.01,-75.13,-74.98,-74.92,-74.92,-74.8,-75.04,-74.68,-74.43,-74.46,-74.49,-74.68,-74.68,-74.28,-74.43,-74.43,-74.31,-74.43,-73.94,-74.25,-74.01,-74.22,-73.94,-73.7,-74.01,-73.55,-74.1,-73.64,-73.52,-73.79,-73.46,-73.33,-73.52,-73.52,-73.21,-72.97,-73.09,-73.12,-73.21,-73.18,-73.09,-73.0,-72.81,-72.75,-72.66,-72.57,-72.36,-72.63,-72.3,-72.2,-72.2,-72.33,-72.45,-72.45,-72.11,-72.17,-72.36,-71.81,-72.24,-71.75,-72.17,-71.72,-72.05,-71.62,-71.93,-71.72,-71.9,-71.81,-71.38,-71.75,-71.66,-71.32,-71.56,-71.59,-71.17,-71.17,-71.59,-71.41,-71.23,-71.04,-70.83,-70.83,-70.8,-70.77,-70.74,-70.71,-70.74,-70.68,-70.89,-70.47,-70.53,-70.74,-70.65,-70.71,-70.62,-70.34,-70.43,-70.59,-70.16,-70.5,-70.19,-70.4,-70.07,-70.31,-70.01,-70.25,-70.01,-70.22,-69.82,-70.04,-70.04,-69.7,-69.92,-69.85,-69.46,-69.67,-69.89,-69.61,-69.37,-69.31,-69.49,-69.73,-69.64,-69.55,-69.46,-69.34,-69.37,-69.34,-69.21,-69.03,-69.18,-69.0,-69.15,-69.24,-69.15,-69.03,-68.88,-68.76,-69.09,-68.66,-68.82,-68.66,-68.57,-68.66,-68.57,-68.51,-68.79,-68.27,-68.63,-68.08,-68.48,-68.39,-68.12,-68.42,-68.21,-67.9,-68.39,-68.36,-67.99,-67.87,-68.08,-68.36,-68.18,-68.12,-68.08,-67.9,-67.81,-67.72,-67.78,-67.72,-67.66,-67.72,-68.05,-67.75,-67.5,-67.44,-67.63,-67.66,-67.81,-67.57,-67.32,-67.72,-67.26,-67.54,-67.08,-67.54,-67.23,-67.47,-66.96,-67.38,-67.05,-67.23,-67.29,-66.86,-67.11,-67.11,-66.8,-66.99,-67.17,-66.93,-66.59,-66.77,-66.89,-67.02,-66.83,-66.8,-66.77,-66.5,-66.38,-66.35,-66.38,-66.44,-66.25,-66.35,-66.38,-66.56,-66.47,-66.28,-66.04,-66.1,-66.47,-66.44,-66.01,-66.41,-65.77,-66.35,-65.95,-66.22,-65.7,-66.07,-65.8,-65.98,-65.98,-65.61,-66.04,-65.73,-65.64,-65.95,-65.83,-65.46,-65.7,-65.92,-65.77,-65.46,-65.28,-65.4,-65.61,-65.58,-65.64,-65.61,-65.58,-65.64,-65.49,-65.43,-65.49,-65.22,-65.49,-65.0,-64.94,-64.94,-65.09,-65.4,-65.03,-64.88,-65.19,-64.76,-65.46,-64.73,-65.12,-64.64,-65.06,-64.82,-64.76,-64.94,-64.48,-64.85,-64.76,-64.33,-64.76,-64.64,-64.33,-64.51,-64.64,-64.64,-64.3,-64.12,-64.27,-64.39,-64.39,-64.39,-64.42,-64.48,-64.39,-64.36,-64.24,-64.18,-64.3,-63.81,-64.15,-64.09,-63.93,-63.69,-63.63,-63.9,-63.93,-63.54,-64.15,-63.42,-63.81,-63.35,-63.81,-63.45,-63.63,-63.48,-63.32,-63.72,-63.23,-63.32,-63.51,-63.17,-63.2,-63.57,-63.32,-62.99,-63.11,-63.32,-63.39,-63.29,-63.08,-62.96,-62.81,-62.81,-62.71,-62.68,-62.71,-62.77,-62.93,-62.71,-62.62,-62.96,-62.84,-62.56,-62.41,-62.65,-62.77,-62.62,-62.44,-62.62,-62.16,-62.68,-62.16,-62.68,-62.13,-62.53,-62.23,-62.23,-62.47,-61.92,-62.23,-62.23,-61.8,-62.1,-62.23,-61.92,-61.71,-61.92,-62.16,-61.98,-61.77,-61.58,-61.49,-61.55,-61.52,-61.49,-61.61,-61.49,-61.46,-61.16,-61.25,-61.22,-61.58,-61.19,-61.4,-61.43,-61.4,-61.07,-61.13,-61.31,-60.97,-61.0,-60.91,-60.91,-60.85,-60.94,-60.64,-60.97,-60.61,-60.82,-60.79,-60.36,-60.79,-60.7,-60.21,-60.52,-60.64,-60.36,-60.15,-60.18,-60.42,-60.49,-60.33,-60.27,-60.06,-59.97,-59.84,-59.84,-59.91,-59.75,-59.97,-59.97,-59.88,-59.66,-59.91,-59.57,-59.75,-59.84,-60.09,-59.69,-59.45,-59.75,-59.57,-59.57,-59.54,-59.51,-59.36,-59.45,-59.23,-59.54,-59.17,-59.33,-59.33,-59.05,-59.2,-59.14,-58.75,-59.05,-59.11,-58.75,-58.53,-58.69,-58.93,-58.9,-58.69,-58.44,-58.32,-58.17,-58.23,-58.07,-58.04,-58.01,-57.98,-58.17,-57.98,-57.77,-58.2,-57.98,-57.83,-57.53,-57.77,-57.92,-57.8,-57.65,-57.83,-57.34,-57.74,-57.25,-57.74,-57.16,-57.5,-57.28,-57.07,-57.34,-56.76,-57.01,-57.1,-56.61,-56.76,-56.79,-56.49,-56.24,-56.43,-56.67,-56.55,-56.34,-56.18,-55.97,-55.97,-55.88,-55.79,-55.79,-55.63,-55.69,-55.51,-55.54,-55.39,-55.69,-55.42,-55.51,-55.48,-55.42,-55.11,-54.96,-55.21,-54.84,-54.96,-54.9,-54.84,-54.72,-54.6,-54.32,-54.6,-54.08,-54.35,-54.05,-53.74,-54.05,-53.8,-53.41,-53.68,-53.44,-53.07,-53.04,-53.16,-53.07,-52.83,-52.55,-52.28,-52.06,-51.97,-51.79,-51.61,-51.54,-51.21,-50.99,-50.84,-50.51,-50.51,-50.42,-49.8,-49.38,-49.32,-49.1,-48.55,-47.7,-46.78,-40.86,-4.82,38.42,43.64,31.28,16.2,1.25,-13.92,-28.53,-40.37,-48.16,-52.34,-55.3,-57.01,-57.83,-58.93,-59.45,-59.27,-59.42,-59.78,-59.84,-59.69,-59.39,-59.11,-58.93,-58.87,-58.78,-58.47,-58.23,-58.17,-58.07,-58.2,-57.77,-57.53,-57.83,-57.56,-57.31,-57.04,-57.13,-57.19,-56.92,-56.67,-56.82,-56.21,-56.64,-56.0,-56.34,-55.82,-56.06,-55.85,-55.57,-55.82,-55.27,-55.42,-55.39,-54.84,-55.08,-55.05,-54.69,-54.38,-54.53,-54.69,-54.41,-54.14,-53.8,-53.68,-53.74,-53.68,-53.68,-53.53,-53.44,-53.38,-53.01,-52.89,-52.89,-53.1,-52.7,-52.67,-52.8,-52.7,-52.43,-52.09,-52.25,-52.15,-51.73,-51.85,-51.42,-51.57,-51.21,-51.24,-51.12,-50.78,-50.99,-50.66,-50.57,-50.69,-50.32,-50.17,-50.35,-50.02,-49.56,-49.77,-49.8,-49.59,-49.13,-48.8,-48.68,-48.58,-48.37,-48.28,-48.1,-48.0,-47.61,-47.36,-47.03,-46.88,-46.91,-46.72,-46.51,-45.93,-45.62,-45.56,-45.32,-44.95,-44.19,-44.16,-43.27,-43.09,-41.72,-40.07,-22.98,8.73,33.63,35.43,27.01,16.14,4.24,-7.51,-19.35,-29.94,-38.57,-44.4,-47.88,-50.14,-52.15,-53.53,-54.35,-54.78,-54.99,-55.11,-55.24,-55.45,-55.3,-55.21,-55.21,-55.18,-55.3,-55.15,-54.99,-55.27,-55.18,-54.9,-54.66,-54.72,-54.9,-54.84,-54.53,-54.75,-54.32,-54.6,-54.17,-54.53,-54.02,-54.38,-53.99,-53.92,-54.29
Sweep_2,-70.0,-70.31,-70.37,-70.4,-70.25,-69.98,-70.07,-70.34,-70.16,-70.1,-70.43,-70.13,-70.34,-70.01,-70.37,-70.1,-70.43,-70.31,-69.98,-70.43,-69.98,-70.28,-70.28,-69.95,-70.13,-70.4,-70.28,-69.89,-70.07,-70.25,-70.34,-70.25,-69.98,-69.85,-69.79,-69.85,-69.92,-69.85,-69.92,-69.82,-69.92,-70.43,-69.89,-70.1,-70.22,-70.28,-70.34,-70.07,-69.92,-70.22,-70.07,-70.13,-70.13,-69.92,-70.19,-69.95,-70.34,-70.07,-70.1,-70.19,-69.82,-70.4,-70.01,-70.04,-70.4,-69.98,-70.1,-70.34,-70.22,-69.89,-69.92,-70.4,-70.34,-70.31,-70.13,-70.07,-70.04,-69.85,-69.92,-69.98,-69.92,-70.04,-70.01,-70.4,-70.19,-69.95,-70.04,-70.19,-70.31,-70.37,-70.01,-70.22,-70.25,-69.92,-70.43,-69.92,-70.53,-69.95,-70.4,-70.01,-70.22,-70.28,-69.98,-70.25,-69.98,-70.16,-70.43,-69.89,-70.01,-70.28,-70.16,-70.01,-69.89,-70.22,-70.25,-70.28,-70.34,-70.1,-69.95,-69.95,-69.92,-69.95,-69.92,-69.92,-69.95,-70.22,-70.37,-70.01,-69.85,-69.92,-70.1,-70.43,-70.16,-69.98,-70.25,-69.73,-70.47,-69.79,-70.22,-69.76,-70.28,-69.98,-70.07,-70.07,-69.89,-70.25,-70.01,-70.04,-70.25,-69.95,-69.95,-70.37,-70.16,-69.92,-69.79,-69.95,-70.31,-70.22,-70.25,-70.19,-70.19,-70.25,-70.16,-70.19,-70.22,-70.13,-69.98,-70.16,-70.22,-70.19,-70.04,-69.98,-69.95,-70.25,-70.16,-69.95,-70.47,-69.95,-70.34,-69.95,-70.4,-70.04,-70.34,-70.07,-70.19,-70.28,-70.04,-70.34,-70.13,-69.98,-70.37,-70.25,-69.85,-70.22,-70.34,-70.19,-70.1,-69.92,-70.1,-70.25,-70.4,-70.5,-70.4,-70.37,-70.37,-70.37,-70.56,-70.25,-69.98,-70.16,-70.34,-70.43,-70.25,-70.13,-69.98,-70.28,-70.47,-69.89,-70.31,-69.89,-70.28,-70.04,-70.37,-69.95,-70.4,-69.92,-70.28,-70.22,-69.98,-70.37,-70.01,-70.16,-70.31,-70.19,-70.01,-70.31,-70.53,-70.22,-69.98,-70.04,-70.07,-70.4,-70.34,-70.37,-70.4,-70.4,-70.47,-70.4,-70.43,-70.19,-70.25,-70.13,-70.13,-70.28,-70.43,-70.43,-70.37,-70.04,-70.47,-70.07,-70.43,-70.25,-70.37,-70.13,-70.43,-70.04,-70.53,-70.04,-70.34,-70.19,-70.13,-70.53,-70.1,-70.16,-70.43,-70.22,-70.1,-70.31,-70.4,-70.25,-70.01,-70.01,-70.01,-70.19,-70.22,-70.31,-70.4,-70.37,-70.31,-70.28,-70.37,-70.19,-70.31,-70.13,-69.95,-69.98,-70.28,-70.31,-70.28,-69.92,-70.34,-70.1,-70.19,-70.04,-70.16,-69.98,-70.31,-69.89,-70.31,-69.85,-70.19,-70.22,-69.95,-70.28,-70.01,-69.95,-70.34,-70.19,-69.89,-70.04,-70.28,-70.4,-70.07,-69.98,-69.92,-69.92,-70.04,-70.07,-70.07,-70.04,-70.01,-70.19,-70.34,-70.19,-70.34,-70.13,-70.13,-69.95,-70.07,-70.34,-70.22,-70.1,-70.34,-70.01,-70.37,-69.92,-70.5,-69.92,-70.34,-69.92,-70.25,-70.34,-70.04,-70.37,-69.92,-70.19,-70.47,-70.07,-70.01,-70.43,-70.25,-70.13,-69.89,-70.1,-70.43,-70.34,-70.43,-70.25,-70.16,-70.1,-70.16,-70.28,-70.28,-70.25,-69.89,-70.28,-70.25,-69.85,-69.85,-70.1,-70.19,-70.34,-69.85,-70.22,-70.04,-70.07,-70.19,-70.07,-70.1,-70.1,-69.92,-70.37,-69.79,-70.19,-70.01,-70.01,-70.43,-69.98,-70.01,-70.34,-70.16,-69.98,-70.1,-70.28,-70.25,-70.16,-69.98,-69.82,-69.92,-69.92,-70.01,-70.16,-70.01,-69.92,-69.85,-70.1,-70.43,-70.04,-69.85,-70.1,-70.16,-70.34,-70.22,-69.89,-70.13,-70.25,-70.07,-70.34,-69.89,-70.31,-69.92,-70.4,-69.95,-70.16,-70.19,-69.89,-70.4,-69.92,-69.98,-70.25,-69.89,-70.04,-70.22,-70.19,-69.92,-69.82,-70.22,-70.28,-70.25,-70.16,-70.04,-70.1,-69.92,-69.92,-69.92,-70.01,-70.22,-69.85,-70.28,-69.92,-69.95,-70.22,-70.19,-70.22,-70.04,-69.92,-70.34,-69.85,-70.13,-69.89,-70.22,-69.98,-70.25,-69.79,-70.31,-69.92,-70.19,-70.16,-69.79,-70.28,-70.19,-69.92,-70.19,-70.31,-69.98,-69.89,-70.25,-70.31,-70.22,-70.07,-69.98,-69.92,-69.85,-69.92,-69.92,-69.92,-70.13,-69.89,-69.85,-70.19,-69.98,-70.34,-70.34,-70.25,-70.07,-69.92,-70.19,-70.34,-69.95,-70.28,-70.16,-70.4,-70.1,-70.34,-70.01,-70.43,-70.04,-70.34,-70.16,-70.1,-70.37,-70.04,-70.1,-70.31,-70.01,-69.98,-70.4,-70.22,-70.01,-69.76,-70.01,-70.34,-70.28,-70.28,-70.25,-70.19,-70.37,-70.22,-70.28,-70.28,-70.16,-70.01,-70.1,-70.31,-70.19,-70.07,-69.98,-69.92,-70.28,-70.1,-69.95,-70.25,-69.76,-70.19,-69.82,-70.22,-69.98,-70.13,-70.07,-69.95,-70.16,-69.92,-70.22,-70.16,-69.79,-70.22,-70.22,-69.89,-70.01,-70.25,-70.25,-70.16,-69.89,-69.82,-69.92,-70.07,-70.25,-70.25,-70.22,-70.19,-70.16,-70.28,-70.4,-69.89,-70.25,-70.28,-70.4,-70.13,-69.95,-69.95,-70.28,-70.16,-70.1,-70.4,-70.04,-70.31,-70.13,-70.37,-70.1,-70.22,-70.28,-70.13,-70.4,-70.04,-70.19,-70.37,-70.04,-70.13,-70.34,-70.1,-69.89,-70.25,-70.28,-70.22,-70.1,-69.89,-70.04,-69.89,-70.01,-70.04,-70.07,-70.13,-69.95,-70.07,-70.25,-69.85,-70.13,-70.19,-70.28,-70.31,-70.1,-70.01,-70.22,-70.19,-69.95,-70.22,-69.98,-70.28,-69.85,-70.25,-69.89,-70.28,-70.07,-69.98,-70.19,-69.79,-70.28,-70.13,-69.79,-70.19,-70.25,-70.07,-69.85,-70.16,-70.31,-70.22,-70.25,-69.89,-69.85,-69.92,-70.01,-70.13,-70.04,-70.01,-70.04,-70.22,-70.34,-70.22,-70.01,-70.01,-70.07,-70.34,-70.34,-70.13,-70.01,-70.37,-70.13,-70.53,-70.07,-70.43,-70.04,-70.56,-70.04,-70.47,-70.07,-70.28,-70.47,-70.04,-70.4,-70.22,-69.98,-70.5,-70.37,-70.01,-70.13,-70.37,-70.65,-70.31,-70.13,-70.07,-69.98,-70.16,-70.1,-70.13,-70.16,-70.1,-70.25,-70.47,-70.16,-70.5,-70.5,-70.53,-70.13,-70.07,-70.25,-70.47,-70.16,-70.37,-70.19,-70.22,-70.28,-70.25,-70.16,-70.22,-70.01,-70.4,-70.01,-70.31,-70.16,-70.07,-70.4,-70.25,-70.04,-70.4,-70.31,-69.98,-70.22,-70.34,-70.47,-70.47,-70.25,-70.19,-69.98,-69.98,-70.01,-70.01,-70.13,-70.01,-70.01,-70.4,-70.07,-70.47,-70.53,-70.4,-70.34,-70.07,-70.22,-70.5,-70.13,-70.31,-70.4,-70.43,-70.31,-70.34,-70.28,-70.47,-70.19,-70.56,-70.19,-70.47,-70.4,-70.19,-70.53,-70.37,-70.13,-70.4,-70.71,-70.22,-70.04,-70.25,-70.5,-70.62,-70.47,-70.43,-70.34,-70.31,-70.34,-70.31,-70.31,-70.4,-70.22,-70.53,-70.16,-70.47,-70.53,-70.53,-70.53,-70.13,-70.28,-70.53,-70.1,-70.53,-70.04,-70.4,-70.19,-70.4,-70.13,-70.47,-70.04,-70.37,-70.25,-70.25,-70.47,-70.19,-70.22,-70.53,-70.43,-70.07,-70.43,-70.53,-70.4,-70.22,-70.22,-70.22,-70.43,-70.53,-70.65,-70.59,-70.59,-70.65,-70.56,-70.65,-70.5,-70.22,-70.25,-70.43,-70.71,-70.62,-70.5,-70.19,-70.47,-70.68,-70.22,-70.68,-70.22,-70.68,-70.37,-70.68,-70.22,-70.62,-70.53,-70.5,-70.62,-70.25,-70.65,-70.5,-70.37,-70.56,-70.59,-70.28,-70.28,-70.77,-70.65,-70.53,-70.34,-70.16,-70.4,-70.28,-70.31,-70.47,-70.47,-70.5,-70.37,-70.47,-70.59,-70.34,-70.37,-70.53,-70.65,-70.62,-70.47,-70.31,-70.47,-70.5,-70.22,-70.47,-70.19,-70.53,-70.19,-70.47,-70.34,-70.43,-70.47,-70.07,-70.56,-70.4,-70.43,-70.56,-70.4,-70.16,-70.53,-70.68,-70.34,-70.16,-70.31,-70.5,-70.74,-70.56,-70.53,-70.47,-70.37,-70.47,-70.28,-70.47,-70.5,-70.25,-70.5,-70.25,-70.53,-70.53,-70.53,-70.53,-70.16,-70.34,-70.56,-70.19,-70.68,-70.25,-70.53,-70.19,-70.59,-70.22,-70.53,-70.22,-70.43,-70.43,-70.4,-70.59,-70.37,-70.19,-70.56,-70.37,-70.01,-70.37,-70.53,-70.28,-70.13,-69.98,-70.1,-70.28,-70.4,-70.53,-70.47,-70.43,-70.47,-70.4,-70.59,-70.31,-70.16,-70.1,-70.31,-70.47,-70.43,-70.34,-70.04,-70.19,-70.4,-69.95,-70.28,-69.92,-70.37,-70.07,-70.34,-69.89,-70.25,-69.98,-70.37,-70.25,-69.95,-70.34,-70.19,-70.07,-70.28,-70.25,-69.95,-70.07,-70.47,-70.31,-70.13,-69.89,-69.89,-70.07,-70.13,-70.16,-70.22,-70.25,-70.28,-70.13,-70.22,-70.16,-70.16,-69.95,-71.2,-71.72,-72.27,-72.6,-72.72,-72.85,-73.43,-73.24,-74.04,-73.94,-74.34,-74.16,-74.83,-74.55,-75.35,-75.01,-75.5,-75.59,-75.47,-76.2,-76.05,-75.96,-76.51,-76.66,-76.54,-76.63,-77.15,-77.3,-77.3,-77.42,-77.3,-77.45,-77.64,-77.88,-78.13,-78.19,-78.34,-78.43,-78.89,-78.98,-79.19,-79.07,-79.07,-79.25,-79.56,-79.93,-79.96,-79.77,-80.29,-80.11,-80.29,-80.26,-80.63,-80.47,-81.09,-80.69,-81.24,-80.93,-81.36,-81.6,-81.27,-81.82,-81.73,-81.7,-82.24,-82.31,-82.03,-82.21,-82.61,-82.92,-82.76,-82.73,-82.7,-82.76,-83.04,-83.01,-83.16,-83.25,-83.31,-83.56,-83.92,-83.83,-84.2,-84.32,-84.35,-84.23,-84.2,-84.5,-84.84,-84.72,-84.99,-85.05,-85.08,-85.27,-85.45,-85.39,-85.54,-85.45,-85.78,-85.69,-86.09,-85.91,-85.97,-86.4,-86.24,-86.21,-86.67,-86.58,-86.4,-86.7,-86.94,-87.16,-87.07,-87.04,-87.1,-87.01,-87.1,-87.07,-87.37,-87.4,-87.49,-87.68,-88.1,-87.77,-88.01,-88.26,-88.41,-88.59,-88.53,-88.35,-88.68,-88.9,-88.56,-88.93,-88.87,-89.23,-88.84,-89.32,-89.14,-89.51,-89.32,-89.36,-89.78,-89.39,-89.97,-90.03,-89.66,-90.06,-90.24,-90.21,-90.03,-90.42,-90.7,-90.7,-90.7,-90.55,-90.52,-90.58,-90.73,-90.94,-90.88,-90.94,-91.03,-91.34,-91.55,-91.61,-91.49,-91.43,-91.49,-91.89,-92.04,-92.13,-91.77,-92.29,-92.19,-92.41,-92.16,-92.56,-92.29,-92.93,-92.41,-92.9,-92.65,-92.86,-93.2,-92.77,-93.2,-93.26,-92.93,-93.41,-93.51,-93.29,-93.2,-93.48,-93.9,-93.9,-93.81,-93.72,-93.72,-93.78,-93.75,-93.78,-93.78,-93.93,-94.06,-94.27,-94.39,-94.67,-94.57,-94.54,-94.42,-94.57,-94.82,-94.94,-94.88,-95.06,-94.67,-95.18,-94.88,-95.43,-94.94,-95.49,-95.06,-95.58,-95.49,-95.61,-95.76,-95.46,-95.76,-96.07,-95.7,-95.76,-96.16,-96.16,-96.1,-95.92,-96.19,-96.47,-96.59,-96.71,-96.59,-96.68,-96.65,-96.74,-96.89,-96.92,-96.83,-96.77,-97.02,-97.32,-97.29,-97.14,-97.11,-97.02,-97.6,-97.56,-97.23,-97.72,-97.47,-97.96,-97.56,-97.93,-97.69,-98.11,-97.81,-98.18,-97.96,-98.05,-98.36,-98.08,-98.27,-98.39,-98.11,-98.3,-98.75,-98.57,-98.24,-98.3,-98.6,-98.85,-98.88,-98.82,-98.72,-98.63,-98.69,-98.72,-98.75,-98.79,-98.63,-99.24,-98.85,-98.85,-99.03,-99.15,-99.46,-99.21,-98.94,-99.33,-99.18,-99.24,-99.37,-99.12,-99.58,-99.3,-99.64,-99.49,-99.55,-99.73,-99.4,-100.01,-99.61,-99.64,-99.98,-99.7,-99.76,-100.1,-100.01,-99.88,-99.79,-100.16,-100.34,-100.43,-100.4,-100.28,-100.37,-100.16,-100.16,-100.16,-100.19,-100.19,-100.07,-100.34,-100.37,-100.22,-100.31,-99.95,-100.13,-100.43,-100.52,-100.37,-100.71,-100.49,-100.89,-100.62,-101.07,-100.71,-101.1,-100.71,-101.2,-100.98,-101.2,-101.32,-101.07,-101.41,-101.47,-101.1,-101.53,-101.62,-101.38,-101.35,-101.53,-101.72,-101.75,-101.72,-101.72,-101.5,-101.5,-101.5,-101.59,-101.72,-101.62,-101.72,-102.14,-101.81,-102.11,-102.2,-102.29,-102.29,-102.29,-102.08,-102.23,-102.26,-102.02,-102.42,-102.14,-102.54,-102.11,-102.57,-102.29,-102.63,-102.57,-102.39,-102.72,-102.39,-102.84,-102.78,-102.48,-102.78,-102.94,-102.84,-102.57,-102.91,-103.06,-103.15,-103.12,-102.87,-102.84,-102.78,-102.84,-103.06,-102.97,-102.97,-103.03,-103.27,-103.52,-103.49,-103.3,-103.15,-103.18,-103.52,-103.61,-103.58,-103.3,-103.76,-103.55,-103.82,-103.52,-103.82,-103.55,-104.06,-103.58,-104.06,-103.7,-103.91,-104.1,-103.7,-104.06,-104.0,-103.64,-104.19,-104.19,-103.88,-103.79,-104.16,-104.4,-104.34,-104.22,-104.1,-103.94,-104.1,-104.03,-104.03,-104.03,-104.03,-104.22,-104.43,-104.28,-104.64,-104.61,-104.64,-104.46,-104.28,-104.49,-104.74,-104.46,-104.68,-104.46,-104.58,-104.58,-104.77,-104.49,-104.74,-104.43,-104.86,-104.55,-104.8,-104.8,-104.52,-104.95,-104.98,-104.61,-104.95,-105.13,-104.86,-104.83,-104.95,-105.13,-105.16,-105.22,-105.26,-104.98,-104.95,-104.95,-104.98,-105.19,-105.1,-104.95,-105.26,-105.01,-105.41,-105.35,-105.35,-105.35,-105.16,-105.16,-105.44,-105.22,-105.44,-105.5,-105.44,-105.53,-105.35,-105.56,-105.5,-105.41,-105.5,-105.16,-105.62,-105.38,-105.56,-105.74,-105.26,-105.38,-105.74,-105.65,-105.32,-105.38,-105.68,-105.83,-105.77,-105.53,-105.41,-105.35,-105.32,-105.56,-105.32,-105.35,-105.44,-105.47,-105.93,-105.74,-105.47,-105.47,-105.59,-105.83,-105.9,-105.74,-105.71,-105.99,-105.65,-105.96,-105.68,-106.05,-105.59,-106.2,-105.65,-106.05,-105.87,-105.9,-106.2,-105.74,-106.11,-106.14,-105.8,-106.2,-106.26,-106.08,-105.9,-106.05,-106.35,-106.38,-106.26,-106.14,-106.05,-106.2,-105.93,-105.99,-105.93,-106.05,-106.08,-106.29,-106.17,-106.45,-106.45,-106.48,-106.26,-106.08,-106.35,-106.57,-106.26,-106.38,-106.51,-106.38,-106.41,-106.54,-106.41,-106.51,-106.32,-106.6,-106.32,-106.66,-106.41,-106.35,-106.72,-106.45,-106.45,-106.63,-106.6,-106.26,-106.45,-106.63,-106.69,-106.6,-106.48,-106.57,-106.35,-106.32,-106.32,-106.35,-106.38,-106.32,-106.54,-106.81,-106.66,-106.48,-106.51,-106.66,-106.78,-106.9,-106.69,-106.6,-106.81,-106.45,-106.75,-106.45,-106.9,-106.41,-106.93,-106.41,-107.06,-106.66,-106.78,-106.87,-106.51,-106.96,-106.78,-106.54,-106.87,-106.93,-106.72,-106.6,-106.81,-107.03,-106.93,-106.96,-106.69,-106.66,-106.57,-106.6,-106.78,-106.63,-106.66,-106.6,-106.96,-106.9,-107.03,-106.9,-106.75,-106.69,-106.78,-106.9,-107.06,-106.6,-107.03,-107.03,-106.93,-107.06,-106.9,-106.99,-107.03,-106.93,-107.06,-106.72,-107.18,-106.84,-107.03,-107.12,-106.69,-106.9,-107.21,-106.81,-106.75,-107.09,-107.12,-107.18,-106.69,-106.69,-106.75,-106.87,-107.12,-106.99,-107.06,-107.09,-107.09,-107.24,-107.03,-107.06,-106.78,-106.81,-107.09,-107.09,-107.18,-107.03,-106.75,-107.24,-106.78,-107.06,-106.84,-107.03,-106.99,-107.06,-106.72,-107.18,-106.69,-107.24,-106.87,-106.87,-107.12,-106.75,-107.06,-107.18,-106.9,-106.81,-107.09,-107.39,-107.03,-106.75,-106.75,-106.87,-107.12,-107.12,-107.15,-107.18,-107.21,-107.33,-107.09,-107.15,-106.75,-107.18,-107.21,-106.87,-106.81,-106.75,-106.96,-107.33,-106.93,-106.96,-107.21,-106.93,-107.3,-106.84,-107.18,-106.96,-107.24,-107.27,-107.06,-107.21,-106.84,-107.12,-107.21,-106.78,-107.18,-107.12,-106.81,-107.21,-107.24,-107.03,-106.78,-106.72,-107.09,-107.18,-107.15,-107.27,-107.24,-107.3,-107.21,-107.21,-107.21,-106.96,-107.15,-106.81,-106.96,-107.06,-107.18,-107.3,-107.03,-106.81,-107.24,-106.9,-107.09,-107.09,-106.99,-107.06,-106.99,-107.18,-107.09,-106.81,-107.24,-106.78,-107.24,-107.09,-106.81,-107.33,-107.21,-106.96,-107.12,-107.3,-107.09,-106.84,-107.18,-107.24,-107.3,-107.24,-107.21,-107.24,-107.03,-107.03,-107.03,-107.09,-107.03,-106.96,-107.06,-107.27,-107.24,-107.18,-106.96,-106.81,-107.03,-107.3,-106.96,-107.12,-107.06,-107.03,-107.09,-107.12,-107.06,-107.09,-106.93,-107.15,-106.93,-107.27,-106.87,-106.99,-107.21,-107.03,-106.96,-107.27,-107.03,-106.72,-107.06,-107.15,-107.12,-106.93,-106.78,-106.87,-106.72,-106.81,-106.84,-106.87,-107.06,-106.87,-107.09,-106.96,-107.12,-107.06,-106.78,-106.72,-106.81,-107.03,-107.18,-106.66,-107.03,-106.87,-106.72,-107.03,-106.81,-106.93,-106.84,-106.84,-107.15,-106.63,-107.09,-106.66,-106.93,-107.15,-106.63,-106.99,-107.06,-106.72,-106.87,-107.06,-107.12,-106.9,-106.66,-106.78,-106.87,-107.03,-107.12,-107.18,-107.24,-107.15,-107.18,-107.18,-107.06,-107.09,-106.84,-106.99,-107.09,-107.15,-107.21,-106.9,-106.84,-107.24,-106.81,-107.24,-106.96,-107.12,-106.99,-107.12,-107.09,-107.21,-106.93,-107.24,-106.81,-107.3,-107.12,-106.78,-107.18,-107.09,-106.9,-107.09,-107.18,-106.99,-106.75,-107.03,-107.06,-107.21,-107.18,-107.09,-107.21,-106.93,-107.03,-106.99,-106.99,-106.99,-106.96,-106.96,-107.24,-107.21,-107.21,-106.96,-106.75,-106.96,-107.18,-106.87,-106.99,-106.93,-106.9,-106.96,-107.09,-106.9,-106.99,-106.78,-107.06,-106.9,-107.15,-106.84,-106.84,-107.15,-106.87,-106.99,-107.15,-106.96,-106.69,-106.99,-107.21,-107.09,-106.99,-106.81,-106.87,-106.72,-106.66,-106.75,-106.78,-106.81,-106.69,-107.03,-106.99,-107.06,-106.99,-106.66,-106.72,-106.87,-107.12,-107.12,-106.69,-107.09,-106.75,-107.09,-107.06,-107.03,-106.84,-107.06,-106.72,-107.27,-106.69,-107.15,-106.99,-106.84,-107.36,-106.87,-106.96,-107.21,-106.99,-106.84,-106.93,-107.15,-107.12,-106.99,-106.78,-106.69,-106.69,-106.78,-106.9,-106.99,-106.87,-106.81,-106.93,-107.12,-106.9,-107.06,-107.09,-107.15,-107.03,-106.9,-106.75,-107.06,-106.87,-106.81,-107.18,-106.69,-107.03,-106.75,-107.03,-106.96,-106.87,-106.9,-106.72,-107.12,-106.72,-106.87,-107.03,-106.63,-106.93,-107.15,-106.78,-106.63,-106.96,-107.09,-107.15,-106.78,-106.69,-106.66,-106.75,-106.84,-106.84,-106.78,-106.78,-106.75,-107.03,-106.96,-106.81,-106.6,-106.63,-107.03,-106.93,-106.99,-106.75,-106.66,-107.09,-106.63,-107.09,-106.75,-107.03,-106.87,-106.99,-106.6,-107.09,-106.72,-107.03,-106.84,-106.63,-107.06,-106.72,-106.69,-107.03,-106.84,-106.48,-106.78,-107.06,-106.84,-106.69,-106.45,-106.48,-106.6,-106.69,-106.75,-106.69,-106.75,-106.81,-106.69,-106.84,-106.51,-106.84,-106.87,-106.54,-106.45,-106.41,-106.6,-106.87,-106.38,-106.57,-106.6,-106.38,-106.81,-106.32,-106.63,-106.38,-106.54,-106.72,-106.32,-106.66,-106.23,-106.6,-106.72,-106.23,-106.66,-106.6,-106.23,-106.51,-106.66,-106.63,-106.41,-106.17,-106.48,-106.45,-106.6,-106.66,-106.63,-106.78,-106.66,-106.66,-106.63,-106.48,-106.57,-106.17,-106.51,-106.48,-106.54,-106.66,-106.41,-106.23,-106.63,-106.29,-106.72,-106.45,-106.48,-106.45,-106.48,-106.54,-106.57,-106.23,-106.69,-106.23,-106.72,-106.54,-106.14,-106.48,-106.45,-106.23,-106.38,-106.54,-106.38,-106.11,-106.35,-106.51,-106.54,-106.57,-106.51,-106.54,-106.38,-106.38,-106.48,-106.38,-106.29,-106.14,-106.35,-106.48,-106.38,-106.41,-106.23,-106.02,-106.23,-106.48,-106.23,-106.38,-106.14,-106.26,-106.14,-106.45,-106.08,-106.32,-105.9,-106.38,-106.08,-106.29,-106.23,-105.93,-106.38,-106.26,-105.99,-106.35,-106.29,-106.02,-106.08,-106.26,-106.45,-106.29,-106.2,-106.17,-105.93,-105.93,-105.93,-105.93,-105.99,-105.9,-105.96,-106.29,-106.17,-106.02,-105.99,-106.02,-106.2,-106.29,-106.29,-105.99,-106.29,-105.93,-106.38,-106.14,-106.29,-105.93,-106.29,-105.83,-106.51,-106.05,-106.11,-106.26,-105.87,-106.41,-106.17,-105.8,-106.11,-106.23,-106.11,-105.77,-105.9,-106.14,-106.08,-106.2,-105.93,-105.83,-105.74,-105.68,-105.77,-105.77,-105.65,-105.68,-105.93,-106.02,-106.11,-106.08,-105.93,-105.83,-105.93,-106.11,-105.96,-105.96,-105.96,-106.05,-105.9,-106.05,-105.65,-106.14,-105.83,-106.02,-105.87,-105.68,-106.11,-105.99,-105.8,-106.14,-105.93,-105.68,-106.17,-106.11,-105.96,-105.74,-105.74,-106.08,-106.05,-106.14,-106.17,-106.14,-106.2,-106.17,-106.05,-106.17,-106.14,-106.29,-105.8,-106.05,-105.77,-105.62,-105.96,-105.99,-106.02,-105.77,-105.9,-106.11,-105.77,-106.11,-105.87,-106.11,-106.08,-105.87,-106.08,-105.71,-106.14,-105.99,-105.8,-106.14,-105.77,-105.8,-106.26,-105.96,-105.71,-105.74,-106.02,-106.14,-105.93,-105.83,-105.65,-105.56,-105.62,-105.56,-105.47,-105.53,-105.5,-105.65,-105.59,-105.59,-105.96,-105.59,-105.77,-105.77,-105.9,-105.96,-105.71,-105.83,-105.93,-105.53,-105.8,-105.56,-105.74,-105.9,-105.47,-105.87,-105.44,-105.9,-105.41,-105.83,-105.5,-105.59,-105.87,-105.41,-105.74,-105.77,-105.53,-105.56,-105.74,-105.77,-105.62,-105.47,-105.5,-105.53,-105.65,-105.77,-105.8,-105.9,-105.77,-105.77,-105.74,-105.56,-105.77,-105.32,-105.44,-105.44,-105.56,-105.68,-105.56,-105.19,-105.56,-105.41,-105.56,-105.56,-105.38,-105.56,-105.41,-105.59,-105.5,-105.32,-105.65,-105.16,-105.74,-105.47,-105.26,-105.62,-105.44,-105.32,-105.56,-105.65,-105.32,-105.16,-105.5,-105.53,-105.62,-105.53,-105.47,-105.5,-105.29,-105.29,-105.26,-105.29,-105.32,-105.53,-105.19,-105.41,-105.56,-105.71,-105.59,-105.53,-105.16,-105.44,-105.62,-105.16,-105.56,-105.07,-105.5,-105.13,-105.41,-105.01,-105.53,-105.04,-105.41,-105.26,-105.01,-105.44,-105.1,-105.13,-105.44,-105.19,-104.95,-105.22,-105.56,-105.26,-105.04,-104.95,-105.04,-105.32,-105.29,-105.38,-105.38,-105.41,-105.5,-105.38,-105.22,-105.07,-104.95,-105.29,-105.32,-105.35,-105.32,-105.04,-105.1,-105.38,-105.01,-105.22,-105.26,-105.22,-105.26,-105.07,-105.26,-105.16,-105.22,-105.32,-104.95,-105.35,-105.01,-105.35,-105.35,-104.89,-105.16,-105.35,-105.19,-104.89,-105.07,-105.26,-105.32,-105.22,-104.89,-104.89,-104.83,-104.86,-105.04,-104.98,-104.89,-104.92,-105.26,-104.98,-105.01,-105.13,-105.16,-105.26,-105.35,-104.89,-104.89,-105.22,-104.86,-105.16,-104.8,-105.1,-104.86,-105.07,-104.89,-105.13,-104.64,-105.1,-104.8,-105.13,-105.01,-104.68,-105.04,-105.07,-104.68,-104.98,-105.19,-104.98,-104.71,-104.89,-105.04,-105.16,-105.19,-105.07,-105.26,-105.01,-105.01,-104.95,-104.95,-104.86,-105.01,-104.71,-105.01,-105.04,-105.16,-105.04,-104.86,-104.74,-105.01,-105.04,-104.92,-105.13,-104.71,-105.1,-104.89,-105.13,-104.8,-105.07,-104.92,-104.95,-105.1,-104.68,-105.07,-104.95,-104.68,-104.95,-104.98,-104.64,-104.64,-105.04,-105.04,-104.95,-104.71,-104.49,-104.74,-104.58,-104.64,-104.64,-104.64,-104.77,-104.71,-104.89,-104.58,-104.92,-105.1,-104.95,-104.77,-104.61,-104.52,-104.95,-104.83,-104.49,-104.92,-104.4,-104.95,-104.46,-104.89,-104.4,-104.83,-104.46,-104.8,-104.43,-104.58,-104.77,-104.46,-104.77,-104.64,-104.37,-104.61,-104.98,-104.61,-104.4,-104.52,-104.8,-104.95,-104.77,-104.71,-104.64,-104.52,-104.58,-104.49,-104.55,-104.43,-104.68,-104.64,-104.83,-104.86,-104.74,-104.71,-104.61,-104.46,-104.83,-104.68,-104.46,-105.01,-104.49,-104.92,-104.52,-104.89,-104.58,-104.86,-104.52,-104.77,-104.8,-104.55,-104.83,-104.64,-104.64,-104.86,-104.74,-104.49,-104.92,-104.89,-104.64,-104.64,-104.46,-104.71,-104.8,-104.86,-104.95,-104.8,-104.83,-104.89,-104.86,-104.71,-104.52,-104.58,-104.8,-104.83,-105.01,-104.74,-104.52,-104.43,-104.8,-104.58,-104.58,-104.58,-104.49,-104.68,-104.55,-104.68,-104.49,-104.49,-104.61,-104.43,-104.68,-104.28,-104.61,-104.58,-104.28,-104.61,-104.68,-104.34,-104.25,-104.8,-104.64,-104.49,-104.25,-104.16,-104.31,-104.34,-104.4,-104.49,-104.43,-104.55,-104.52,-104.55,-104.16,-104.31,-104.71,-104.49,-104.58,-104.46,-104.16,-104.4,-104.52,-104.13,-104.61,-104.28,-104.58,-104.4,-104.46,-104.28,-104.55,-104.34,-104.58,-104.19,-104.55,-104.37,-104.34,-104.58,-104.28,-104.16,-104.55,-104.71,-104.22,-104.13,-104.46,-104.61,-104.64,-104.4,-104.25,-104.16,-104.06,-104.19,-104.06,-104.13,-104.13,-104.55,-104.16,-104.34,-104.46,-104.52,-104.52,-104.61,-104.19,-104.28,-104.52,-104.1,-104.61,-104.16,-104.46,-104.19,-104.4,-104.19,-104.46,-104.0,-104.52,-104.1,-104.52,-104.4,-104.06,-104.43,-104.34,-104.25,-104.37,-104.43,-104.13,-104.03,-104.4,-104.49,-104.52,-104.4,-104.34,-104.31,-104.13,-104.13,-104.16,-104.16,-104.28,-104.52,-104.31,-104.13,-104.22,-104.4,-104.46,-104.52,-104.34,-104.13,-104.64,-104.22,-104.52,-104.31,-104.43,-104.43,-104.4,-104.34,-104.52,-104.22,-104.68,-104.16,-104.52,-104.43,-104.16,-104.74,-104.34,-104.1,-104.49,-104.55,-104.37,-104.1,-104.4,-104.46,-104.52,-104.61,-104.43,-104.34,-104.31,-104.34,-104.4,-104.19,-104.13,-104.43,-104.4,-104.4,-104.13,-104.0,-104.13,-104.4,-104.64,-104.06,-104.4,-104.25,-104.28,-104.46,-104.19,-104.34,-104.13,-104.28,-104.37,-104.1,-104.4,-103.97,-104.46,-104.46,-104.13,-104.46,-104.34,-104.1,-104.55,-104.49,-104.31,-104.16,-104.16,-104.4,-104.4,-104.52,-104.52,-104.43,-104.68,-104.55,-104.52,-104.46,-104.13,-104.55,-104.43,-104.22,-104.13,-104.13,-104.43,-104.52,-104.28,-104.22,-104.55,-104.28,-104.61,-104.1,-104.55,-104.13,-104.71,-104.25,-104.58,-104.4,-104.28,-104.74,-104.16,-104.46,-104.61,-104.16,-104.43,-104.64,-104.4,-104.13,-104.25,-104.77,-104.58,-104.55,-104.4,-104.28,-104.28,-104.13,-104.03,-104.1,-104.06,-104.19,-104.52,-104.25,-104.1,-104.22,-104.4,-104.43,-104.49,-104.4,-104.22,-104.58,-104.06,-104.4,-104.1,-104.46,-104.22,-104.46,-104.03,-104.43,-103.97,-104.52,-104.22,-104.1,-104.43,-104.1,-104.22,-104.52,-104.25,-104.03,-104.37,-104.61,-104.37,-104.03,-104.03,-104.19,-104.4,-104.43,-104.49,-104.49,-104.43,-104.55,-104.49,-104.31,-104.34,-104.13,-104.31,-104.34,-104.4,-104.43,-104.25,-104.22,-104.49,-104.16,-104.37,-104.34,-104.4,-104.37,-104.31,-104.28,-104.37,-104.31,-104.46,-104.0,-104.43,-104.31,-104.22,-104.43,-104.31,-104.06,-104.34,-104.52,-104.22,-103.91,-104.16,-104.34,-104.55,-104.37,-104.34,-104.28,-104.16,-104.31,-104.19,-104.22,-104.06,-104.19,-104.16,-104.31,-104.37,-104.37,-104.19,-104.1,-104.13,-104.43,-104.0,-104.19,-104.25,-104.03,-104.16,-104.13,-104.19,-104.37,-104.03,-104.31,-103.88,-104.25,-104.1,-104.1,-104.22,-103.94,-104.1,-104.43,-104.03,-103.82,-104.1,-104.28,-104.34,-104.03,-103.94,-103.82,-103.79,-104.06,-103.94,-103.88,-103.91,-103.91,-104.31,-104.03,-104.22,-104.06,-103.88,-103.91,-103.79,-104.06,-104.22,-103.85,-104.22,-104.16,-103.97,-104.22,-103.94,-104.4,-103.97,-104.16,-104.06,-103.97,-104.34,-103.85,-104.25,-104.1,-103.82,-104.34,-104.1,-103.79,-104.06,-104.22,-104.13,-103.82,-103.73,-103.91,-104.13,-104.25,-104.16,-104.13,-104.06,-104.03,-104.16,-104.1,-103.73,-104.03,-103.7,-103.79,-103.79,-103.88,-104.0,-104.1,-103.79,-103.82,-103.91,-103.61,-104.03,-103.73,-104.0,-103.55,-104.03,-103.58,-104.03,-103.7,-103.76,-103.94,-103.52,-104.0,-103.85,-103.49,-103.94,-103.97,-103.79,-103.58,-103.85,-104.0,-104.0,-103.94,-103.64,-103.58,-103.58,-103.58,-103.7,-103.52,-103.52,-103.73,-103.88,-103.76,-103.52,-103.64,-103.79,-103.88,-104.06,-103.7,-103.55,-103.97,-103.64,-104.16,-103.79,-103.91,-103.79,-103.88,-103.85,-104.1,-103.64,-104.0,-103.61,-103.94,-103.88,-103.52,-103.82,-103.88,-103.61,-103.76,-103.97,-103.73,-103.49,-103.67,-103.73,-103.97,-103.94,-103.88,-104.03,-103.85,-103.94,-103.91,-103.94,-103.79,-103.82,-103.58,-103.82,-103.91,-104.03,-103.91,-103.7,-103.49,-103.88,-103.85,-103.7,-103.76,-103.52,-103.76,-103.61,-103.79,-103.67,-103.67,-103.76,-103.55,-103.88,-103.55,-103.58,-103.85,-103.67,-103.55,-103.85,-103.76,-103.49,-103.55,-103.76,-103.82,-103.79,-103.61,-103.58,-103.36,-103.3,-103.24,-103.36,-103.36,-103.36,-103.67,-103.45,-103.7,-103.82,-103.7,-103.58,-103.39,-103.52,-103.97,-103.45,-103.67,-103.76,-103.52,-103.85,-103.45,-103.76,-103.55,-103.61,-103.76,-103.42,-103.73,-103.39,-103.67,-103.79,-103.33,-103.67,-103.67,-103.33,-103.49,-103.67,-103.67,-103.49,-103.24,-103.3,-103.33,-103.45,-103.58,-103.61,-103.76,-103.58,-103.58,-103.67,-103.3,-103.79,-103.52,-103.3,-103.24,-103.3,-103.64,-103.67,-103.36,-103.49,-103.61,-103.3,-103.58,-103.24,-103.64,-103.21,-103.7,-103.27,-103.42,-103.42,-103.12,-103.67,-103.21,-103.33,-103.61,-103.27,-103.36,-103.61,-103.64,-103.27,-103.21,-103.52,-103.61,-103.7,-103.61,-103.58,-103.61,-103.49,-103.36,-103.45,-103.45,-103.36,-103.58,-103.33,-103.24,-103.39,-103.67,-103.64,-103.64,-103.27,-103.45,-103.76,-103.3,-103.73,-103.36,-103.73,-103.42,-103.76,-103.27,-103.64,-103.39,-103.61,-103.58,-103.24,-103.61,-103.49,-103.33,-103.64,-103.58,-103.27,-103.3,-103.67,-103.58,-103.42,-103.24,-103.12,-103.27,-103.21,-103.3,-103.3,-103.39,-103.36,-103.42,-103.55,-103.21,-103.27,-103.64,-103.58,-103.58,-103.45,-103.27,-103.42,-103.55,-103.09,-103.49,-103.18,-103.55,-103.15,-103.52,-103.12,-103.55,-103.27,-103.52,-103.27,-103.39,-103.55,-103.21,-103.42,-103.52,-103.18,-103.36,-103.73,-103.49,-103.18,-103.18,-103.36,-103.67,-103.55,-103.58,-103.52,-103.64,-103.67,-103.52,-103.52,-103.27,-103.3,-103.45,-103.49,-103.58,-103.55,-103.39,-103.27,-103.3,-103.58,-103.09,-103.58,-103.52,-103.39,-103.36,-103.45,-103.39,-103.58,-103.3,-103.58,-103.15,-103.58,-103.52,-103.24,-103.55,-103.21,-103.12,-103.55,-103.42,-103.12,-103.03,-103.36,-103.49,-103.42,-103.24,-103.09,-103.03,-103.06,-102.84,-102.91,-102.97,-102.94,-103.33,-103.27,-103.3,-103.09,-102.94,-103.0,-103.0,-103.21,-103.27,-102.87,-103.36,-102.87,-103.18,-103.06,-103.15,-103.12,-103.18,-102.94,-103.3,-102.87,-103.39,-103.06,-103.0,-103.24,-102.91,-103.21,-103.36,-103.09,-102.94,-103.24,-103.52,-103.24,-102.91,-102.84,-102.97,-103.18,-103.21,-103.27,-103.27,-103.24,-103.45,-103.3,-103.18,-103.18,-102.94,-103.09,-103.12,-103.27,-103.36,-103.18,-103.0,-103.36,-103.06,-103.3,-103.3,-103.3,-103.24,-103.27,-103.18,-103.42,-103.15,-103.45,-102.97,-103.33,-103.27,-103.09,-103.36,-103.24,-102.97,-103.24,-103.52,-103.18,-102.94,-103.0,-103.18,-103.49,-103.42,-103.3,-103.24,-103.18,-103.39,-103.27,-103.24,-103.09,-103.18,-103.18,-103.36,-103.39,-103.36,-103.24,-103.09,-103.09,-103.42,-102.94,-103.33,-103.15,-103.27,-103.03,-103.15,-102.97,-103.3,-102.81,-103.27,-102.81,-103.06,-103.15,-102.75,-103.12,-103.12,-102.78,-103.15,-103.21,-103.06,-102.81,-102.87,-103.33,-103.24,-103.27,-103.24,-103.12,-103.24,-103.09,-103.06,-103.0,-103.09,-102.97,-103.24,-102.81,-102.81,-103.0,-103.24,-103.15,-103.18,-102.78,-103.12,-103.24,-102.94,-103.24,-102.91,-103.24,-103.09,-103.21,-103.15,-103.06,-103.27,-103.0,-103.27,-103.09,-102.87,-103.3,-103.12,-102.84,-103.18,-103.21,-102.97,-102.91,-102.94,-103.12,-103.24,-103.27,-103.33,-103.03,-103.12,-103.06,-103.06,-103.24,-103.06,-102.78,-103.18,-103.12,-103.06,-102.87,-102.81,-103.0,-103.21,-103.15,-102.91,-103.27,-102.69,-103.18,-102.87,-103.18,-102.66,-103.15,-102.84,-103.15,-103.0,-102.84,-103.21,-102.78,-103.12,-103.18,-102.75,-102.84,-103.21,-103.21,-102.75,-102.75,-103.03,-103.18,-103.36,-103.15,-103.0,-103.03,-103.0,-103.12,-102.97,-103.03,-102.81,-103.06,-102.87,-103.06,-103.12,-103.21,-103.15,-103.06,-102.81,-103.15,-102.94,-103.12,-103.3,-103.0,-103.15,-103.0,-103.15,-103.15,-102.97,-103.15,-102.75,-103.21,-103.0,-102.94,-103.12,-102.91,-102.84,-103.3,-103.06,-102.75,-102.87,-103.12,-103.3,-103.06,-102.87,-102.75,-102.69,-102.75,-102.6,-102.72,-102.63,-102.69,-103.15,-102.91,-103.18,-103.09,-102.91,-102.91,-102.75,-102.94,-103.12,-102.78,-103.09,-102.97,-102.75,-103.03,-102.75,-103.18,-102.78,-102.97,-102.94,-102.75,-103.12,-102.66,-103.12,-102.97,-102.63,-103.09,-102.94,-102.63,-102.87,-103.09,-103.15,-102.78,-102.6,-102.72,-102.94,-103.21,-103.24,-103.15,-103.15,-103.15,-103.24,-103.09,-102.81,-103.12,-102.87,-102.84,-102.75,-102.87,-103.06,-103.18,-102.91,-103.06,-103.0,-102.91,-103.06,-102.84,-103.03,-102.81,-102.97,-102.81,-102.72,-103.0,-102.6,-103.03,-102.75,-102.63,-102.91,-102.78,-102.51,-102.78,-103.18,-102.78,-102.54,-102.54,-102.72,-102.97,-103.0,-102.97,-102.91,-102.97,-103.0,-102.91,-102.97,-102.87,-102.57,-102.87,-102.91,-102.91,-102.97,-102.66,-102.69,-102.87,-102.94,-102.54,-102.97,-102.6,-102.91,-102.54,-102.91,-102.51,-103.03,-102.57,-102.91,-102.69,-102.66,-103.03,-102.51,-102.75,-103.12,-102.63,-102.81,-102.97,-102.94,-102.66,-102.51,-102.78,-102.87,-103.03,-103.03,-103.0,-103.12,-103.0,-103.06,-102.97,-103.03,-102.84,-103.06,-102.72,-102.66,-102.75,-103.06,-103.06,-102.97,-102.66,-102.97,-103.06,-102.84,-103.15,-102.78,-103.15,-102.94,-103.06,-102.91,-102.94,-103.12,-102.87,-103.15,-102.94,-102.81,-103.15,-103.06,-102.69,-103.09,-103.12,-102.84,-102.78,-102.84,-103.09,-103.09,-103.06,-103.09,-102.97,-102.84,-102.78,-102.97,-103.12,-102.78,-102.84,-102.94,-103.15,-103.12,-103.03,-102.87,-102.75,-103.06,-103.33,-102.72,-103.06,-102.75,-103.0,-102.94,-103.03,-102.78,-103.0,-102.72,-103.24,-102.72,-103.03,-103.0,-102.72,-103.3,-102.97,-102.81,-103.09,-103.12,-102.94,-102.69,-102.97,-103.06,-103.21,-103.09,-102.84,-102.72,-102.69,-102.69,-102.78,-102.69,-102.72,-102.75,-103.15,-103.06,-102.69,-102.81,-102.97,-103.09,-103.24,-102.87,-102.84,-103.15,-102.69,-103.36,-102.75,-103.18,-102.72,-103.21,-102.87,-103.18,-102.87,-102.94,-103.12,-102.87,-103.12,-103.03,-102.6,-103.09,-103.15,-102.78,-102.72,-103.06,-103.09,-103.21,-102.81,-102.66,-102.66,-102.72,-102.81,-102.78,-102.75,-102.69,-102.84,-103.21,-102.72,-102.97,-103.0,-103.06,-103.12,-102.81,-102.63,-103.03,-102.97,-102.78,-103.0,-102.6,-103.09,-102.63,-103.18,-102.63,-103.09,-102.87,-102.87,-103.15,-102.54,-103.09,-102.87,-102.78,-103.18,-102.91,-102.63,-102.97,-103.06,-103.09,-102.66,-102.72,-102.84,-103.0,-103.15,-103.15,-103.15,-103.15,-103.21,-103.3,-103.09,-102.69,-103.12,-103.03,-102.84,-102.75,-102.81,-102.94,-103.12,-102.97,-102.94,-103.18,-102.84,-103.21,-102.91,-103.21,-102.84,-103.18,-102.91,-103.24,-103.09,-102.81,-103.18,-102.87,-103.0,-103.27,-102.94,-102.78,-103.12,-103.21,-102.91,-102.75,-102.94,-103.09,-103.3,-103.09,-102.97,-102.94,-102.94,-103.0,-103.0,-103.0,-102.75,-103.06,-102.81,-102.81,-102.97,-103.09,-103.09,-103.12,-102.75,-103.12,-102.97,-102.72,-103.06,-102.6,-103.03,-102.63,-103.03,-102.94,-102.87,-102.84,-102.66,-103.03,-102.69,-102.97,-103.0,-102.54,-102.94,-103.15,-102.66,-102.63,-102.97,-103.03,-103.15,-102.81,-102.63,-102.63,-102.66,-102.84,-102.78,-102.81,-102.69,-102.75,-103.12,-102.6,-102.84,-102.91,-102.97,-103.06,-102.84,-102.51,-102.81,-102.87,-102.66,-103.03,-102.6,-102.94,-102.57,-103.15,-102.6,-102.97,-102.6,-102.94,-102.81,-102.72,-102.97,-102.51,-102.81,-103.06,-102.51,-102.66,-102.87,-102.78,-102.6,-102.42,-102.72,-102.84,-102.91,-102.97,-102.78,-102.78,-102.81,-102.75,-102.81,-102.57,-102.57,-102.6,-102.84,-102.94,-102.75,-102.66,-102.39,-102.57,-102.97,-102.48,-102.63,-102.6,-102.48,-102.87,-102.48,-102.69,-102.51,-102.54,-102.75,-102.33,-102.78,-102.29,-102.54,-102.75,-102.29,-102.57,-102.66,-102.36,-102.48,-102.6,-102.66,-102.48,-102.26,-102.29,-102.29,-102.36,-102.48,-102.6,-102.75,-102.57,-102.57,-102.75,-102.29,-102.69,-102.69,-102.69,-102.6,-102.45,-102.42,-102.57,-102.63,-102.33,-102.78,-102.51,-102.66,-102.42,-102.72,-102.39,-102.84,-102.39,-102.75,-102.39,-102.63,-102.69,-102.33,-102.69,-102.57,-102.26,-102.78,-102.69,-102.29,-102.26,-102.48,-102.78,-102.63,-102.54,-102.39,-102.29,-102.29,-102.2,-102.23,-102.17,-102.2,-102.72,-102.33,-102.63,-102.69,-102.66,-102.63,-102.29,-102.33,-102.69,-102.42,-102.48,-102.57,-102.14,-102.6,-102.17,-102.66,-102.17,-102.45,-102.42,-102.39,-102.66,-102.17,-102.57,-102.39,-102.14,-102.6,-102.51,-102.2,-102.45,-102.66,-102.63,-102.29,-102.2,-102.29,-102.42,-102.63,-102.6,-102.63,-102.72,-102.69,-102.75,-102.63,-102.26,-102.6,-102.54,-102.6,-102.29,-102.2,-102.26,-102.57,-102.66,-102.23,-102.66,-102.36,-102.72,-102.36,-102.69,-102.36,-102.69,-102.29,-102.84,-102.33,-102.63,-102.6,-102.2,-102.81,-102.51,-102.29,-102.66,-102.63,-102.42,-102.23,-102.57,-102.66,-102.6,-102.6,-102.29,-102.23,-102.17,-102.17,-102.36,-102.2,-102.23,-102.45,-102.48,-102.72,-102.45,-102.29,-102.29,-102.29,-102.75,-102.63,-102.23,-102.57,-102.33,-102.57,-102.39,-102.48,-102.42,-102.45,-102.45,-102.6,-102.17,-102.6,-102.26,-102.51,-102.6,-102.23,-102.54,-102.66,-102.42,-102.26,-102.6,-102.69,-102.51,-102.45,-102.2,-102.26,-102.42,-102.54,-102.72,-102.75,-102.6,-102.6,-102.66,-102.78,-102.48,-102.36,-102.6,-102.63,-102.94,-102.78,-102.45,-102.45,-102.75,-102.39,-102.75,-102.48,-102.69,-102.45,-102.78,-102.36,-102.66,-102.33,-102.69,-102.45,-102.42,-102.6,-102.29,-102.42,-102.75,-102.23,-102.23,-102.57,-102.48,-102.39,-102.11,-102.11,-102.39,-102.48,-102.63,-102.57,-102.54,-102.6,-102.48,-102.63,-102.51,-102.02,-102.51,-102.57,-102.66,-102.26,-102.23,-102.26,-102.54,-102.63,-102.29,-102.51,-102.08,-102.57,-102.17,-102.57,-102.14,-102.57,-102.2,-102.63,-102.33,-102.26,-102.51,-102.14,-102.66,-102.66,-102.23,-102.42,-102.6,-102.63,-102.29,-102.29,-102.54,-102.75,-102.84,-102.6,-102.57,-102.51,-102.54,-102.63,-102.54,-102.51,-102.23,-102.69,-102.69,-102.33,-102.33,-102.39,-102.54,-102.81,-102.57,-102.26,-102.69,-102.42,-102.81,-102.48,-102.6,-102.54,-102.69,-102.54,-102.63,-102.36,-102.75,-102.39,-102.75,-102.69,-102.29,-102.6,-102.66,-102.39,-102.45,-102.72,-102.6,-102.29,-102.29,-102.39,-102.57,-102.6,-102.63,-102.75,-102.6,-102.63,-102.63,-102.54,-102.29,-102.6,-102.48,-102.29,-102.17,-102.39,-102.42,-102.66,-102.39,-102.33,-102.72,-102.08,-102.54,-102.17,-102.54,-102.11,-102.48,-102.08,-102.48,-102.17,-102.45,-102.45,-102.05,-102.45,-102.39,-102.17,-102.45,-102.51,-102.17,-102.14,-102.57,-102.6,-102.42,-102.29,-102.11,-102.23,-102.05,-102.08,-102.08,-102.05,-102.2,-102.23,-102.33,-102.26,-101.99,-102.08,-102.02,-102.23,-102.42,-102.29,-102.11,-102.36,-102.14,-102.23,-102.29,-102.29,-102.33,-102.17,-102.23,-102.2,-102.17,-102.39,-101.96,-102.42,-102.11,-102.14,-102.39,-102.29,-102.02,-102.36,-102.54,-102.17,-101.96,-102.02,-102.26,-102.48,-102.36,-102.29,-102.29,-102.23,-102.48,-102.23,-102.26,-101.87,-102.33,-102.05,-101.93,-102.05,-102.2,-102.33,-102.39,-101.96,-102.23,-102.26,-101.96,-102.42,-101.99,-102.39,-101.93,-102.29,-102.08,-102.26,-102.2,-101.99,-102.36,-102.05,-102.2,-102.36,-102.05,-102.2,-102.54,-102.23,-101.96,-102.17,-102.45,-102.63,-102.42,-102.29,-102.23,-102.05,-102.2,-102.05,-102.02,-102.02,-101.99,-102.6,-102.08,-102.45,-102.48,-102.54,-102.6,-102.29,-102.14,-102.51,-102.39,-102.26,-102.66,-102.26,-102.6,-102.17,-102.69,-102.17,-102.6,-102.36,-102.45,-102.63,-102.2,-102.6,-102.39,-102.23,-102.69,-102.42,-102.14,-102.33,-102.54,-102.63,-102.26,-102.17,-102.17,-102.33,-102.63,-102.51,-102.54,-102.57,-102.63,-102.69,-102.54,-102.11,-102.48,-102.6,-102.6,-102.39,-102.26,-102.17,-102.45,-102.63,-102.14,-102.54,-102.17,-102.39,-102.29,-102.45,-102.2,-102.45,-102.08,-102.72,-102.17,-102.51,-102.42,-102.2,-102.69,-102.33,-102.2,-102.66,-102.6,-102.42,-102.29,-102.6,-102.69,-102.63,-102.66,-102.29,-102.23,-102.23,-102.29,-102.42,-102.29,-102.29,-102.6,-102.45,-102.78,-102.66,-102.54,-102.39,-102.23,-102.6,-102.63,-102.33,-102.42,-102.69,-102.42,-102.63,-102.2,-102.63,-102.26,-102.72,-102.42,-102.42,-102.6,-102.23,-102.87,-102.45,-102.36,-102.78,-102.51,-102.36,-102.57,-102.69,-102.42,-102.23,-102.45,-102.51,-102.66,-102.63,-102.69,-102.78,-102.63,-102.6,-102.51,-102.51,-102.29,-102.54,-102.57,-102.42,-102.23,-102.36,-102.26,-102.6,-102.48,-102.2,-102.72,-102.08,-102.48,-102.08,-102.51,-102.2,-102.51,-102.08,-102.57,-102.11,-102.45,-102.33,-102.02,-102.48,-102.29,-102.23,-102.42,-102.48,-102.08,-102.11,-102.63,-102.54,-102.45,-102.33,-102.11,-102.23,-102.08,-102.11,-102.2,-102.11,-102.23,-102.29,-102.57,-102.48,-102.2,-102.29,-102.36,-102.48,-102.66,-102.42,-102.54,-102.66,-102.2,-102.69,-102.33,-102.75,-102.33,-102.75,-102.29,-102.66,-102.33,-102.66,-102.54,-102.39,-102.75,-102.57,-102.33,-102.72,-102.63,-102.26,-102.69,-102.72,-102.66,-102.45,-102.29,-102.29,-102.26,-102.33,-102.48,-102.48,-102.54,-102.36,-102.39,-102.63,-102.2,-102.54,-102.57,-102.51,-102.48,-102.33,-102.26,-102.48,-102.39,-102.11,-102.51,-102.11,-102.48,-101.99,-102.48,-101.99,-102.6,-102.11,-102.42,-102.36,-102.17,-102.6,-102.17,-102.2,-102.51,-102.23,-102.2,-102.39,-102.48,-102.23,-101.96,-102.17,-102.29,-102.42,-102.45,-102.51,-102.54,-102.26,-102.48,-102.48,-102.45,-102.11,-102.45,-102.39,-102.08,-102.05,-102.14,-102.2,-102.51,-102.2,-102.2,-102.51,-102.14,-102.51,-102.02,-102.48,-102.11,-102.42,-102.11,-102.36,-102.33,-102.17,-102.54,-102.14,-102.29,-102.45,-102.29,-102.17,-102.51,-102.45,-102.11,-102.2,-102.29,-102.51,-102.51,-102.45,-102.42,-102.2,-102.14,-102.14,-102.2,-102.26,-102.11,-102.45,-102.11,-102.08,-102.42,-102.36,-102.48,-102.42,-102.08,-102.48,-102.42,-102.08,-102.36,-101.93,-102.48,-101.96,-102.42,-102.05,-102.26,-102.33,-102.11,-102.39,-101.96,-102.26,-102.51,-102.05,-102.29,-102.45,-102.08,-102.11,-102.33,-102.45,-102.36,-102.11,-102.14,-101.96,-101.96,-102.11,-102.08,-102.14,-102.05,-102.2,-102.45,-102.05,-102.54,-102.45,-102.39,-102.36,-102.14,-102.2,-102.48,-102.26,-102.23,-102.57,-102.29,-102.63,-102.17,-102.63,-102.23,-102.63,-102.42,-102.36,-102.57,-102.14,-102.78,-102.36,-102.14,-102.57,-102.51,-102.29,-102.36,-102.57,-102.48,-102.2,-102.23,-102.26,-102.45,-102.57,-102.57,-102.66,-102.57,-102.57,-102.6,-102.51,-102.17,-102.51,-102.36,-102.14,-102.17,-102.23,-102.39,-102.57,-102.23,-102.33,-102.6,-101.99,-102.48,-101.96,-102.51,-102.17,-102.69,-102.05,-102.42,-102.36,-102.42,-102.48,-102.08,-102.39,-102.42,-102.23,-102.36,-102.51,-102.23,-102.08,-102.36,-102.51,-102.6,-102.48,-102.57,-102.33,-102.11,-102.11,-102.08,-102.11,-102.14,-102.14,-102.48,-102.23,-102.05,-102.11,-102.14,-102.26,-102.42,-102.29,-102.14,-102.42,-102.02,-102.54,-102.14,-102.57,-102.08,-102.45,-102.02,-102.51,-102.17,-102.39,-102.26,-102.14,-102.48,-102.2,-102.23,-102.48,-102.23,-102.08,-102.45,-102.45,-102.33,-102.14,-101.99,-102.23,-102.29,-102.36,-102.42,-102.45,-102.63,-102.42,-102.45,-102.29,-102.23,-102.11,-102.17,-102.36,-102.2,-102.36,-102.17,-101.99,-102.42,-101.99,-102.23,-102.23,-102.14,-102.14,-102.2,-102.08,-102.51,-101.96,-102.33,-101.87,-102.26,-102.26,-101.87,-102.36,-102.14,-101.87,-102.33,-102.36,-102.14,-101.99,-102.11,-102.45,-102.36,-102.39,-102.29,-102.2,-102.26,-102.11,-102.2,-102.17,-102.05,-102.17,-101.96,-102.23,-102.26,-102.2,-102.17,-101.87,-101.93,-102.23,-101.99,-102.23,-102.23,-102.08,-102.29,-102.08,-102.51,-102.2,-102.26,-102.33,-102.02,-102.51,-102.02,-102.29,-102.33,-101.9,-102.42,-102.39,-102.05,-102.02,-102.33,-102.45,-102.11,-101.96,-101.87,-101.96,-102.2,-102.17,-102.26,-102.2,-102.29,-102.39,-102.42,-101.96,-102.36,-102.48,-102.39,-102.29,-102.05,-102.05,-102.36,-102.45,-102.02,-102.39,-101.96,-102.36,-102.17,-102.33,-101.96,-102.36,-101.96,-102.51,-102.11,-102.14,-102.36,-101.99,-102.36,-102.29,-101.99,-102.17,-102.39,-102.39,-102.02,-101.81,-102.2,-102.29,-102.36,-102.08,-101.99,-101.84,-101.78,-101.96,-101.81,-101.72,-101.59,-101.93,-102.08,-101.68,-101.53,-101.32,-101.35,-101.84,-101.81,-101.41,-101.81,-101.72,-102.02,-101.78,-101.75,-101.84,-101.9,-101.96,-102.05,-101.62,-102.02,-101.72,-102.02,-102.08,-101.72,-101.9,-102.14,-101.96,-101.75,-102.08,-102.14,-102.02,-101.9,-101.72,-101.75,-101.96,-102.05,-102.2,-102.11,-102.11,-102.17,-102.17,-101.93,-102.26,-102.14,-101.87,-101.87,-101.96,-102.05,-102.23,-101.99,-101.99,-102.33,-101.75,-102.14,-101.72,-102.11,-101.78,-102.08,-101.56,-101.9,-101.84,-101.84,-102.02,-101.59,-101.9,-101.99,-101.65,-101.78,-101.99,-101.84,-101.56,-101.9,-101.96,-102.11,-102.02,-101.93,-101.9,-101.75,-101.72,-101.62,-101.75,-101.9,-101.9,-102.11,-102.08,-101.9,-101.84,-101.75,-101.9,-102.08,-102.08,-101.93,-102.17,-101.9,-102.11,-102.08,-102.08,-102.05,-102.11,-101.96,-102.17,-101.93,-102.29,-101.78,-102.05,-102.14,-101.84,-102.17,-102.2,-101.81,-101.87,-102.26,-102.02,-101.81,-101.65,-101.72,-102.02,-102.02,-102.02,-102.08,-102.14,-102.14,-102.14,-102.11,-101.75,-101.99,-101.84,-101.68,-101.62,-101.84,-102.05,-102.23,-101.68,-102.02,-101.99,-101.72,-102.2,-101.65,-102.02,-101.72,-101.96,-102.08,-101.84,-102.08,-101.59,-101.99,-102.05,-101.62,-102.02,-101.9,-101.62,-101.93,-102.02,-101.84,-101.62,-101.75,-102.08,-102.05,-102.08,-102.02,-101.96,-102.08,-101.96,-102.02,-102.08,-101.81,-101.84,-101.81,-102.02,-101.93,-101.9,-101.78,-101.72,-102.05,-101.62,-102.05,-101.75,-102.11,-101.68,-102.05,-101.68,-102.14,-101.9,-101.75,-102.05,-101.65,-102.05,-101.84,-101.56,-101.93,-101.96,-101.78,-101.65,-101.96,-102.05,-101.84,-101.72,-101.56,-101.68,-101.81,-101.9,-102.08,-101.93,-101.99,-101.96,-101.81,-101.96,-102.02,-101.81,-102.08,-101.93,-101.9,-101.72,-101.87,-102.11,-101.84,-101.99,-102.08,-101.65,-102.02,-101.62,-102.11,-101.72,-101.78,-101.96,-101.68,-102.17,-101.72,-101.87,-102.05,-101.72,-101.96,-102.17,-101.96,-101.62,-101.81,-102.17,-102.17,-102.05,-101.84,-101.72,-101.72,-101.72,-101.72,-101.72,-101.68,-101.81,-101.59,-101.65,-101.96,-101.87,-102.26,-102.08,-101.96,-101.72,-101.78,-102.2,-101.87,-101.75,-101.99,-101.72,-102.14,-101.75,-102.02,-101.87,-101.84,-102.11,-101.68,-102.08,-101.59,-102.08,-101.78,-101.93,-101.99,-101.56,-101.99,-101.96,-101.53,-101.87,-101.99,-101.87,-101.68,-101.56,-101.62,-101.78,-101.87,-102.08,-101.96,-101.9,-101.87,-101.96,-101.87,-101.96,-101.87,-101.65,-101.53,-101.75,-101.72,-102.05,-101.81,-101.65,-101.99,-101.41,-101.9,-101.5,-101.9,-101.62,-101.93,-101.5,-101.9,-101.59,-101.81,-101.87,-101.59,-101.93,-101.96,-101.65,-101.93,-101.99,-101.72,-101.62,-102.05,-102.05,-101.99,-101.87,-101.72,-101.75,-101.59,-101.62,-101.65,-101.62,-101.81,-101.93,-101.9,-102.02,-101.93,-101.87,-101.68,-101.62,-101.87,-102.08,-101.81,-101.93,-101.99,-101.84,-102.02,-101.84,-102.11,-101.84,-102.08,-101.99,-102.02,-102.14,-101.72,-102.14,-102.02,-101.9,-102.17,-102.05,-101.75,-102.05,-102.33,-102.11,-101.81,-101.68,-101.99,-102.26,-102.23,-102.23,-102.17,-102.14,-102.36,-102.2,-102.11,-101.72,-102.17,-102.11,-101.9,-101.68,-101.68,-101.9,-102.2,-101.96,-101.68,-102.11,-101.65,-102.05,-101.72,-102.02,-101.72,-101.99,-101.72,-102.14,-101.65,-102.05,-101.87,-101.87,-102.08,-101.68,-101.78,-102.08,-101.93,-101.62,-101.96,-102.05,-101.99,-101.84,-101.65,-101.62,-101.78,-101.9,-102.08,-101.87,-101.96,-101.87,-102.05,-101.81,-102.08,-101.99,-101.81,-101.75,-101.75,-101.81,-102.05,-101.99,-101.75,-102.26,-101.72,-102.2,-101.72,-102.17,-101.87,-102.17,-101.72,-102.2,-101.87,-102.08,-102.11,-101.72,-102.14,-102.11,-101.78,-102.08,-102.11,-101.84,-101.72,-102.14,-102.17,-102.11,-101.96,-101.75,-101.87,-101.68,-101.65,-101.59,-101.62,-101.78,-101.96,-101.81,-102.11,-102.02,-101.96,-101.78,-101.68,-101.84,-102.11,-101.87,-101.84,-101.93,-101.62,-101.93,-101.72,-101.93,-101.62,-101.87,-101.65,-101.93,-101.93,-101.53,-101.9,-101.65,-101.65,-102.02,-101.81,-101.56,-101.84,-102.08,-101.81,-101.5,-101.41,-101.72,-102.02,-101.9,-101.99,-101.9,-101.9,-101.96,-101.93,-101.81,-101.47,-101.84,-101.84,-101.62,-101.5,-101.56,-101.75,-102.02,-101.78,-101.65,-101.87,-101.62,-102.17,-101.59,-101.99,-101.62,-102.08,-101.72,-102.08,-101.78,-101.84,-102.02,-101.68,-101.99,-102.05,-101.59,-101.96,-102.23,-101.78,-101.62,-101.87,-102.08,-102.23,-101.93,-101.72,-101.56,-101.5,-101.62,-101.62,-101.5,-101.59,-101.78,-102.11,-101.87,-101.62,-101.62,-101.65,-102.05,-102.02,-101.9,-101.62,-102.02,-101.78,-101.84,-101.65,-101.84,-101.59,-102.02,-101.53,-101.99,-101.44,-101.9,-101.68,-101.59,-101.84,-101.29,-101.62,-101.68,-101.14,-101.23,-101.62,-101.68,-101.68,-101.26,-101.26,-101.5,-101.65,-101.84,-101.75,-101.81,-101.78,-101.72,-101.93,-101.65,-101.59,-101.35,-101.53,-101.72,-101.78,-101.84,-101.59,-101.38,-101.84,-101.56,-101.53,-101.72,-101.56,-101.84,-101.56,-101.62,-101.68,-101.5,-101.84,-101.32,-101.78,-101.53,-101.35,-101.9,-101.5,-101.35,-101.59,-101.59,-101.41,-101.2,-101.5,-101.65,-101.59,-101.62,-101.41,-101.29,-101.26,-101.23,-101.32,-101.29,-101.26,-101.59,-101.26,-101.62,-101.65,-101.72,-101.65,-101.47,-101.41,-101.62,-101.53,-101.38,-101.65,-101.35,-101.68,-101.29,-101.9,-101.38,-101.75,-101.56,-101.5,-101.68,-101.29,-101.84,-101.56,-101.32,-101.75,-101.62,-101.56,-101.59,-101.81,-101.75,-101.47,-101.41,-101.35,-101.56,-101.81,-101.81,-101.93,-101.84,-101.84,-101.87,-101.84,-101.5,-101.75,-101.87,-101.84,-101.75,-101.72,-101.41,-101.72,-101.84,-101.44,-101.96,-101.53,-101.84,-101.53,-101.84,-101.62,-101.84,-101.47,-101.84,-101.44,-101.84,-101.75,-101.44,-101.9,-101.68,-101.56,-101.72,-101.9,-101.65,-101.47,-101.68,-101.81,-101.9,-101.87,-101.75,-101.68,-101.53,-101.5,-101.56,-101.56,-101.62,-101.62,-101.78,-101.9,-101.78,-101.84,-101.59,-101.53,-101.78,-101.99,-101.62,-101.84,-101.84,-101.62,-101.9,-101.62,-101.87,-101.62,-101.78,-101.68,-101.78,-101.87,-101.5,-101.96,-101.72,-101.75,-102.05,-101.84,-101.53,-101.87,-102.11,-101.78,-101.53,-101.56,-101.84,-102.08,-102.05,-102.05,-101.99,-101.96,-102.11,-101.96,-101.9,-101.65,-101.81,-102.08,-101.84,-101.81,-101.62,-101.53,-102.08,-102.02,-101.65,-102.11,-101.87,-102.14,-101.93,-102.08,-101.9,-102.08,-101.81,-102.14,-101.72,-102.14,-101.99,-101.93,-102.17,-101.75,-101.78,-102.11,-102.17,-101.75,-101.78,-102.08,-102.2,-102.2,-101.99,-101.87,-101.75,-101.72,-101.84,-101.72,-101.75,-101.75,-101.9,-102.29,-102.11,-101.81,-101.78,-101.9,-102.14,-102.23,-102.08,-101.9,-102.29,-101.9,-102.11,-101.87,-102.14,-101.81,-102.29,-101.81,-102.23,-101.87,-102.17,-102.26,-101.9,-102.23,-101.96,-101.87,-102.39,-102.11,-101.81,-101.99,-102.33,-102.39,-102.05,-101.9,-101.84,-101.9,-102.11,-102.11,-102.08,-102.17,-102.11,-102.26,-102.26,-101.9,-102.08,-102.29,-102.39,-100.95,-100.4,-99.79,-99.82,-99.64,-99.0,-99.12,-98.45,-98.69,-98.08,-98.24,-97.56,-97.72,-97.32,-97.35,-97.17,-96.56,-96.8,-96.41,-96.04,-96.25,-96.01,-95.46,-95.58,-95.73,-95.37,-95.0,-94.67,-94.54,-94.67,-94.48,-94.39,-94.24,-94.09,-94.18,-93.81,-93.75,-93.35,-93.44,-93.2,-92.8,-92.65,-92.71,-92.8,-92.77,-92.19,-92.32,-92.13,-91.83,-92.04,-91.49,-91.61,-91.37,-91.31,-91.37,-90.85,-91.16,-90.61,-90.82,-90.82,-90.21,-90.45,-90.39,-89.97,-90.12,-90.15,-89.94,-89.6,-89.42,-89.51,-89.45,-89.45,-89.36,-89.32,-89.29,-89.05,-88.93,-88.87,-88.56,-88.41,-88.13,-88.29,-88.26,-88.17,-88.1,-87.59,-87.52,-87.8,-87.28,-87.62,-87.28,-87.31,-87.13,-87.13,-87.07,-86.98,-86.67,-86.91,-86.46,-86.7,-86.52,-86.06,-86.43,-86.21,-85.91,-86.06,-86.09,-85.78,-85.39,-85.6,-85.6,-85.6,-85.54,-85.42,-85.3,-85.08,-84.87,-84.78,-84.81,-84.78,-84.38,-84.69,-84.63,-84.32,-84.17,-84.01,-84.11,-84.26,-83.95,-83.92,-84.01,-83.53,-83.83,-83.34,-83.83,-83.16,-83.47,-83.13,-83.22,-83.28,-82.76,-83.1,-82.7,-82.67,-83.07,-82.58,-82.43,-82.67,-82.58,-82.37,-82.03,-82.12,-82.28,-82.28,-82.34,-82.15,-82.0,-81.94,-81.82,-81.85,-81.76,-81.57,-81.15,-81.45,-81.57,-81.3,-81.12,-80.9,-80.84,-81.18,-80.93,-80.6,-80.96,-80.47,-80.93,-80.32,-80.66,-80.14,-80.54,-80.11,-80.29,-80.11,-79.86,-80.23,-79.86,-79.96,-79.99,-79.62,-79.56,-79.9,-79.71,-79.41,-79.16,-79.28,-79.5,-79.47,-79.44,-79.25,-79.19,-79.22,-79.07,-79.01,-78.95,-78.7,-78.89,-78.46,-78.61,-78.77,-78.67,-78.77,-78.34,-78.09,-78.46,-78.09,-78.34,-78.13,-78.0,-78.0,-77.91,-77.97,-77.91,-77.58,-77.91,-77.39,-77.82,-77.61,-77.24,-77.61,-77.51,-77.18,-77.33,-77.45,-77.24,-76.9,-77.03,-77.12,-77.3,-77.18,-77.09,-77.18,-76.93,-76.9,-76.84,-76.78,-76.87,-76.35,-76.69,-76.57,-76.23,-76.26,-76.17,-76.32,-76.48,-76.2,-76.26,-76.26,-76.02,-76.29,-75.81,-76.35,-75.78,-76.11,-75.84,-75.96,-75.99,-75.56,-75.93,-75.5,-75.59,-75.9,-75.41,-75.32,-75.68,-75.53,-75.32,-75.01,-75.23,-75.29,-75.35,-75.38,-75.23,-75.1,-75.01,-74.98,-75.01,-74.98,-74.71,-74.74,-74.71,-75.01,-74.89,-74.77,-74.55,-74.34,-74.71,-74.74,-74.22,-74.49,-74.13,-74.49,-74.19,-74.4,-74.07,-74.31,-73.88,-74.31,-73.82,-74.13,-74.13,-73.85,-74.07,-73.97,-73.58,-73.88,-74.13,-73.73,-73.49,-73.58,-73.82,-73.94,-73.76,-73.64,-73.46,-73.39,-73.46,-73.36,-73.33,-73.3,-73.12,-73.7,-73.24,-73.0,-72.94,-73.09,-73.36,-73.27,-72.97,-72.88,-73.21,-72.81,-73.21,-72.72,-73.09,-72.66,-73.18,-72.6,-73.0,-72.69,-72.78,-72.97,-72.39,-72.81,-72.6,-72.27,-72.69,-72.63,-72.24,-72.24,-72.45,-72.63,-72.3,-72.17,-71.93,-71.84,-71.99,-71.87,-71.93,-71.99,-71.87,-72.02,-72.17,-71.75,-71.87,-71.96,-72.2,-71.99,-71.78,-71.5,-71.84,-71.87,-71.44,-71.78,-71.32,-71.75,-71.38,-71.62,-71.23,-71.56,-71.35,-71.35,-71.44,-71.08,-71.32,-71.26,-71.08,-71.26,-71.29,-70.95,-70.89,-71.26,-71.23,-71.11,-70.86,-70.71,-70.71,-70.71,-70.83,-70.74,-70.83,-70.83,-70.65,-70.77,-70.74,-70.74,-70.59,-70.5,-70.56,-70.59,-70.71,-70.59,-70.4,-70.74,-70.4,-70.8,-70.4,-70.62,-70.16,-70.59,-70.13,-70.53,-70.25,-70.22,-70.4,-69.95,-70.43,-70.28,-69.85,-70.19,-70.25,-70.01,-69.76,-70.01,-70.19,-70.16,-70.04,-69.7,-69.55,-69.55,-69.55,-69.64,-69.58,-69.49,-69.46,-69.64,-69.89,-69.82,-69.52,-69.34,-69.4,-69.58,-69.7,-69.52,-69.31,-69.61,-69.21,-69.52,-69.06,-69.43,-69.0,-69.52,-69.03,-69.18,-69.09,-68.94,-69.4,-68.88,-69.03,-69.27,-68.79,-68.94,-69.15,-69.06,-68.73,-68.7,-68.94,-69.03,-69.06,-68.97,-68.85,-68.94,-68.73,-68.73,-68.79,-68.76,-68.88,-68.42,-68.79,-68.76,-68.51,-68.48,-68.42,-68.57,-68.73,-68.39,-68.66,-68.54,-68.45,-68.73,-68.36,-68.66,-68.51,-68.48,-68.63,-68.18,-68.76,-68.33,-68.3,-68.57,-68.18,-68.36,-68.45,-68.27,-67.96,-68.15,-68.48,-68.39,-68.24,-68.05,-67.9,-67.93,-67.81,-67.81,-67.87,-67.81,-67.96,-67.75,-67.81,-68.21,-67.78,-67.93,-67.96,-68.05,-68.12,-67.84,-67.72,-68.02,-67.69,-67.9,-67.63,-67.93,-67.57,-67.84,-67.44,-67.9,-67.6,-67.72,-67.66,-67.29,-67.69,-67.78,-67.32,-67.66,-67.81,-67.41,-67.38,-67.5,-67.66,-67.69,-67.57,-67.47,-67.2,-67.17,-67.14,-67.14,-67.29,-67.08,-67.11,-67.17,-67.08,-67.6,-67.2,-67.02,-67.08,-67.29,-67.5,-67.32,-66.99,-67.35,-67.14,-67.44,-67.08,-67.2,-66.96,-67.29,-66.96,-67.29,-66.93,-67.11,-67.2,-66.86,-67.14,-67.05,-66.62,-66.96,-67.2,-66.83,-66.59,-66.71,-66.96,-67.11,-67.02,-66.77,-66.65,-66.56,-66.68,-66.47,-66.5,-66.62,-66.65,-66.71,-66.38,-66.74,-66.71,-66.47,-66.53,-66.41,-66.65,-66.77,-66.35,-66.8,-66.47,-66.56,-66.38,-66.62,-66.25,-66.59,-66.22,-66.59,-66.38,-66.41,-66.56,-66.13,-66.41,-66.53,-66.25,-66.25,-66.5,-66.5,-66.16,-66.16,-66.22,-66.44,-66.5,-66.47,-66.59,-66.38,-66.41,-66.35,-66.41,-66.53,-66.35,-66.38,-65.98,-66.31,-66.44,-66.16,-66.04,-65.92,-66.19,-66.44,-65.86,-66.19,-66.13,-66.19,-66.13,-66.22,-65.95,-66.28,-65.83,-66.31,-65.95,-65.98,-66.22,-65.83,-66.04,-66.13,-65.8,-65.8,-66.04,-66.22,-65.8,-65.58,-65.64,-65.86,-66.1,-65.98,-66.01,-65.89,-65.83,-66.01,-65.89,-65.89,-65.92,-65.77,-65.61,-65.58,-65.8,-65.77,-65.7,-65.52,-65.46,-65.73,-65.31,-65.61,-65.49,-65.58,-65.4,-65.58,-65.19,-65.64,-65.22,-65.58,-65.49,-65.19,-65.64,-65.4,-65.12,-65.55,-65.49,-65.37,-65.12,-65.49,-65.52,-65.4,-65.37,-65.03,-65.03,-65.03,-65.03,-65.12,-65.06,-64.97,-64.97,-65.03,-65.06,-65.31,-65.06,-65.4,-65.25,-65.31,-65.0,-65.0,-65.31,-65.03,-65.12,-65.25,-65.0,-65.31,-65.03,-65.37,-65.25,-64.85,-65.28,-64.91,-65.31,-65.16,-64.82,-65.12,-65.09,-64.79,-64.94,-65.12,-65.03,-64.73,-64.82,-64.79,-65.0,-65.09,-65.12,-65.25,-65.03,-65.0,-64.97,-65.03,-65.12,-65.0,-64.94,-64.61,-64.94,-64.88,-64.54,-64.48,-64.73,-64.94,-64.79,-64.7,-64.85,-64.36,-64.76,-64.61,-64.79,-64.58,-64.45,-64.73,-64.51,-64.73,-64.61,-64.36,-64.79,-64.73,-64.3,-64.76,-64.7,-64.42,-64.42,-64.54,-64.64,-64.67,-64.58,-64.61,-64.39,-64.3,-64.21,-64.3,-64.42,-64.36,-64.48,-64.45,-64.18,-64.64,-64.15,-64.3,-64.54,-64.51,-64.54,-64.09,-64.39,-64.27,-64.27,-64.67,-64.3,-64.36,-64.39,-64.18,-64.64,-64.09,-64.48,-64.39,-64.09,-64.61,-64.3,-64.09,-64.45,-64.48,-64.3,-64.03,-64.27,-64.45,-64.39,-64.36,-64.12,-63.96,-63.96,-63.87,-64.0,-63.9,-63.93,-63.9,-64.0,-64.06,-64.06,-64.15,-64.36,-64.18,-64.06,-63.9,-64.15,-64.27,-63.87,-64.33,-63.96,-64.18,-64.0,-64.24,-63.93,-64.27,-63.87,-64.09,-64.12,-63.81,-64.15,-64.0,-63.78,-64.12,-64.3,-63.75,-63.84,-64.15,-64.18,-64.12,-63.78,-63.69,-63.75,-63.87,-64.03,-63.96,-64.0,-64.0,-63.96,-63.9,-63.69,-63.87,-64.09,-63.9,-63.78,-63.81,-64.03,-64.09,-63.84,-63.87,-64.09,-63.66,-64.06,-63.75,-64.18,-63.63,-64.15,-63.75,-63.96,-64.12,-63.57,-64.03,-63.81,-63.63,-64.15,-63.84,-63.6,-63.78,-63.96,-64.03,-63.6,-63.54,-63.63,-63.87,-63.96,-63.93,-63.9,-63.9,-63.87,-64.0,-63.87,-63.75,-63.81,-63.81,-63.57,-63.69,-63.78,-63.6,-63.48,-63.48,-63.69,-63.69,-63.48,-63.72,-63.42,-63.78,-63.45,-63.63,-63.54,-63.54,-63.75,-63.26,-63.57,-63.57,-63.42,-63.6,-63.66,-63.32,-63.42,-63.81,-63.66,-63.45,-63.26,-63.39,-63.69,-63.66,-63.78,-63.81,-63.78,-63.9,-63.78,-63.66,-63.69,-63.6,-63.75,-63.69,-63.51,-63.35,-63.54,-63.81
Sweep_4,-30.0,-68.66,-68.7,-68.79,-68.76,-68.94,-68.94,-68.91,-68.82,-68.82,-68.85,-68.6,-68.63,-68.79,-68.88,-68.88,-68.79,-68.45,-68.85,-68.7,-68.57,-68.79,-68.54,-68.73,-68.57,-68.6,-68.76,-68.42,-68.82,-68.48,-68.63,-68.85,-68.39,-68.66,-68.82,-68.48,-68.51,-68.82,-68.82,-68.57,-68.36,-68.57,-68.6,-68.76,-68.79,-68.79,-68.91,-68.82,-68.88,-68.82,-68.82,-68.85,-68.54,-68.82,-68.51,-68.45,-68.45,-68.6,-68.82,-68.73,-68.36,-68.88,-68.33,-68.82,-68.36,-68.73,-68.42,-68.79,-68.42,-68.6,-68.57,-68.48,-68.76,-68.45,-68.48,-68.79,-68.48,-68.51,-68.7,-68.7,-68.48,-68.3,-68.45,-68.6,-68.82,-68.76,-68.79,-68.76,-68.73,-68.76,-68.66,-68.79,-68.79,-68.57,-68.45,-68.39,-68.79,-68.7,-68.63,-68.48,-68.24,-68.66,-68.57,-68.3,-68.54,-68.18,-68.7,-68.3,-68.51,-68.33,-68.39,-68.6,-68.21,-68.57,-68.42,-68.3,-68.76,-68.48,-68.21,-68.54,-68.6,-68.42,-68.24,-68.45,-68.6,-68.66,-68.73,-68.51,-68.45,-68.45,-68.39,-68.42,-68.45,-68.57,-68.48,-68.21,-68.66,-68.48,-68.21,-68.21,-68.36,-68.66,-68.6,-68.21,-68.57,-68.33,-68.57,-68.48,-68.48,-68.48,-68.63,-68.36,-68.66,-68.33,-68.57,-68.51,-68.3,-68.6,-68.48,-68.24,-68.63,-68.73,-68.39,-68.27,-68.48,-68.63,-68.7,-68.54,-68.36,-68.27,-68.15,-68.27,-68.18,-68.21,-68.27,-68.3,-68.3,-68.57,-68.27,-68.54,-68.7,-68.7,-68.48,-68.27,-68.45,-68.66,-68.3,-68.6,-68.15,-68.63,-68.27,-68.76,-68.18,-68.6,-68.39,-68.36,-68.7,-68.24,-68.54,-68.57,-68.24,-68.6,-68.66,-68.42,-68.3,-68.54,-68.79,-68.73,-68.57,-68.36,-68.3,-68.33,-68.3,-68.27,-68.39,-68.33,-68.42,-68.36,-68.45,-68.73,-68.63,-68.36,-68.3,-68.45,-68.63,-68.73,-68.48,-68.54,-68.66,-68.39,-68.79,-68.48,-68.79,-68.57,-68.63,-68.73,-68.45,-68.85,-68.48,-68.79,-68.79,-68.45,-68.7,-68.79,-68.48,-68.39,-68.85,-68.88,-68.73,-68.45,-68.3,-68.45,-68.42,-68.42,-68.48,-68.48,-68.48,-68.45,-68.36,-68.39,-68.76,-68.48,-68.73,-68.79,-68.63,-68.45,-68.45,-68.66,-68.7,-68.42,-68.79,-68.36,-68.76,-68.36,-68.82,-68.36,-68.66,-68.57,-68.39,-68.73,-68.42,-68.54,-68.76,-68.42,-68.45,-68.7,-68.73,-68.39,-68.42,-68.73,-68.79,-68.85,-68.63,-68.57,-68.6,-68.33,-68.42,-68.33,-68.36,-68.48,-68.6,-68.45,-68.63,-68.48,-68.82,-68.82,-68.85,-68.63,-68.48,-68.79,-68.79,-68.54,-69.03,-68.57,-68.97,-68.45,-68.94,-68.7,-68.73,-68.85,-68.45,-68.94,-68.57,-68.6,-68.94,-68.6,-68.54,-68.85,-68.82,-68.48,-68.54,-68.66,-68.82,-68.88,-68.82,-68.66,-68.7,-68.54,-68.57,-68.54,-68.57,-68.79,-68.7,-68.42,-68.85,-68.48,-68.51,-68.66,-68.76,-68.79,-68.54,-68.45,-68.73,-68.33,-68.7,-68.36,-68.73,-68.3,-68.76,-68.3,-68.73,-68.48,-68.45,-68.73,-68.33,-68.57,-68.76,-68.42,-68.51,-68.76,-68.6,-68.42,-68.39,-68.66,-68.76,-68.85,-68.82,-68.6,-68.57,-68.51,-68.51,-68.54,-68.57,-68.6,-68.45,-68.36,-68.76,-68.73,-68.57,-68.33,-68.45,-68.76,-68.79,-68.42,-68.73,-68.66,-68.82,-68.79,-68.7,-68.63,-68.82,-68.57,-68.85,-68.57,-68.88,-68.88,-68.54,-68.91,-68.73,-68.48,-68.94,-68.94,-68.54,-68.45,-68.63,-68.82,-68.91,-68.66,-68.57,-68.45,-68.39,-68.48,-68.36,-68.39,-68.51,-68.51,-68.45,-68.7,-68.42,-68.66,-68.79,-68.82,-68.63,-68.36,-68.63,-68.73,-68.42,-68.73,-68.3,-68.73,-68.3,-68.76,-68.45,-68.57,-68.7,-68.36,-68.79,-68.57,-68.39,-68.79,-68.63,-68.42,-68.63,-68.82,-68.54,-68.39,-68.6,-68.66,-68.85,-68.79,-68.76,-68.76,-68.66,-68.63,-68.7,-68.79,-68.85,-68.82,-68.54,-68.7,-68.42,-68.7,-68.7,-68.79,-68.76,-68.48,-68.73,-68.76,-68.51,-68.91,-68.42,-68.85,-68.48,-68.73,-68.73,-68.54,-68.85,-68.45,-68.79,-68.73,-68.36,-68.85,-68.76,-68.42,-68.54,-68.79,-68.73,-68.48,-68.36,-68.42,-68.63,-68.79,-68.76,-68.76,-68.76,-68.79,-68.79,-68.85,-68.76,-68.76,-68.54,-68.63,-68.3,-68.42,-68.57,-68.76,-68.79,-68.39,-68.6,-68.63,-68.45,-68.7,-68.36,-68.63,-68.54,-68.45,-68.7,-68.27,-68.76,-68.36,-68.42,-68.85,-68.42,-68.42,-68.76,-68.66,-68.42,-68.39,-68.66,-68.82,-68.66,-68.51,-68.27,-68.27,-68.33,-68.33,-68.39,-68.3,-68.27,-68.27,-68.33,-68.42,-68.76,-68.33,-68.42,-68.63,-68.79,-68.79,-68.54,-68.36,-68.76,-68.45,-68.73,-68.45,-68.82,-68.48,-68.88,-68.36,-68.79,-68.6,-68.51,-68.88,-68.42,-68.63,-68.73,-68.36,-68.6,-68.76,-68.66,-68.42,-68.39,-68.7,-68.79,-68.66,-68.63,-68.51,-68.51,-68.39,-68.39,-68.51,-68.45,-68.66,-68.63,-68.42,-68.79,-68.39,-68.42,-68.6,-68.66,-68.79,-68.57,-68.45,-68.85,-68.3,-68.76,-68.36,-68.79,-68.3,-68.73,-68.33,-68.63,-68.6,-68.36,-68.79,-68.45,-68.39,-68.73,-68.51,-68.27,-68.66,-68.73,-68.57,-68.3,-68.33,-68.54,-68.66,-68.85,-68.79,-68.76,-68.73,-68.7,-68.82,-68.7,-68.76,-68.76,-68.45,-68.79,-68.42,-68.39,-68.39,-68.73,-68.82,-68.51,-68.48,-68.79,-68.39,-68.97,-68.42,-68.82,-68.48,-68.73,-68.76,-68.51,-68.82,-68.39,-68.76,-68.88,-68.39,-68.73,-68.79,-68.48,-68.51,-68.76,-68.82,-68.6,-68.39,-68.42,-68.63,-68.7,-68.73,-68.82,-68.88,-68.82,-68.82,-68.79,-68.7,-68.94,-68.54,-68.82,-68.57,-68.42,-68.45,-68.57,-68.85,-68.7,-68.48,-68.88,-68.39,-68.79,-68.36,-68.79,-68.54,-68.63,-68.6,-68.48,-68.82,-68.48,-68.7,-68.7,-68.33,-68.66,-68.88,-68.48,-68.39,-68.73,-68.82,-68.76,-68.42,-68.33,-68.39,-68.54,-68.76,-68.63,-68.7,-68.66,-68.6,-68.63,-68.48,-68.85,-68.51,-68.82,-68.82,-68.66,-68.42,-68.42,-68.73,-68.88,-68.39,-69.0,-68.57,-68.91,-68.48,-68.91,-68.45,-68.82,-68.63,-68.66,-68.88,-68.45,-68.79,-68.79,-68.48,-68.73,-68.91,-68.51,-68.39,-68.79,-68.79,-68.66,-68.51,-68.3,-68.45,-68.51,-68.54,-68.63,-68.57,-68.66,-68.45,-68.45,-68.51,-68.79,-68.42,-68.48,-68.63,-68.76,-68.7,-68.57,-68.33,-68.73,-68.39,-68.6,-68.48,-68.51,-68.42,-68.63,-68.27,-68.7,-68.24,-68.57,-68.51,-68.3,-68.7,-68.57,-68.33,-68.73,-68.54,-68.36,-68.39,-68.66,-68.76,-68.63,-68.45,-68.33,-68.33,-68.36,-68.39,-68.51,-68.36,-68.3,-68.27,-68.27,-68.51,-68.73,-68.57,-68.33,-68.36,-68.6,-68.73,-68.79,-68.36,-68.63,-68.7,-68.6,-68.79,-68.54,-68.7,-68.73,-68.57,-68.76,-68.42,-68.85,-68.57,-68.48,-68.79,-68.48,-68.51,-68.85,-68.57,-68.33,-68.51,-68.76,-68.85,-68.57,-68.33,-68.3,-68.39,-68.36,-68.48,-68.54,-68.51,-68.45,-68.42,-68.36,-68.73,-68.48,-68.79,-68.79,-68.57,-68.39,-68.48,-68.82,-68.73,-68.45,-68.79,-68.3,-68.76,-68.39,-68.76,-68.48,-68.6,-68.66,-68.39,-68.82,-68.48,-68.54,-68.82,-68.54,-68.42,-68.73,-68.7,-68.39,-68.48,-68.76,-68.91,-68.79,-68.63,-68.57,-68.39,-68.39,-68.39,-68.39,-68.45,-68.45,-68.48,-68.42,-68.6,-68.63,-68.79,-68.79,-68.66,-68.45,-68.54,-68.79,-68.66,-68.57,-68.88,-68.63,-68.88,-68.57,-68.82,-68.73,-68.66,-68.97,-68.48,-68.85,-68.82,-68.6,-68.88,-68.85,-68.54,-68.76,-69.06,-68.79,-68.51,-68.54,-68.7,-68.97,-68.91,-68.91,-68.88,-68.85,-68.88,-68.88,-68.94,-68.88,-68.94,-68.94,-68.54,-68.82,-68.97,-68.85,-68.76,-68.51,-68.66,-68.94,-68.57,-68.94,-68.66,-68.79,-68.63,-68.88,-68.57,-68.91,-68.51,-68.88,-68.76,-68.63,-68.97,-68.6,-68.54,-68.94,-68.76,-68.54,-68.79,-69.0,-68.91,-68.79,-68.51,-68.66,-68.76,-68.88,-68.97,-68.94,-68.94,-68.88,-68.88,-68.82,-68.76,-69.0,-68.54,-68.97,-69.09,-68.97,-68.7,-68.6,-68.91,-69.06,-68.63,-69.09,-68.66,-69.06,-68.63,-69.06,-68.63,-69.0,-68.82,-68.88,-69.06,-68.6,-68.97,-69.06,-68.7,-68.91,-69.09,-68.85,-68.63,-68.88,-69.03,-69.03,-68.88,-68.85,-68.73,-69.18,-69.37,-69.52,-69.61,-69.82,-69.85,-70.04,-70.13,-70.62,-70.47,-70.71,-70.92,-71.01,-70.98,-70.86,-71.11,-71.29,-71.04,-71.47,-71.2,-71.59,-71.26,-71.78,-71.41,-71.9,-71.87,-71.81,-72.2,-71.81,-72.14,-72.3,-71.99,-72.2,-72.6,-72.54,-72.2,-72.39,-72.66,-72.88,-72.91,-72.81,-72.75,-72.72,-72.69,-72.75,-72.78,-72.94,-73.03,-73.12,-73.09,-73.46,-73.21,-73.39,-73.61,-73.82,-73.76,-73.46,-73.7,-73.97,-73.7,-74.13,-73.76,-74.22,-73.82,-74.31,-74.1,-74.22,-74.46,-74.1,-74.58,-74.37,-74.19,-74.71,-74.65,-74.37,-74.58,-74.83,-74.8,-74.52,-74.58,-74.71,-75.01,-75.1,-75.16,-75.26,-75.29,-75.32,-75.38,-75.44,-75.5,-75.44,-75.44,-75.2,-75.32,-75.62,-75.74,-75.71,-75.53,-75.41,-75.9,-75.59,-75.74,-75.74,-75.78,-75.84,-75.96,-75.65,-76.14,-75.78,-76.23,-76.08,-75.93,-76.32,-76.17,-76.11,-76.54,-76.42,-76.08,-76.29,-76.66,-76.69,-76.6,-76.45,-76.45,-76.48,-76.54,-76.63,-76.66,-76.72,-76.87,-76.69,-76.66,-76.69,-77.21,-76.84,-77.0,-77.3,-77.3,-77.21,-77.06,-77.18,-77.42,-77.06,-77.61,-77.33,-77.67,-77.21,-77.76,-77.3,-77.79,-77.55,-77.64,-77.91,-77.51,-77.91,-77.94,-77.64,-77.85,-78.09,-78.06,-77.67,-77.88,-78.13,-78.22,-78.22,-78.03,-77.94,-77.88,-77.91,-77.97,-77.97,-78.06,-78.09,-78.25,-78.13,-78.55,-78.16,-78.4,-78.58,-78.77,-78.7,-78.37,-78.55,-78.8,-78.46,-78.83,-78.4,-78.83,-78.52,-79.04,-78.77,-78.8,-79.1,-78.7,-79.16,-78.95,-78.74,-79.22,-79.13,-78.92,-79.25,-79.38,-79.16,-79.01,-79.13,-79.25,-79.5,-79.59,-79.53,-79.71,-79.59,-79.62,-79.62,-79.65,-79.83,-79.77,-79.56,-79.62,-79.44,-79.74,-79.9,-79.9,-79.77,-79.56,-80.05,-79.83,-79.9,-79.96,-80.02,-79.96,-80.11,-79.9,-80.23,-79.9,-80.29,-80.26,-79.9,-80.32,-80.35,-80.08,-80.29,-80.38,-80.23,-80.08,-80.29,-80.54,-80.54,-80.51,-80.41,-80.29,-80.29,-80.2,-80.29,-80.32,-80.44,-80.6,-80.69,-80.51,-80.6,-80.84,-80.9,-80.75,-80.57,-80.54,-80.84,-80.93,-80.63,-81.05,-80.63,-81.09,-80.6,-81.09,-80.72,-81.09,-81.05,-80.78,-81.15,-80.87,-80.99,-81.36,-80.96,-80.93,-81.3,-81.39,-81.15,-80.93,-81.21,-81.42,-81.51,-81.57,-81.45,-81.39,-81.42,-81.48,-81.51,-81.57,-81.67,-81.76,-81.73,-81.79,-81.36,-81.67,-81.85,-81.76,-81.73,-81.67,-81.73,-81.97,-81.51,-82.09,-81.67,-82.12,-81.7,-82.09,-81.88,-82.0,-82.12,-81.82,-82.21,-82.09,-81.91,-82.28,-82.09,-81.94,-82.34,-82.28,-82.09,-81.88,-82.0,-82.37,-82.4,-82.43,-82.43,-82.37,-82.43,-82.4,-82.43,-82.52,-82.64,-82.76,-82.64,-82.4,-82.46,-82.21,-82.55,-82.64,-82.73,-82.67,-82.34,-82.73,-82.64,-82.52,-82.67,-82.55,-82.76,-82.67,-82.55,-82.79,-82.4,-83.1,-82.7,-82.55,-82.95,-82.67,-82.73,-83.04,-82.95,-82.67,-82.82,-83.19,-83.13,-83.01,-82.86,-82.73,-82.92,-82.89,-82.95,-82.95,-83.01,-82.95,-82.92,-82.95,-82.95,-83.34,-82.98,-83.19,-83.34,-83.4,-83.47,-83.19,-83.19,-83.53,-83.16,-83.59,-83.34,-83.62,-83.25,-83.65,-83.25,-83.77,-83.4,-83.53,-83.68,-83.31,-83.74,-83.71,-83.34,-83.65,-83.83,-83.62,-83.34,-83.71,-83.8,-83.89,-83.71,-83.47,-83.47,-83.47,-83.5,-83.56,-83.53,-83.5,-83.47,-83.53,-83.68,-83.98,-83.74,-83.68,-83.74,-83.98,-84.08,-83.98,-83.77,-84.05,-83.92,-84.01,-83.83,-84.01,-83.83,-84.17,-83.74,-84.23,-83.86,-84.05,-84.14,-83.8,-84.08,-84.17,-83.86,-84.17,-84.29,-84.14,-83.86,-84.01,-84.38,-84.38,-84.44,-84.32,-84.17,-84.2,-84.08,-84.17,-84.23,-84.26,-84.47,-84.38,-84.14,-84.53,-84.35,-84.26,-84.26,-84.38,-84.56,-84.5,-84.26,-84.69,-84.32,-84.69,-84.35,-84.78,-84.29,-84.75,-84.35,-84.69,-84.66,-84.32,-84.78,-84.5,-84.44,-84.9,-84.59,-84.35,-84.72,-84.81,-84.72,-84.41,-84.41,-84.69,-84.81,-84.9,-84.84,-84.87,-84.87,-84.9,-84.99,-84.93,-84.9,-84.96,-84.59,-85.05,-84.75,-84.56,-84.56,-84.72,-85.05,-84.9,-84.66,-85.05,-84.59,-84.99,-84.63,-85.02,-84.59,-85.05,-84.75,-84.93,-84.9,-84.66,-85.11,-84.96,-84.78,-85.17,-85.05,-84.87,-85.14,-85.3,-85.14,-84.87,-84.84,-85.21,-85.17,-85.27,-85.33,-85.33,-85.42,-85.36,-85.33,-85.36,-85.36,-85.42,-84.96,-85.33,-85.39,-85.33,-85.36,-85.05,-85.14,-85.51,-85.08,-85.42,-85.27,-85.39,-85.33,-85.48,-85.3,-85.57,-85.11,-85.63,-85.3,-85.39,-85.57,-85.24,-85.42,-85.6,-85.45,-85.14,-85.51,-85.66,-85.51,-85.3,-85.14,-85.39,-85.6,-85.63,-85.75,-85.69,-85.72,-85.72,-85.72,-85.75,-85.72,-85.6,-85.57,-85.3,-85.69,-85.57,-85.75,-85.69,-85.33,-85.75,-85.63,-85.48,-85.69,-85.48,-85.85,-85.57,-85.66,-85.72,-85.48,-85.91,-85.39,-85.75,-85.85,-85.48,-85.88,-85.88,-85.6,-85.57,-85.91,-86.03,-85.78,-85.6,-85.6,-85.72,-85.94,-85.94,-85.97,-86.0,-86.03,-86.06,-85.97,-85.94,-86.06,-85.94,-86.09,-85.72,-85.72,-85.82,-86.0,-86.24,-85.97,-85.97,-86.21,-85.85,-86.43,-85.85,-86.3,-85.91,-86.21,-86.18,-85.97,-86.3,-85.88,-86.24,-86.27,-85.88,-86.21,-86.21,-85.97,-86.0,-86.27,-86.3,-86.09,-85.91,-86.0,-85.97,-86.24,-86.27,-86.24,-86.36,-86.24,-86.27,-86.15,-86.24,-86.43,-85.91,-86.36,-86.33,-86.21,-86.18,-86.03,-86.27,-86.4,-86.0,-86.4,-86.12,-86.33,-86.12,-86.36,-86.06,-86.46,-86.06,-86.4,-86.24,-86.18,-86.46,-86.12,-86.21,-86.49,-86.36,-86.12,-86.46,-86.46,-86.33,-86.15,-86.15,-86.36,-86.52,-86.58,-86.64,-86.64,-86.58,-86.61,-86.64,-86.73,-86.61,-86.36,-86.55,-86.27,-86.33,-86.36,-86.55,-86.61,-86.36,-86.49,-86.7,-86.24,-86.82,-86.33,-86.79,-86.27,-86.73,-86.43,-86.58,-86.76,-86.33,-86.76,-86.52,-86.43,-86.82,-86.55,-86.24,-86.67,-86.7,-86.55,-86.3,-86.46,-86.61,-86.79,-86.85,-86.73,-86.7,-86.7,-86.67,-86.79,-86.79,-86.82,-86.73,-86.36,-86.76,-86.73,-86.7,-86.52,-86.4,-86.61,-86.73,-86.46,-86.67,-86.64,-86.58,-86.64,-86.52,-86.55,-86.7,-86.43,-86.79,-86.36,-86.67,-86.7,-86.36,-86.79,-86.67,-86.4,-86.7,-86.91,-86.61,-86.36,-86.52,-86.73,-86.94,-86.88,-86.82,-86.73,-86.79,-86.79,-86.67,-86.76,-86.76,-86.85,-86.52,-86.85,-86.46,-86.55,-86.82,-86.94,-86.88,-86.64,-86.58,-86.94,-86.61,-86.94,-86.61,-86.94,-86.52,-87.07,-86.64,-86.91,-86.73,-86.67,-87.04,-86.55,-86.82,-86.94,-86.58,-86.88,-86.94,-86.79,-86.49,-86.52,-86.76,-86.88,-86.91,-86.82,-86.76,-86.67,-86.58,-86.58,-86.67,-86.64,-86.85,-86.76,-86.58,-86.88,-86.94,-86.79,-86.64,-86.58,-86.82,-86.94,-86.67,-86.98,-86.79,-86.82,-86.7,-86.94,-86.58,-86.98,-86.61,-86.98,-86.82,-86.67,-87.01,-86.67,-86.76,-87.13,-86.79,-86.61,-87.01,-87.07,-86.88,-86.64,-86.73,-86.91,-87.01,-87.19,-87.13,-87.13,-87.16,-87.19,-87.31,-87.13,-87.1,-87.19,-86.85,-87.1,-86.94,-86.73,-86.76,-86.94,-87.22,-87.04,-86.82,-87.16,-86.76,-87.4,-86.82,-87.28,-86.88,-87.19,-87.19,-86.88,-87.28,-86.91,-87.04,-87.31,-86.91,-87.01,-87.22,-87.07,-86.88,-86.91,-87.22,-87.25,-87.16,-87.04,-86.82,-86.73,-86.79,-86.76,-86.88,-86.82,-86.73,-86.82,-86.82,-86.94,-87.28,-87.1,-86.85,-86.91,-87.13,-87.25,-87.19,-86.85,-87.25,-86.94,-87.16,-86.88,-87.22,-86.76,-87.31,-86.79,-87.22,-87.04,-86.88,-87.31,-86.94,-87.01,-87.28,-87.04,-86.85,-87.16,-87.28,-87.1,-86.88,-86.88,-87.13,-87.25,-87.28,-87.28,-87.4,-87.31,-87.31,-87.34,-87.31,-87.37,-87.34,-87.13,-87.19,-86.88,-87.16,-87.28,-87.37,-87.31,-87.01,-87.28,-87.31,-86.91,-87.43,-87.07,-87.43,-87.13,-87.28,-87.28,-87.04,-87.52,-87.01,-87.25,-87.46,-86.98,-87.31,-87.37,-87.19,-87.01,-87.28,-87.49,-87.31,-87.07,-86.98,-87.01,-87.25,-87.25,-87.37,-87.34,-87.31,-87.34,-87.13,-87.16,-87.31,-87.31,-87.4,-87.01,-86.98,-87.19,-87.34,-87.52,-87.1,-87.28,-87.34,-87.07,-87.43,-87.01,-87.31,-87.1,-87.28,-87.37,-87.01,-87.49,-87.07,-87.25,-87.55,-87.04,-87.16,-87.4,-87.34,-87.1,-87.28,-87.46,-87.49,-87.37,-87.22,-87.07,-87.07,-87.07,-87.13,-87.25,-87.16,-87.1,-87.1,-87.07,-87.43,-87.31,-87.49,-87.25,-87.16,-87.19,-87.31,-87.52,-87.28,-87.31,-87.68,-87.25,-87.55,-87.19,-87.52,-87.34,-87.37,-87.43,-87.22,-87.59,-87.34,-87.4,-87.55,-87.16,-87.28,-87.55,-87.34,-87.1,-87.37,-87.55,-87.59,-87.28,-87.1,-87.13,-87.07,-87.19,-87.16,-87.16,-87.19,-87.1,-87.22,-87.13,-87.49,-87.13,-87.46,-87.59,-87.52,-87.4,-87.16,-87.31,-87.59,-87.13,-87.52,-87.16,-87.46,-87.19,-87.46,-87.1,-87.49,-87.16,-87.37,-87.43,-87.04,-87.52,-87.34,-87.1,-87.49,-87.46,-87.19,-87.13,-87.52,-87.55,-87.4,-87.31,-87.16,-87.16,-87.16,-87.22,-87.25,-87.25,-87.25,-87.16,-87.1,-87.28,-87.46,-87.46,-87.1,-87.16,-87.31,-87.46,-87.52,-87.16,-87.37,-87.43,-87.28,-87.65,-87.25,-87.46,-87.34,-87.34,-87.55,-87.19,-87.59,-87.22,-87.37,-87.52,-87.04,-87.37,-87.52,-87.22,-87.13,-87.43,-87.49,-87.4,-87.13,-87.13,-87.07,-87.16,-87.22,-87.28,-87.43,-87.25,-87.28,-87.16,-87.13,-87.4,-87.01,-87.37,-87.4,-87.34,-87.19,-86.98,-87.22,-87.37,-86.98,-87.31,-86.85,-87.22,-86.94,-87.25,-86.88,-87.31,-86.82,-87.13,-87.1,-86.98,-87.28,-87.07,-86.91,-87.31,-87.19,-86.85,-87.01,-87.25,-87.19,-87.07,-86.88,-86.88,-87.07,-87.16,-87.22,-87.25,-87.28,-87.28,-87.16,-87.19,-87.19,-87.19,-87.07,-86.76,-86.94,-87.1,-87.22,-87.22,-86.82,-87.1,-87.16,-86.88,-87.28,-86.85,-87.19,-86.85,-87.01,-87.07,-86.88,-87.25,-86.82,-87.16,-87.13,-86.73,-87.25,-87.16,-86.73,-86.91,-87.19,-87.16,-87.01,-86.79,-86.88,-87.1,-87.28,-87.28,-87.28,-87.25,-87.31,-87.31,-87.31,-87.16,-87.25,-86.82,-87.28,-87.22,-86.98,-86.85,-86.88,-87.31,-87.22,-86.85,-87.28,-86.85,-87.28,-86.85,-87.25,-86.79,-87.25,-86.88,-87.19,-87.07,-86.85,-87.28,-87.1,-86.91,-87.31,-87.1,-86.82,-87.22,-87.34,-87.19,-86.98,-86.94,-87.04,-87.22,-87.31,-87.37,-87.37,-87.49,-87.37,-87.37,-87.31,-87.31,-87.4,-86.94,-87.07,-87.25,-87.4,-87.37,-87.04,-86.94,-87.28,-87.04,-87.31,-87.22,-87.13,-87.16,-87.22,-87.19,-87.28,-86.94,-87.4,-87.01,-87.25,-87.34,-86.94,-87.28,-87.28,-87.07,-86.94,-87.34,-87.31,-87.07,-86.98,-86.98,-87.19,-87.25,-87.4,-87.43,-87.37,-87.19,-87.34,-87.31,-87.37,-87.34,-87.13,-87.31,-87.01,-87.04,-87.13,-87.25,-87.34,-87.13,-87.16,-87.31,-86.94,-87.25,-86.85,-87.34,-87.01,-87.22,-87.16,-87.01,-87.43,-86.94,-87.22,-87.31,-86.88,-87.31,-87.31,-86.94,-86.98,-87.25,-87.46,-87.19,-86.91,-86.88,-87.04,-87.19,-87.25,-87.31,-87.31,-87.31,-87.31,-87.16,-87.07,-87.37,-87.19,-87.4,-87.1,-86.91,-87.01,-87.13,-87.37,-87.04,-87.04,-87.22,-86.91,-87.43,-86.85,-87.28,-87.04,-87.16,-87.25,-86.88,-87.31,-86.94,-87.13,-87.34,-86.88,-87.07,-87.28,-87.07,-86.91,-87.1,-87.28,-87.25,-87.07,-87.01,-86.88,-86.85,-86.88,-86.98,-86.98,-86.91,-86.85,-86.88,-86.94,-87.25,-87.16,-87.34,-87.19,-86.91,-86.94,-87.04,-87.37,-87.19,-87.07,-87.37,-86.88,-87.4,-86.88,-87.28,-87.04,-87.25,-87.22,-86.91,-87.31,-87.04,-87.1,-87.4,-86.98,-87.13,-87.4,-87.22,-86.94,-87.13,-87.37,-87.43,-87.22,-87.19,-87.01,-86.98,-87.07,-86.98,-87.01,-86.88,-86.94,-87.01,-86.94,-87.37,-87.04,-87.34,-87.43,-87.43,-87.25,-86.98,-87.25,-87.52,-86.94,-87.43,-87.16,-87.55,-87.13,-87.55,-87.25,-87.46,-87.43,-87.28,-87.52,-87.13,-87.34,-87.49,-87.19,-87.31,-87.55,-87.37,-87.07,-87.25,-87.43,-87.49,-87.49,-87.25,-87.19,-87.04,-87.07,-87.01,-87.04,-87.13,-87.1,-87.1,-87.04,-87.43,-87.1,-87.16,-87.31,-87.37,-87.43,-87.25,-87.1,-87.43,-87.01,-87.37,-87.13,-87.4,-86.94,-87.37,-86.98,-87.37,-87.25,-87.13,-87.4,-86.98,-87.28,-87.34,-87.01,-87.07,-87.4,-87.4,-87.01,-86.98,-87.19,-87.37,-87.49,-87.46,-87.34,-87.25,-87.22,-87.31,-87.31,-87.28,-87.43,-87.31,-87.07,-87.4,-87.04,-87.01,-87.19,-87.4,-87.43,-87.19,-87.07,-87.49,-87.13,-87.55,-87.07,-87.46,-87.07,-87.55,-87.22,-87.37,-87.31,-87.13,-87.62,-87.31,-87.19,-87.55,-87.34,-87.1,-87.34,-87.49,-87.34,-87.1,-87.16,-87.28,-87.31,-87.43,-87.52,-87.59,-87.43,-87.49,-87.46,-87.46,-87.52,-87.49,-87.13,-87.43,-87.22,-87.1,-87.13,-87.31,-87.49,-87.31,-87.25,-87.52,-87.01,-87.34,-87.04,-87.52,-87.01,-87.34,-87.1,-87.16,-87.49,-86.94,-87.34,-87.22,-86.98,-87.4,-87.4,-86.98,-87.13,-87.37,-87.46,-87.19,-86.98,-86.88,-87.1,-87.34,-87.28,-87.37,-87.43,-87.43,-87.37,-87.28,-87.22,-87.4,-87.07,-87.52,-87.34,-87.1,-87.04,-87.16,-87.46,-87.31,-87.07,-87.46,-86.98,-87.62,-87.13,-87.52,-87.19,-87.46,-87.55,-87.07,-87.49,-87.19,-87.25,-87.59,-87.16,-87.16,-87.46,-87.43,-87.13,-87.01,-87.31,-87.46,-87.4,-87.34,-87.16,-87.1,-86.98,-87.01,-87.04,-87.01,-87.01,-87.19,-87.13,-87.1,-87.4,-87.34,-87.1,-87.13,-87.37,-87.4,-86.98,-87.37,-87.13,-87.46,-86.94,-87.43,-87.1,-87.31,-87.34,-87.01,-87.37,-87.22,-87.04,-87.46,-87.22,-86.98,-87.34,-87.37,-87.19,-86.88,-87.19,-87.4,-87.37,-87.34,-87.13,-87.04,-86.98,-87.01,-87.04,-87.04,-87.04,-87.16,-87.31,-87.46,-87.37,-86.98,-87.43,-87.25,-87.01,-87.1,-87.31,-87.46,-87.07,-87.34,-87.31,-87.34,-87.28,-87.43,-87.25,-87.49,-87.04,-87.43,-87.01,-87.49,-87.1,-87.46,-87.28,-87.13,-87.46,-87.13,-87.16,-87.4,-87.28,-87.04,-86.94,-87.22,-87.37,-87.34,-87.34,-87.31,-87.19,-87.16,-87.22,-87.25,-87.34,-87.4,-87.07,-87.16,-87.01,-87.22,-87.34,-87.28,-87.28,-87.01,-87.19,-87.31,-86.91,-87.25,-86.94,-87.22,-86.85,-87.25,-86.91,-87.25,-87.13,-86.85,-87.28,-86.98,-87.1,-87.31,-87.04,-86.85,-87.25,-87.37,-87.01,-86.85,-87.07,-87.19,-87.34,-87.31,-87.19,-87.1,-87.01,-87.07,-87.04,-87.1,-87.16,-87.1,-86.98,-87.25,-87.19,-86.94,-86.88,-87.01,-87.25,-87.31,-86.85,-87.28,-87.16,-87.19,-87.22,-87.16,-87.13,-87.31,-86.91,-87.31,-86.98,-87.31,-87.28,-86.94,-87.28,-87.1,-86.88,-87.34,-87.31,-86.98,-86.91,-87.13,-87.34,-87.22,-87.1,-86.91,-86.82,-86.85,-86.79,-86.76,-86.79,-86.79,-86.91,-86.82,-87.22,-86.82,-87.07,-87.28,-87.25,-87.19,-86.94,-86.98,-87.31,-86.85,-87.19,-86.85,-87.16,-86.91,-87.25,-86.79,-87.22,-86.88,-87.22,-87.13,-86.76,-87.25,-87.1,-86.85,-87.16,-87.22,-86.85,-86.91,-87.28,-87.31,-87.13,-87.04,-86.88,-86.91,-86.82,-86.85,-86.88,-86.85,-86.88,-86.82,-86.82,-87.04,-87.22,-87.22,-86.91,-86.91,-86.94,-87.13,-87.34,-86.98,-87.04,-87.25,-86.94,-87.37,-87.01,-87.31,-87.07,-87.13,-87.22,-86.85,-87.34,-86.91,-87.19,-87.34,-86.85,-87.19,-87.37,-87.01,-86.94,-87.19,-87.28,-87.16,-86.98,-86.88,-86.82,-86.91,-87.04,-87.1,-87.19,-87.13,-87.13,-87.01,-87.04,-87.28,-86.76,-87.01,-87.22,-87.28,-87.28,-87.04,-86.85,-87.28,-87.07,-87.13,-87.01,-86.91,-87.1,-86.94,-86.94,-87.04,-86.73,-87.07,-86.7,-87.13,-87.1,-86.76,-87.16,-87.13,-86.82,-86.94,-87.19,-87.16,-86.82,-86.82,-87.01,-87.16,-87.22,-87.22,-87.25,-87.16,-87.19,-87.07,-87.13,-87.25,-87.1,-86.73,-87.16,-87.13,-87.07,-86.85,-86.79,-86.98,-87.19,-86.94,-87.01,-87.13,-87.04,-87.19,-87.1,-87.07,-87.13,-86.88,-87.31,-86.82,-87.22,-87.04,-86.79,-87.22,-87.01,-86.76,-87.16,-87.19,-86.85,-86.76,-87.01,-87.19,-87.25,-87.1,-87.04,-86.85,-86.79,-86.76,-86.73,-86.82,-86.91,-86.88,-86.76,-87.16,-87.04,-86.76,-86.79,-86.98,-87.19,-87.19,-86.85,-87.13,-87.01,-86.98,-87.13,-86.94,-87.07,-87.01,-86.85,-87.22,-86.76,-87.13,-86.91,-86.88,-87.31,-86.85,-86.94,-87.16,-87.01,-86.79,-87.07,-87.22,-87.19,-87.01,-86.94,-86.76,-86.82,-86.91,-87.01,-87.01,-86.91,-86.88,-86.82,-86.91,-87.34,-86.79,-87.07,-87.19,-87.16,-87.22,-86.88,-86.88,-87.25,-86.91,-87.13,-87.16,-87.16,-87.07,-87.19,-87.04,-87.31,-86.88,-87.31,-87.01,-87.16,-87.28,-86.88,-87.13,-87.22,-87.04,-86.82,-87.22,-87.22,-87.01,-86.88,-86.76,-86.94,-87.1,-87.1,-87.25,-87.19,-87.25,-87.19,-87.19,-87.25,-87.22,-86.85,-87.16,-86.98,-86.88,-86.82,-86.88,-87.16,-87.13,-86.82,-87.16,-86.82,-86.98,-86.79,-87.16,-86.76,-87.13,-86.7,-87.16,-86.94,-86.91,-87.1,-86.67,-86.94,-87.22,-86.73,-86.85,-87.19,-87.1,-86.82,-86.67,-86.91,-87.19,-87.16,-87.22,-87.13,-86.98,-86.98,-87.01,-87.16,-87.01,-87.1,-86.76,-87.1,-86.79,-86.82,-87.04,-87.16,-87.16,-86.98,-86.79,-87.16,-86.76,-87.13,-86.91,-87.13,-86.82,-87.22,-86.73,-87.22,-86.85,-86.98,-87.13,-86.76,-87.22,-87.01,-86.73,-87.1,-87.16,-86.79,-86.76,-87.04,-87.16,-87.07,-87.04,-86.76,-86.7,-86.7,-86.7,-86.82,-86.73,-86.73,-86.7,-86.7,-87.16,-86.67,-87.07,-87.13,-87.13,-87.1,-86.76,-86.79,-87.13,-86.76,-87.1,-86.79,-86.94,-86.88,-87.01,-86.85,-87.1,-86.7,-87.13,-86.79,-86.94,-87.13,-86.67,-87.01,-87.13,-86.73,-86.82,-87.16,-87.1,-86.85,-86.85,-86.82,-87.1,-87.22,-87.16,-87.25,-87.16,-87.19,-87.16,-87.22,-87.25,-87.07,-86.79,-87.1,-87.19,-87.28,-87.07,-86.82,-86.73,-87.16,-87.1,-86.88,-87.28,-86.91,-87.25,-86.91,-87.22,-86.91,-87.13,-87.13,-87.01,-87.19,-86.79,-87.19,-87.13,-86.82,-87.13,-87.22,-86.82,-86.76,-87.16,-87.16,-87.04,-86.85,-86.73,-86.76,-86.88,-87.07,-87.04,-87.07,-87.1,-86.91,-86.91,-87.22,-86.7,-87.22,-87.16,-87.07,-86.94,-86.73,-87.01,-87.16,-86.79,-87.04,-86.88,-86.94,-86.91,-86.88,-86.85,-86.98,-86.79,-87.1,-86.67,-86.98,-86.94,-86.73,-87.1,-86.98,-86.64,-86.91,-87.1,-86.82,-86.61,-86.79,-86.91,-87.1,-87.1,-87.01,-87.01,-86.98,-87.04,-87.07,-87.1,-87.13,-87.07,-86.73,-87.19,-86.91,-86.7,-86.7,-86.88,-87.04,-87.1,-86.67,-87.13,-86.88,-87.1,-86.98,-87.04,-86.88,-87.22,-86.79,-87.19,-86.91,-87.07,-87.22,-86.76,-87.19,-87.1,-86.79,-87.1,-87.19,-86.94,-86.73,-86.94,-87.19,-87.13,-87.16,-86.98,-86.79,-86.82,-86.73,-86.73,-86.7,-86.79,-86.88,-86.73,-87.13,-86.7,-86.88,-87.13,-87.16,-87.04,-86.79,-86.85,-87.22,-86.67,-87.1,-86.61,-87.01,-86.7,-87.07,-86.64,-87.04,-86.79,-86.88,-86.98,-86.58,-87.07,-86.94,-86.67,-86.94,-87.1,-86.64,-86.67,-87.1,-87.13,-87.07,-86.85,-86.7,-86.7,-86.7,-86.67,-86.67,-86.67,-86.67,-86.61,-86.61,-86.88,-87.04,-87.13,-86.82,-86.7,-86.67,-86.88,-87.16,-86.85,-86.82,-87.07,-86.79,-87.19,-86.79,-87.1,-86.91,-86.91,-87.1,-86.7,-87.1,-86.82,-86.79,-87.19,-86.82,-86.73,-87.13,-87.01,-86.76,-86.76,-87.01,-87.07,-86.98,-86.76,-86.7,-86.58,-86.58,-86.61,-86.67,-86.61,-86.58,-86.7,-86.67,-86.98,-86.73,-87.01,-87.01,-86.94,-86.85,-86.61,-86.91,-86.98,-86.64,-87.07,-86.58,-86.98,-86.58,-87.04,-86.61,-86.94,-86.73,-86.79,-86.98,-86.64,-86.94,-86.88,-86.58,-86.94,-87.1,-86.73,-86.64,-86.98,-87.04,-86.98,-86.79,-86.64,-86.55,-86.67,-86.79,-86.73,-86.79,-86.61,-86.64,-86.67,-86.79,-86.91,-86.88,-86.58,-86.73,-86.79,-86.94,-87.01,-86.58,-86.94,-87.01,-86.76,-87.1,-86.79,-87.07,-86.85,-86.85,-87.01,-86.64,-87.13,-86.79,-86.88,-87.01,-86.67,-86.82,-87.01,-86.82,-86.58,-86.88,-87.07,-86.98,-86.82,-86.64,-86.55,-86.67,-86.61,-86.64,-86.67,-86.7,-86.67,-86.55,-86.61,-86.94,-86.7,-87.04,-86.91,-86.82,-86.64,-86.7,-87.04,-86.91,-86.67,-86.98,-86.52,-87.04,-86.55,-86.98,-86.55,-86.91,-86.76,-86.64,-86.94,-86.55,-86.88,-86.98,-86.49,-86.88,-86.82,-86.64,-86.61,-86.91,-87.01,-86.82,-86.55,-86.58,-86.61,-86.73,-86.82,-86.85,-86.91,-86.91,-86.76,-86.7,-86.82,-87.04,-86.7,-86.61,-86.79,-86.94,-87.01,-86.85,-86.52,-86.88,-86.7,-86.88,-86.98,-86.79,-86.88,-86.82,-86.79,-86.91,-86.61,-86.98,-86.61,-86.88,-86.98,-86.52,-86.79,-86.91,-86.7,-86.49,-86.85,-86.94,-86.7,-86.55,-86.36,-86.52,-86.67,-86.73,-86.88,-86.82,-86.85,-86.82,-86.73,-86.79,-86.91,-86.55,-86.82,-86.73,-86.61,-86.46,-86.46,-86.79,-86.79,-86.55,-86.88,-86.49,-86.76,-86.49,-86.88,-86.46,-86.85,-86.43,-86.79,-86.67,-86.61,-86.88,-86.43,-86.7,-86.94,-86.52,-86.61,-86.82,-86.79,-86.58,-86.43,-86.7,-86.82,-86.91,-86.91,-86.82,-86.73,-86.76,-86.76,-86.85,-86.85,-86.79,-86.52,-86.85,-86.61,-86.49,-86.67,-86.76,-86.79,-86.73,-86.55,-86.85,-86.52,-86.91,-86.61,-86.91,-86.52,-86.88,-86.46,-86.94,-86.7,-86.67,-86.85,-86.55,-86.76,-86.88,-86.43,-86.61,-86.82,-86.79,-86.46,-86.43,-86.67,-86.85,-86.91,-86.76,-86.7,-86.61,-86.55,-86.58,-86.61,-86.58,-86.7,-86.64,-86.36,-86.67,-86.76,-86.64,-86.36,-86.36,-86.49,-86.79,-86.49,-86.61,-86.7,-86.4,-86.61,-86.43,-86.61,-86.61,-86.43,-86.67,-86.36,-86.73,-86.55,-86.43,-86.73,-86.43,-86.36,-86.85,-86.67,-86.33,-86.43,-86.7,-86.82,-86.64,-86.58,-86.43,-86.33,-86.36,-86.3,-86.36,-86.33,-86.36,-86.49,-86.4,-86.82,-86.52,-86.36,-86.58,-86.7,-86.79,-86.7,-86.4,-86.79,-86.52,-86.67,-86.7,-86.76,-86.7,-86.82,-86.43,-86.85,-86.36,-86.88,-86.67,-86.49,-86.91,-86.58,-86.52,-86.79,-86.76,-86.4,-86.52,-86.85,-86.88,-86.64,-86.46,-86.3,-86.43,-86.4,-86.4,-86.36,-86.36,-86.46,-86.33,-86.36,-86.7,-86.52,-86.79,-86.73,-86.67,-86.46,-86.33,-86.7,-86.76,-86.36,-86.67,-86.4,-86.73,-86.33,-86.7,-86.24,-86.73,-86.33,-86.7,-86.55,-86.4,-86.73,-86.46,-86.46,-86.76,-86.61,-86.33,-86.73,-86.76,-86.52,-86.3,-86.3,-86.55,-86.73,-86.79,-86.79,-86.82,-86.82,-86.85,-86.76,-86.82,-86.76,-86.46,-86.73,-86.67,-86.33,-86.3,-86.4,-86.64,-86.73,-86.3,-86.7,-86.61,-86.64,-86.58,-86.55,-86.49,-86.76,-86.3,-86.79,-86.3,-86.64,-86.61,-86.3,-86.76,-86.49,-86.27,-86.73,-86.61,-86.33,-86.27,-86.58,-86.76,-86.55,-86.55,-86.33,-86.27,-86.27,-86.18,-86.15,-86.18,-86.21,-86.3,-86.27,-86.67,-86.46,-86.18,-86.3,-86.46,-86.64,-86.61,-86.24,-86.58,-86.55,-86.18,-86.49,-86.24,-86.61,-86.21,-86.43,-86.46,-86.21,-86.7,-86.21,-86.55,-86.49,-86.12,-86.61,-86.61,-86.27,-86.43,-86.64,-86.64,-86.3,-86.15,-86.21,-86.58,-86.64,-86.64,-86.58,-86.67,-86.61,-86.79,-86.67,-86.58,-86.49,-86.4,-86.3,-86.4,-86.55,-86.61,-86.55,-86.27,-86.43,-86.52,-86.27,-86.7,-86.33,-86.73,-86.24,-86.64,-86.33,-86.67,-86.58,-86.3,-86.67,-86.33,-86.43,-86.64,-86.33,-86.24,-86.61,-86.49,-86.24,-86.18,-86.46,-86.58,-86.73,-86.52,-86.46,-86.36,-86.3,-86.36,-86.3,-86.33,-86.46,-86.27,-86.43,-86.4,-86.58,-86.49,-86.4,-86.43,-86.21,-86.49,-86.52,-86.18,-86.61,-86.12,-86.52,-86.09,-86.61,-86.21,-86.46,-86.21,-86.24,-86.52,-86.18,-86.4,-86.43,-86.12,-86.55,-86.52,-86.12,-86.15,-86.46,-86.55,-86.43,-86.27,-86.09,-86.09,-86.21,-86.36,-86.3,-86.36,-86.36,-86.21,-86.27,-86.52,-86.24,-86.55,-86.46,-86.36,-86.09,-86.15,-86.43,-86.46,-86.18,-86.49,-86.24,-86.55,-86.15,-86.61,-86.12,-86.52,-86.21,-86.52,-86.46,-86.12,-86.52,-86.21,-86.21,-86.58,-86.24,-86.12,-86.43,-86.49,-86.3,-85.97,-86.09,-86.24,-86.43,-86.52,-86.49,-86.46,-86.43,-86.46,-86.58,-86.46,-86.49,-86.15,-86.33,-86.21,-86.15,-86.24,-86.43,-86.46,-86.3,-86.15,-86.46,-86.0,-86.33,-86.03,-86.43,-85.97,-86.4,-86.09,-86.27,-86.27,-86.0,-86.4,-86.06,-86.21,-86.46,-86.12,-86.0,-86.36,-86.43,-86.09,-86.03,-86.27,-86.46,-86.52,-86.4,-86.36,-86.3,-86.21,-86.33,-86.18,-86.3,-86.4,-86.27,-86.09,-86.33,-86.46,-86.3,-86.15,-85.97,-86.15,-86.36,-86.09,-86.27,-86.4,-86.21,-86.36,-86.18,-86.18,-86.3,-86.0,-86.43,-85.94,-86.3,-86.33,-85.88,-86.33,-86.21,-85.97,-86.21,-86.33,-86.09,-85.82,-85.97,-86.18,-86.36,-86.3,-86.24,-86.15,-86.21,-86.06,-86.09,-86.18,-86.18,-86.24,-85.91,-86.15,-85.82,-86.03,-86.24,-86.21,-86.18,-85.91,-85.97,-86.24,-85.78,-86.21,-85.72,-86.12,-85.75,-86.21,-85.75,-86.18,-86.0,-85.97,-86.18,-85.78,-86.12,-86.12,-85.78,-86.09,-86.21,-86.0,-85.78,-86.06,-86.18,-86.24,-86.12,-85.94,-85.85,-85.82,-85.85,-85.72,-85.82,-85.91,-85.82,-85.78,-86.12,-86.0,-86.33,-86.21,-86.0,-85.78,-85.88,-86.33,-86.21,-85.97,-86.27,-86.0,-86.46,-85.88,-86.4,-85.97,-86.36,-86.15,-86.18,-86.3,-85.94,-86.4,-86.27,-85.97,-86.24,-86.27,-85.91,-86.09,-86.36,-86.27,-86.06,-85.91,-85.85,-86.03,-86.18,-86.24,-86.21,-86.33,-86.21,-86.3,-86.09,-86.3,-86.06,-86.18,-85.97,-85.82,-85.88,-86.06,-86.15,-86.15,-85.85,-86.27,-85.91,-86.09,-85.85,-86.18,-85.82,-86.21,-85.72,-86.15,-85.85,-86.15,-86.21,-85.72,-86.18,-86.09,-85.66,-86.21,-86.27,-85.97,-85.85,-86.03,-86.3,-86.27,-86.15,-86.03,-85.91,-85.94,-85.85,-85.78,-85.82,-85.78,-85.94,-85.88,-86.24,-86.06,-85.85,-85.91,-85.97,-86.09,-86.24,-85.94,-86.09,-86.24,-85.85,-86.33,-85.88,-86.33,-86.0,-86.27,-86.12,-86.0,-86.43,-85.88,-86.24,-86.18,-85.88,-86.3,-86.15,-85.88,-86.03,-86.24,-86.24,-85.97,-85.78,-85.88,-86.15,-86.24,-86.21,-86.27,-86.24,-86.27,-86.33,-86.3,-86.27,-86.03,-86.15,-85.91,-85.85,-86.06,-86.21,-86.27,-86.06,-86.0,-86.3,-85.88,-86.27,-85.85,-86.27,-85.72,-86.24,-85.88,-86.18,-86.0,-85.88,-86.27,-85.88,-86.12,-86.21,-85.91,-86.03,-86.27,-86.24,-85.88,-85.91,-86.15,-86.4,-86.46,-86.21,-86.18,-86.06,-86.0,-86.09,-86.12,-86.15,-86.21,-86.0,-86.15,-86.0,-86.27,-86.27,-86.27,-86.15,-85.91,-86.21,-86.3,-85.94,-86.43,-85.97,-86.43,-85.97,-86.43,-86.03,-86.3,-86.21,-86.06,-86.36,-86.0,-86.21,-86.3,-85.91,-86.15,-86.33,-86.06,-85.88,-86.06,-86.27,-86.36,-86.27,-85.97,-85.85,-85.82,-85.82,-85.82,-85.91,-85.94,-85.85,-85.94,-85.97,-86.21,-86.18,-85.85,-85.91,-86.03,-86.21,-86.27,-85.91,-86.24,-86.21,-86.06,-86.15,-86.0,-86.12,-86.12,-85.94,-86.24,-85.75,-86.27,-86.09,-85.94,-86.27,-86.0,-85.94,-86.36,-86.15,-85.88,-85.82,-86.18,-86.33,-86.21,-86.06,-85.85,-85.88,-85.78,-85.82,-85.78,-85.72,-85.88,-85.75,-85.75,-86.06,-85.91,-86.21,-86.21,-86.12,-85.91,-85.82,-86.18,-86.15,-85.82,-86.24,-85.97,-86.43,-85.88,-86.33,-85.91,-86.24,-86.09,-86.09,-86.27,-85.85,-86.21,-86.24,-85.82,-86.15,-86.24,-85.91,-85.88,-86.15,-86.24,-86.15,-85.94,-85.88,-85.66,-85.85,-85.91,-85.94,-86.06,-85.91,-85.78,-85.82,-86.0,-86.27,-86.0,-85.78,-85.91,-86.09,-86.24,-86.12,-85.75,-86.09,-86.06,-86.03,-85.94,-85.88,-86.09,-86.03,-85.94,-86.15,-85.72,-86.15,-85.91,-85.94,-86.15,-85.85,-85.91,-86.18,-86.03,-85.66,-86.0,-86.27,-86.12,-86.03,-85.78,-85.72,-85.75,-85.91,-86.06,-85.97,-85.97,-85.91,-85.78,-85.85,-86.09,-86.03,-86.18,-86.0,-85.88,-85.78,-85.91,-86.18,-86.03,-85.97,-86.24,-85.78,-86.3,-85.82,-86.33,-85.85,-86.18,-85.94,-86.03,-86.24,-85.78,-86.18,-86.09,-85.88,-86.18,-86.18,-85.75,-85.85,-86.18,-86.24,-86.0,-85.78,-85.69,-85.82,-86.03,-86.09,-86.12,-86.03,-86.06,-86.09,-85.91,-86.06,-86.15,-85.72,-85.85,-86.0,-86.12,-86.09,-85.94,-85.75,-86.09,-85.78,-86.0,-85.85,-85.91,-85.91,-85.91,-85.82,-86.0,-85.72,-86.03,-85.72,-85.85,-86.06,-85.66,-85.91,-86.06,-85.78,-85.72,-86.12,-86.06,-85.91,-85.69,-85.66,-85.88,-85.97,-86.09,-86.06,-86.03,-86.15,-86.0,-86.0,-86.03,-86.06,-85.82,-86.03,-85.85,-85.66,-85.63,-85.88,-85.97,-85.97,-85.6,-86.12,-85.72,-86.03,-85.75,-86.09,-85.66,-86.18,-85.66,-86.0,-85.97,-85.75,-86.18,-85.78,-85.78,-86.06,-85.91,-85.69,-85.91,-86.03,-85.91,-85.63,-85.69,-85.78,-85.97,-86.03,-86.06,-86.15,-86.03,-86.09,-86.0,-86.12,-86.15,-85.97,-85.82,-85.75,-85.94,-86.15,-86.06,-85.91,-85.57,-85.91,-85.94,-85.6,-85.94,-85.6,-85.97,-85.72,-85.91,-85.72,-85.69,-85.94,-85.66,-86.03,-85.78,-85.66,-86.0,-85.78,-85.57,-85.94,-85.97,-85.69,-85.66,-85.75,-86.0,-86.03,-85.97,-85.97,-85.82,-85.72,-85.69,-85.69,-85.88,-85.85,-85.75,-85.6,-85.91,-86.06,-85.85,-85.66,-85.63,-85.78,-86.06,-85.78,-85.85,-85.97,-85.82,-86.15,-85.75,-86.0,-85.91,-85.85,-86.12,-85.6,-86.06,-85.78,-85.82,-86.15,-85.63,-85.88,-86.09,-85.85,-85.6,-85.82,-86.03,-85.97,-85.88,-85.72,-85.57,-85.51,-85.57,-85.63,-85.72,-85.57,-85.6,-85.54,-85.6,-86.0,-85.72,-85.6,-85.69,-85.88,-86.09,-85.94,-85.54,-85.88,-85.82,-85.69,-85.85,-85.63,-85.82,-85.72,-85.78,-85.88,-85.51,-86.0,-85.54,-85.82,-85.91,-85.48,-85.85,-85.94,-85.72,-85.63,-85.91,-85.94,-85.78,-85.63,-85.54,-85.6,-85.72,-85.94,-86.0,-85.91,-85.94,-85.82,-85.85,-85.88,-85.97,-85.54,-85.85,-85.97,-86.03,-85.82,-85.6,-85.63,-86.03,-85.72,-85.94,-85.97,-85.88,-85.91,-85.94,-85.82,-85.97,-85.6,-86.0,-85.69,-85.94,-85.97,-85.63,-86.0,-85.97,-85.57,-85.69,-86.03,-85.85,-85.66,-85.57,-85.82,-85.91,-85.97,-86.09,-85.94,-85.85,-85.85,-85.88,-86.0,-86.0,-85.94,-85.54,-86.0,-85.94,-85.63,-85.48,-85.57,-85.85,-86.0,-85.57,-85.94,-85.78,-85.75,-85.85,-85.78,-85.66,-85.88,-85.6,-86.06,-85.45,-85.91,-85.88,-85.51,-86.03,-85.72,-85.6,-85.91,-85.94,-85.72,-85.54,-85.85,-86.03,-85.94,-85.97,-85.69,-85.63,-85.51,-85.51,-85.57,-85.45,-85.54,-85.63,-85.51,-86.06,-85.63,-85.63,-85.91,-85.91,-86.09,-85.88,-85.6,-85.91,-85.82,-85.88,-85.97,-85.85,-85.91,-85.85,-85.82,-85.97,-85.51,-86.03,-85.66,-85.94,-85.97,-85.6,-85.88,-86.0,-85.63,-85.69,-85.97,-85.94,-85.66,-85.57,-85.54,-85.72,-85.82,-85.94,-86.03,-85.97,-86.06,-86.03,-86.0,-86.06,-85.88,-85.69,-85.63,-85.88,-85.97,-85.94,-85.85,-85.51,-85.82,-85.94,-85.57,-85.91,-85.51,-85.88,-85.63,-85.78,-85.72,-85.63,-85.72,-85.45,-85.91,-85.69,-85.45,-85.88,-85.75,-85.45,-85.88,-85.91,-85.66,-85.6,-85.69,-85.97,-85.94,-85.88,-85.88,-85.75,-85.72,-85.69,-85.69,-85.78,-85.82,-85.78,-85.57,-85.82,-85.97,-85.75,-85.69,-85.45,-85.6,-85.94,-85.66,-85.63,-85.88,-85.6,-86.0,-85.57,-85.88,-85.66,-85.69,-86.0,-85.45,-85.97,-85.63,-85.6,-85.94,-85.54,-85.57,-85.94,-85.75,-85.54,-85.6,-85.85,-85.88,-85.82,-85.69,-85.54,-85.42,-85.39,-85.33,-85.45,-85.45,-85.42,-85.48,-85.48,-85.97,-85.54,-85.51,-85.63,-85.82,-85.94,-85.82,-85.45,-85.78,-85.66,-85.72,-85.72,-85.6,-85.72,-85.66,-85.66,-85.91,-85.39,-85.85,-85.51,-85.63,-85.82,-85.39,-85.66,-85.85,-85.57,-85.39,-85.75,-85.82,-85.66,-85.54,-85.33,-85.54,-85.66,-85.69,-85.85,-85.75,-85.78,-85.72,-85.69,-85.75,-85.85,-85.45,-85.63,-85.82,-85.91,-85.75,-85.6,-85.42,-85.85,-85.69,-85.69,-85.85,-85.57,-85.78,-85.72,-85.72,-85.75,-85.42,-85.94,-85.51,-85.78,-85.75,-85.42,-85.94,-85.85,-85.45,-85.69,-85.85,-85.63,-85.51,-85.51,-85.72,-85.88,-85.82,-85.75,-85.69,-85.63,-85.6,-85.6,-85.75,-85.69,-85.6,-85.42,-85.63,-85.82,-85.63,-85.51,-85.36,-85.54,-85.85,-85.63,-85.48,-85.72,-85.27,-85.75,-85.33,-85.72,-85.36,-85.63,-85.6,-85.39,-85.72,-85.27,-85.66,-85.69,-85.27,-85.72,-85.69,-85.36,-85.39,-85.63,-85.78,-85.57,-85.3,-85.33,-85.3,-85.39,-85.51,-85.6,-85.63,-85.57,-85.54,-85.51,-85.66,-85.51,-85.75,-85.6,-85.36,-85.33,-85.45,-85.63,-85.66,-85.3,-85.78,-85.51,-85.78,-85.45,-85.75,-85.33,-85.88,-85.42,-85.78,-85.66,-85.39,-85.85,-85.45,-85.45,-85.82,-85.48,-85.33,-85.57,-85.75,-85.45,-85.24,-85.42,-85.54,-85.66,-85.75,-85.69,-85.82,-85.69,-85.72,-85.66,-85.82,-85.78,-85.42,-85.66,-85.33,-85.39,-85.6,-85.63,-85.66,-85.48,-85.42,-85.82,-85.21,-85.6,-85.27,-85.6,-85.27,-85.63,-85.3,-85.57,-85.54,-85.39,-85.66,-85.27,-85.48,-85.72,-85.39,-85.36,-85.69,-85.63,-85.36,-85.39,-85.63,-85.78,-85.75,-85.66,-85.6,-85.54,-85.51,-85.48,-85.51,-85.57,-85.66,-85.51,-85.42,-85.63,-85.78,-85.69,-85.51,-85.3,-85.33,-85.69,-85.63,-85.36,-85.72,-85.36,-85.82,-85.39,-85.72,-85.42,-85.66,-85.63,-85.45,-85.82,-85.36,-85.6,-85.85,-85.39,-85.6,-85.78,-85.57,-85.39,-85.54,-85.78,-85.72,-85.45,-85.39,-85.24,-85.27,-85.36,-85.42,-85.48,-85.39,-85.33,-85.33,-85.57,-85.75,-85.63,-85.45,-85.33,-85.39,-85.66,-85.72,-85.54,-85.54,-85.72,-85.3,-85.75,-85.3,-85.72,-85.3,-85.82,-85.48,-85.51,-85.72,-85.27,-85.82,-85.6,-85.27,-85.69,-85.66,-85.36,-85.57,-85.82,-85.69,-85.42,-85.39,-85.39,-85.6,-85.72,-85.78,-85.88,-85.78,-85.85,-85.78,-85.72,-85.85,-85.69,-85.48,-85.33,-85.54,-85.88,-85.78,-85.69,-85.39,-85.57,-85.82,-85.42,-85.88,-85.42,-85.88,-85.48,-85.82,-85.6,-85.69,-85.82,-85.57,-85.91,-85.63,-85.51,-85.91,-85.69,-85.39,-85.75,-85.78,-85.54,-85.39,-85.6,-85.82,-85.82,-85.72,-85.78,-85.69,-85.6,-85.6,-85.63,-85.75,-85.75,-85.66,-85.42,-85.69,-85.78,-85.69,-85.6,-85.42,-85.54,-85.85,-85.57,-85.63,-85.69,-85.42,-85.78,-85.51,-85.63,-85.57,-85.48,-85.75,-85.36,-85.72,-85.63,-85.42,-85.88,-85.57,-85.45,-85.72,-85.82,-85.45,-85.39,-85.63,-85.78,-85.82,-85.78,-85.66,-85.54,-85.45,-85.45,-85.57,-85.42,-85.57,-85.6,-85.42,-85.91,-85.45,-85.42,-85.63,-85.82,-85.97,-85.69,-85.42,-85.82,-85.54,-85.85,-85.78,-85.75,-85.69,-85.88,-85.6,-85.91,-85.36,-85.91,-85.69,-85.6,-85.94,-85.57,-85.54,-85.85,-85.88,-85.39,-85.6,-85.91,-85.88,-85.75,-85.48,-85.42,-85.48,-85.57,-85.69,-85.6,-85.6,-85.57,-85.51,-85.63,-85.88,-85.42,-85.72,-85.88,-85.82,-85.69,-85.45,-85.57,-85.82,-85.51,-85.78,-85.51,-85.72,-85.48,-85.85,-85.33,-85.78,-85.45,-85.78,-85.72,-85.33,-85.85,-85.6,-85.48,-85.97,-85.72,-85.42,-85.63,-85.88,-85.88,-85.63,-85.54,-85.45,-85.51,-85.66,-85.69,-85.72,-85.72,-85.66,-85.63,-85.51,-85.69,-85.78,-85.63,-85.48,-85.42,-85.66,-85.82,-85.82,-85.6,-85.63,-85.88,-85.45,-85.97,-85.54,-85.97,-85.48,-85.91,-85.51,-85.85,-85.78,-85.39,-85.88,-85.57,-85.63,-85.94,-85.66,-85.45,-85.72,-85.85,-85.51,-85.36,-85.54,-85.75,-85.85,-85.72,-85.72,-85.69,-85.63,-85.69,-85.69,-85.72,-85.69,-85.45,-85.66,-85.36,-85.6,-85.72,-85.69,-85.69,-85.33,-85.54,-85.69,-85.33,-85.75,-85.24,-85.72,-85.24,-85.72,-85.36,-85.6,-85.45,-85.36,-85.72,-85.39,-85.57,-85.69,-85.3,-85.54,-85.78,-85.6,-85.3,-85.42,-85.69,-85.85,-85.72,-85.57,-85.48,-85.39,-85.45,-85.42,-85.39,-85.33,-85.54,-85.45,-85.42,-85.66,-85.69,-85.69,-85.51,-85.36,-85.45,-85.75,-85.63,-85.48,-85.69,-85.39,-85.85,-85.36,-85.88,-85.42,-85.72,-85.57,-85.45,-85.85,-85.33,-85.66,-85.66,-85.36,-85.69,-85.72,-85.33,-85.36,-85.69,-85.78,-85.54,-85.27,-85.27,-85.33,-85.54,-85.57,-85.57,-85.66,-85.57,-85.54,-85.39,-85.63,-85.6,-85.6,-85.36,-85.24,-85.51,-85.63,-85.63,-85.42,-85.51,-85.66,-85.24,-85.69,-85.3,-85.66,-85.36,-85.6,-85.45,-85.45,-85.63,-85.21,-85.66,-85.51,-85.36,-85.69,-85.6,-85.27,-85.51,-85.78,-85.6,-85.36,-85.27,-85.39,-85.69,-85.69,-85.72,-85.78,-85.75,-85.78,-85.75,-85.75,-85.75,-85.72,-85.42,-85.6,-85.75,-85.69,-85.66,-85.54,-85.36,-85.69,-85.57,-85.54,-85.85,-85.51,-85.82,-85.48,-85.75,-85.69,-85.6,-85.69,-85.36,-85.82,-85.63,-85.42,-85.78,-85.51,-85.39,-85.82,-85.75,-85.42,-85.3,-85.57,-85.82,-85.69,-85.63,-85.54,-85.51,-85.45,-85.39,-85.36,-85.39,-85.54,-85.54,-85.39,-85.66,-85.69,-85.48,-85.45,-85.27,-85.51,-85.72,-85.48,-85.57,-85.72,-85.3,-85.72,-85.39,-85.69,-85.45,-85.42,-85.6,-85.27,-85.82,-85.36,-85.45,-85.69,-85.39,-85.54,-85.72,-85.57,-85.36,-85.54,-85.78,-85.69,-85.63,-85.42,-85.3,-85.36,-85.3,-85.3,-85.3,-85.36,-85.3,-85.3,-85.33,-85.66,-85.39,-85.33,-85.45,-85.6,-85.72,-85.66,-85.33,-85.54,-85.6,-85.33,-85.75,-85.39,-85.75,-85.42,-85.69,-85.57,-85.54,-85.72,-85.39,-85.78,-85.57,-85.45,-85.75,-85.6,-85.39,-85.63,-85.82,-85.6,-85.3,-85.39,-85.57,-85.82,-85.72,-85.72,-85.66,-85.57,-85.66,-85.51,-85.66,-85.69,-85.36,-85.63,-85.21,-85.45,-85.54,-85.69,-85.69,-85.3,-85.45,-85.69,-85.24,-85.63,-85.24,-85.66,-85.24,-85.69,-85.33,-85.6,-85.57,-85.3,-85.69,-85.39,-85.42,-85.72,-85.48,-85.3,-85.72,-85.85,-85.6,-85.24,-85.3,-85.6,-85.75,-85.78,-85.82,-85.66,-85.78,-85.66,-85.72,-85.78,-85.75,-85.75,-85.39,-85.78,-85.48,-85.33,-85.57,-85.78,-85.72,-85.33,-85.75,-85.42,-85.85,-85.48,-85.88,-85.45,-85.85,-85.69,-85.48,-85.85,-85.42,-85.69,-85.75,-85.39,-85.57,-85.82,-85.57,-85.39,-85.63,-85.75,-85.75,-85.48,-85.27,-85.39,-85.48,-85.57,-85.66,-85.63,-85.6,-85.6,-85.6,-85.42,-85.3,-85.45,-85.69,-85.33,-85.48,-85.63,-85.75,-85.63,-85.36,-85.6,-85.6,-85.27,-85.69,-85.3,-85.69,-85.33,-85.51,-85.48,-85.27,-85.72,-85.39,-85.36,-85.72,-85.42,-85.42,-85.72,-85.63,-85.24,-85.6,-85.82,-85.39,-85.36,-85.72,-85.72,-85.6,-85.24,-85.27,-85.3,-85.39,-85.54,-85.36,-85.33,-85.36,-85.66,-85.54,-85.75,-85.66,-85.57,-85.42,-85.42,-85.69,-85.63,-85.36,-85.85,-85.51,-85.85,-85.42,-85.82,-85.42,-85.88,-85.39,-85.78,-85.6,-85.51,-85.88,-85.45,-85.57,-85.78,-85.39,-85.39,-85.66,-85.75,-85.54,-85.3,-85.45,-85.66,-85.72,-85.72,-85.72,-85.75,-85.69,-85.66,-85.78,-85.75,-85.78,-85.36,-85.72,-85.51,-85.33,-85.51,-85.36,-85.57,-85.72,-85.42,-85.72,-85.48,-85.39,-85.48,-85.51,-85.54,-85.63,-85.27,-85.69,-85.27,-85.69,-85.57,-85.33,-85.75,-85.48,-85.36,-85.63,-85.63,-85.36,-85.39,-85.75,-85.78,-85.72,-85.57,-85.39,-85.39,-85.36,-85.33,-85.33,-85.33,-85.33,-85.3,-85.42,-85.78,-85.48,-85.42,-85.36,-85.6,-85.69,-85.72,-85.48,-85.54,-85.72,-85.39,-85.85,-85.48,-85.85,-85.45,-85.78,-85.57,-85.63,-85.63,-85.36,-85.78,-85.48,-85.6,-85.78,-85.42,-85.42,-85.66,-85.69,-85.45,-85.33,-85.6,-85.72,-85.75,-85.6,-85.54,-85.45,-85.39,-85.39,-85.33,-85.48,-85.42,-85.3,-85.72,-85.54,-85.3,-85.21,-85.39,-85.57,-85.69,-85.39,-85.42,-85.54,-85.24,-85.69,-85.21,-85.69,-85.27,-85.69,-85.39,-85.57,-85.6,-85.17,-85.72,-85.42,-85.33,-85.72,-85.39,-85.36,-85.63,-85.72,-85.54,-85.24,-85.36,-85.6,-85.72,-85.78,-85.72,-85.75,-85.69,-85.6,-85.72,-85.72,-85.75,-85.27,-85.66,-85.6,-85.51,-85.42,-85.27,-85.3,-85.66,-85.42,-85.48,-85.69,-85.33,-85.75,-85.27,-85.75,-85.33,-85.69,-85.39,-85.51,-85.72,-85.27,-85.69,-85.48,-85.33,-85.57,-85.54,-85.24,-85.57,-85.66,-85.57,-85.24,-85.27,-85.42,-85.69,-85.78,-85.14,-84.96,-84.78,-84.66,-84.53,-84.47,-84.14,-83.8,-83.89,-84.01,-83.77,-83.68,-83.4,-83.13,-83.44,-83.37,-82.92,-83.16,-82.67,-83.13,-82.55,-82.89,-82.37,-82.76,-82.4,-82.49,-82.49,-82.09,-82.46,-82.28,-81.91,-82.24,-82.06,-81.7,-81.97,-82.06,-81.88,-81.57,-81.39,-81.51,-81.48,-81.57,-81.51,-81.54,-81.54,-81.39,-81.27,-81.24,-81.21,-80.9,-80.87,-80.9,-81.02,-81.02,-80.87,-80.47,-80.57,-80.81,-80.38,-80.81,-80.32,-80.57,-80.14,-80.54,-80.14,-80.47,-79.99,-80.23,-80.02,-79.9,-80.14,-79.68,-79.74,-79.99,-79.68,-79.44,-79.71,-79.71,-79.53,-79.25,-79.13,-79.28,-79.41,-79.47,-79.44,-79.38,-79.38,-79.38,-79.28,-79.25,-78.77,-79.1,-78.83,-78.58,-78.58,-78.64,-78.8,-78.74,-78.34,-78.77,-78.43,-78.49,-78.28,-78.4,-78.16,-78.34,-77.88,-78.37,-77.91,-78.19,-78.06,-77.76,-78.06,-77.85,-77.73,-77.94,-78.09,-77.61,-77.48,-77.82,-77.82,-77.64,-77.61,-77.36,-77.3,-77.21,-77.15,-77.15,-77.09,-77.12,-77.0,-77.06,-77.39,-77.09,-76.93,-76.97,-77.12,-77.21,-77.12,-76.78,-76.9,-77.06,-76.81,-77.03,-76.72,-76.93,-76.72,-76.81,-76.69,-76.57,-76.75,-76.26,-76.66,-76.51,-76.26,-76.54,-76.45,-76.08,-76.17,-76.45,-76.26,-75.96,-75.87,-75.93,-76.08,-76.11,-76.14,-76.14,-76.08,-76.11,-76.11,-75.99,-75.93,-75.74,-75.71,-75.41,-75.59,-75.78,-75.71,-75.71,-75.32,-75.38,-75.59,-75.1,-75.5,-75.01,-75.38,-74.98,-75.35,-74.95,-75.29,-74.98,-75.1,-75.13,-74.83,-75.13,-74.95,-74.77,-75.13,-75.01,-74.62,-74.68,-74.89,-74.95,-74.83,-74.58,-74.4,-74.37,-74.37,-74.49,-74.43,-74.46,-74.34,-74.22,-74.43,-74.62,-74.22,-74.19,-74.28,-74.4,-74.43,-74.28,-73.94,-74.28,-74.16,-74.1,-74.31,-73.97,-74.25,-74.04,-74.13,-74.07,-73.79,-74.13,-73.7,-74.01,-73.91,-73.58,-73.91,-73.85,-73.43,-73.7,-73.88,-73.55,-73.39,-73.33,-73.52,-73.67,-73.67,-73.7,-73.58,-73.55,-73.46,-73.46,-73.58,-73.49,-73.24,-73.18,-73.06,-73.36,-73.36,-73.3,-73.15,-72.88,-73.15,-73.18,-72.75,-73.18,-72.63,-73.15,-72.66,-73.03,-72.54,-72.97,-72.69,-72.78,-72.81,-72.48,-72.88,-72.69,-72.51,-72.85,-72.66,-72.33,-72.66,-72.75,-72.6,-72.39,-72.2,-72.39,-72.39,-72.48,-72.51,-72.54,-72.54,-72.42,-72.36,-72.42,-72.45,-72.14,-72.11,-72.33,-72.39,-72.36,-72.24,-71.87,-72.17,-72.17,-71.81,-72.36,-71.81,-72.24,-71.78,-72.2,-71.9,-72.08,-71.99,-71.78,-72.05,-71.66,-71.9,-71.96,-71.5,-71.78,-71.9,-71.69,-71.47,-71.62,-71.84,-71.87,-71.72,-71.53,-71.38,-71.44,-71.38,-71.32,-71.2,-71.32,-71.35,-71.29,-71.47,-71.23,-71.5,-71.59,-71.53,-71.35,-71.08,-71.35,-71.47,-71.08,-71.38,-70.83,-71.32,-70.98,-71.38,-70.89,-71.29,-70.86,-71.01,-71.2,-70.77,-71.11,-71.04,-70.71,-71.11,-71.04,-70.71,-70.68,-70.98,-71.14,-70.95,-70.74,-70.53,-70.56,-70.59,-70.59,-70.65,-70.65,-70.62,-70.62,-70.47,-70.74,-70.74,-70.8,-70.53,-70.4,-70.47,-70.68,-70.8,-70.53,-70.47,-70.74,-70.37,-70.74,-70.43,-70.71,-70.34,-70.59,-70.5,-70.43,-70.65,-70.19,-70.56,-70.47,-70.22,-70.53,-70.4,-70.1,-70.22,-70.53,-70.37,-70.1,-69.92,-69.98,-70.28,-70.22,-70.28,-70.34,-70.25,-70.34,-70.22,-70.19,-70.25,-70.19,-70.01,-69.79,-70.01,-70.13,-70.13,-70.1,-69.58,-69.89,-69.95,-69.7,-70.1,-69.61,-69.92,-69.67,-69.73,-69.85,-69.55,-69.92,-69.43,-69.67,-69.79,-69.34,-69.7,-69.73,-69.4,-69.49,-69.79,-69.64,-69.4,-69.27,-69.43,-69.58,-69.67,-69.67,-69.64,-69.7,-69.7,-69.7,-69.67,-69.58,-69.67,-69.21,-69.55,-69.31,-69.12,-69.18,-69.18,-69.49,-69.37,-69.03,-69.46,-69.18,-69.46,-69.12,-69.4,-69.03,-69.46,-69.03,-69.4,-69.21,-69.09,-69.4,-69.0,-69.06,-69.34,-69.03,-68.91,-69.21,-69.18,-68.94,-68.82,-68.88,-68.97,-69.12,-69.12,-69.18,-69.09,-69.03,-69.03,-69.03,-69.09,-69.09,-68.91,-68.76,-68.76,-69.12,-69.09,-68.91,-68.66,-68.57,-68.91,-68.76,-68.73,-68.79,-68.57,-68.85,-68.63,-68.63,-68.79,-68.45,-68.91,-68.45,-68.7,-68.76,-68.36,-68.79,-68.73,-68.3,-68.27,-68.73,-68.79,-68.54,-68.3,-68.3,-68.54,-68.73,-68.7,-68.73,-68.7,-68.7,-68.88,-68.6,-68.6,-68.57,-68.57,-68.36,-68.24,-68.57,-68.54,-68.48,-68.33,-68.18,-68.54,-68.21,-68.48,-68.42,-68.39,-68.3,-68.48,-68.15,-68.63,-68.24,-68.39,-68.36,-68.05,-68.54,-68.36,-68.02,-68.36,-68.45,-68.24,-67.9,-68.24,-68.39,-68.39,-68.27,-68.08,-67.96,-67.93,-67.93,-67.96,-67.87,-67.84,-67.93,-67.96,-68.02,-68.27,-67.93,-68.21,-68.3,-68.27,-68.05,-67.84,-68.05,-68.27,-67.9,-68.21,-67.69,-68.12,-67.75,-68.18,-67.72,-68.05,-67.87,-67.78,-68.15,-67.75,-67.93,-68.12,-67.75,-67.9,-68.08,-67.99,-67.66,-67.75,-68.02,-68.08,-68.05,-68.12,-67.84,-67.75,-67.6,-67.57,-67.54,-67.63,-67.81,-67.66,-67.5,-67.9,-67.6,-67.66,-67.84,-67.87,-67.96,-67.75,-67.6,-67.9,-67.41,-67.93,-67.54,-67.93,-67.44,-67.93,-67.47,-67.78,-67.75,-67.47,-67.84,-67.47,-67.6,-67.84,-67.38,-67.41,-67.72,-67.6,-67.44,-67.29,-67.5,-67.72,-67.72,-67.66,-67.57,-67.47,-67.41,-67.38,-67.47,-67.5,-67.57,-67.6,-67.17,-67.72,-67.35,-67.11,-67.35,-67.44,-67.66,-67.54,-67.2,-67.6,-67.2,-67.47,-67.14,-67.5,-67.17,-67.57,-67.14,-67.41,-67.26,-67.2,-67.47,-67.17,-67.26,-67.44,-67.17,-67.11,-67.47,-67.38,-67.11,-66.99,-67.14,-67.41,-67.41,-67.44,-67.35,-67.38,-67.32,-67.32,-67.35,-67.38,-67.44,-67.35,-66.96,-67.35,-67.29,-67.17,-67.05,-66.96,-67.23,-67.29,-66.99,-67.35,-66.96,-67.44,-67.05,-67.32,-67.02,-67.41,-67.14,-67.23,-67.32,-67.05,-67.35,-67.2,-66.93,-67.32,-67.35,-66.99,-67.02,-67.23,-67.29,-67.05,-66.77,-66.8,-66.93,-67.02,-67.2,-67.14,-67.14,-67.11,-67.08,-67.05,-66.86,-67.14,-66.96,-67.17,-67.02,-66.8,-66.8,-66.99,-67.2,-66.99,-66.99,-67.14,-66.71,-67.11,-66.89,-67.05,-66.86,-66.86,-67.05,-66.68,-67.08,-66.8,-66.77,-67.08,-66.86,-66.59,-66.99,-67.02,-66.65,-66.65,-66.93,-67.02,-67.02,-66.89,-66.83,-66.68,-66.59,-66.62,-66.65,-66.71,-66.71,-66.8,-66.71,-66.56,-67.02,-66.96,-66.68,-66.62,-66.65,-66.89,-67.02,-66.62,-66.93,-66.83,-66.89,-66.93,-66.8,-66.83,-66.93,-66.71,-67.02,-66.59,-66.99,-66.83,-66.68,-66.99,-66.83,-66.56,-66.83,-67.05,-66.68,-66.44,-66.56,-66.8,-66.93,-66.89,-66.74,-66.68,-66.62,-66.62,-66.56,-66.59,-66.68,-66.74,-66.68,-66.59,-66.62,-66.86,-66.86,-66.68,-66.47,-66.44,-66.8,-66.65,-66.74,-66.71,-66.47,-66.68,-66.56,-66.65,-66.68,-66.41,-66.83,-66.44,-66.74,-66.8,-66.41,-66.71,-66.8,-66.41,-66.47,-66.8,-66.8,-66.56,-66.47,-66.41,-66.59,-66.74,-66.8,-66.89,-66.93,-66.89,-66.77,-66.8,-66.83,-66.74,-66.71,-66.31,-66.56,-66.74,-66.68,-66.56,-66.28,-66.41,-66.74,-66.35,-66.53,-66.53,-66.5,-66.56,-66.59,-66.41,-66.71,-66.31,-66.74,-66.41,-66.31,-66.62,-66.31,-66.44,-66.62,-66.41,-66.13,-66.38,-66.68,-66.5,-66.28,-66.13,-66.1,-66.28,-66.35,-66.38,-66.41,-66.44,-66.47,-66.28,-66.19,-66.25,-66.47,-66.16,-66.35,-66.47,-66.41,-66.31,-66.13,-66.31,-66.47,-66.1,-66.56,-66.04,-66.47,-66.04,-66.44,-66.16,-66.41,-66.38,-65.98,-66.41,-66.13,-66.19,-66.5,-66.19,-66.01,-66.35,-66.44,-66.07,-65.95,-66.13,-66.31,-66.5,-66.28,-66.25,-66.25,-66.19,-66.22,-66.19,-66.19,-66.31,-66.44,-66.25,-65.89,-66.28,-66.19,-66.13,-65.89,-65.86,-66.16,-66.22,-65.8,-66.28,-65.83,-66.28,-65.86,-66.28,-65.92,-66.28,-66.13,-66.04,-66.25,-65.92,-66.16,-66.22,-65.83,-66.16,-66.28,-66.07,-65.83,-66.01,-66.25,-66.22,-66.04,-65.83,-65.77,-65.77,-65.86
Sweep_6,-25.0,-68.02,-68.3,-68.08,-68.33,-68.15,-68.36,-67.99,-68.39,-68.02,-68.39,-68.24,-68.08,-68.42,-68.05,-68.12,-68.39,-68.15,-67.99,-68.33,-68.45,-68.27,-68.02,-68.05,-68.3,-68.45,-68.42,-68.36,-68.33,-68.24,-68.05,-67.99,-68.12,-68.08,-68.33,-68.33,-68.54,-68.42,-68.21,-68.12,-68.36,-68.54,-68.12,-68.45,-68.39,-68.51,-68.21,-68.51,-68.15,-68.51,-68.08,-68.42,-68.42,-68.08,-68.51,-68.36,-68.12,-68.54,-68.48,-68.18,-68.21,-68.51,-68.51,-68.42,-68.24,-68.12,-68.18,-68.18,-68.33,-68.39,-68.33,-68.33,-68.24,-68.21,-68.12,-68.3,-68.48,-68.33,-68.08,-68.21,-68.33,-68.42,-68.48,-68.45,-68.05,-68.36,-68.33,-68.08,-68.45,-68.02,-68.48,-67.96,-68.36,-68.12,-68.36,-68.3,-67.99,-68.45,-68.21,-68.12,-68.48,-68.3,-68.08,-68.24,-68.45,-68.39,-68.12,-68.05,-68.12,-68.33,-68.36,-68.42,-68.51,-68.45,-68.51,-68.51,-68.42,-68.27,-68.36,-68.02,-68.15,-68.27,-68.39,-68.48,-68.39,-68.05,-68.48,-68.3,-68.48,-68.39,-68.33,-68.33,-68.36,-68.27,-68.51,-68.12,-68.48,-68.15,-68.3,-68.45,-68.02,-68.42,-68.48,-68.18,-68.27,-68.48,-68.45,-68.33,-68.12,-68.18,-68.39,-68.45,-68.54,-68.57,-68.63,-68.57,-68.57,-68.57,-68.57,-68.08,-68.51,-68.42,-68.36,-68.15,-68.12,-68.27,-68.45,-68.33,-68.3,-68.45,-67.99,-68.45,-68.05,-68.48,-68.02,-68.39,-68.24,-68.3,-68.39,-68.05,-68.48,-68.27,-68.27,-68.51,-68.3,-68.08,-68.39,-68.51,-68.51,-68.12,-68.18,-68.42,-68.48,-68.54,-68.57,-68.57,-68.57,-68.54,-68.54,-68.57,-68.39,-68.3,-68.21,-68.48,-68.51,-68.57,-68.48,-68.27,-68.24,-68.6,-68.21,-68.54,-68.42,-68.45,-68.36,-68.48,-68.42,-68.57,-68.21,-68.57,-68.21,-68.48,-68.51,-68.18,-68.54,-68.51,-68.15,-68.42,-68.63,-68.42,-68.18,-68.36,-68.48,-68.6,-68.63,-68.51,-68.45,-68.42,-68.33,-68.39,-68.45,-68.39,-68.12,-68.54,-68.48,-68.3,-68.24,-68.08,-68.33,-68.54,-68.42,-68.24,-68.6,-68.05,-68.57,-68.18,-68.6,-68.12,-68.6,-68.12,-68.42,-68.33,-68.27,-68.54,-68.15,-68.39,-68.51,-68.15,-68.33,-68.6,-68.45,-68.15,-68.27,-68.54,-68.66,-68.6,-68.45,-68.27,-68.21,-68.24,-68.21,-68.21,-68.3,-68.24,-68.7,-68.27,-68.45,-68.6,-68.66,-68.66,-68.54,-68.3,-68.6,-68.54,-68.42,-68.73,-68.27,-68.76,-68.33,-68.73,-68.42,-68.6,-68.57,-68.39,-68.79,-68.33,-68.6,-68.7,-68.3,-68.63,-68.73,-68.39,-68.3,-68.6,-68.73,-68.57,-68.42,-68.21,-68.27,-68.36,-68.36,-68.39,-68.42,-68.36,-68.36,-68.7,-68.33,-68.7,-68.6,-68.45,-68.3,-68.21,-68.48,-68.57,-68.3,-68.54,-68.51,-68.33,-68.54,-68.45,-68.54,-68.45,-68.36,-68.57,-68.18,-68.6,-68.21,-68.42,-68.54,-68.24,-68.42,-68.57,-68.3,-68.21,-68.48,-68.57,-68.45,-68.24,-68.21,-68.24,-68.36,-68.45,-68.57,-68.57,-68.57,-68.51,-68.54,-68.66,-68.39,-68.48,-68.57,-68.66,-68.7,-68.7,-68.33,-68.48,-68.79,-68.33,-68.79,-68.39,-68.66,-68.3,-68.7,-68.24,-68.7,-68.33,-68.66,-68.48,-68.39,-68.76,-68.33,-68.51,-68.79,-68.45,-68.27,-68.6,-68.63,-68.45,-68.33,-68.24,-68.42,-68.51,-68.63,-68.66,-68.66,-68.7,-68.73,-68.7,-68.63,-68.21,-68.6,-68.51,-68.42,-68.24,-68.24,-68.3,-68.54,-68.3,-68.24,-68.51,-68.08,-68.51,-68.08,-68.42,-68.08,-68.45,-68.24,-68.36,-68.42,-67.99,-68.45,-68.21,-68.15,-68.45,-68.3,-68.02,-68.36,-68.51,-68.27,-68.02,-68.05,-68.3,-68.39,-68.45,-68.51,-68.45,-68.48,-68.48,-68.48,-68.42,-68.21,-68.27,-68.02,-68.24,-68.42,-68.36,-68.42,-68.18,-68.08,-68.45,-68.02,-68.36,-68.18,-68.27,-68.27,-68.3,-68.15,-68.36,-67.99,-68.42,-67.99,-68.27,-68.27,-67.93,-68.3,-68.3,-67.9,-68.18,-68.39,-68.18,-67.9,-67.96,-68.21,-68.3,-68.33,-68.27,-68.21,-68.15,-68.12,-68.18,-68.21,-68.05,-67.84,-68.18,-68.15,-67.96,-67.93,-67.81,-67.99,-68.24,-68.02,-67.93,-68.15,-67.72,-68.21,-67.78,-68.18,-67.78,-68.12,-67.93,-68.05,-68.05,-67.72,-68.15,-67.84,-67.84,-68.18,-67.96,-67.78,-68.15,-68.18,-67.96,-67.78,-67.84,-68.05,-68.18,-68.24,-68.18,-68.15,-68.12,-68.08,-68.12,-68.24,-67.9,-67.93,-68.02,-68.15,-68.18,-68.05,-67.9,-67.81,-68.02,-68.21,-67.78,-68.18,-67.87,-68.18,-67.9,-68.21,-67.87,-68.3,-67.75,-68.24,-67.93,-68.05,-68.21,-67.84,-68.15,-68.24,-67.87,-68.08,-68.27,-68.08,-67.9,-67.84,-68.18,-68.24,-68.21,-68.15,-67.99,-67.99,-68.05,-67.93,-67.96,-67.9,-67.72,-68.21,-67.93,-67.87,-67.81,-67.93,-68.12,-68.15,-67.84,-68.02,-68.08,-67.69,-68.15,-67.72,-68.15,-67.72,-68.12,-67.78,-67.99,-67.99,-67.75,-68.15,-67.75,-67.96,-68.12,-67.78,-67.9,-68.15,-68.05,-67.81,-67.96,-68.12,-68.21,-68.15,-67.99,-67.93,-67.78,-67.84,-67.69,-67.75,-67.72,-67.72,-67.96,-67.93,-68.15,-68.12,-68.02,-67.93,-67.81,-67.99,-68.15,-67.75,-68.05,-67.99,-68.02,-68.02,-68.05,-67.96,-68.05,-67.78,-68.18,-67.84,-68.15,-68.12,-67.78,-68.15,-68.12,-67.75,-68.02,-68.24,-67.99,-67.72,-67.84,-68.08,-68.15,-68.18,-68.12,-68.05,-67.99,-67.93,-67.96,-67.96,-68.05,-67.84,-68.02,-67.81,-68.12,-68.27,-68.18,-68.08,-67.84,-68.02,-68.21,-67.81,-68.18,-67.75,-68.05,-67.84,-68.12,-67.78,-68.12,-67.75,-68.12,-67.99,-67.78,-68.21,-67.84,-67.78,-68.18,-67.96,-67.69,-68.05,-68.24,-68.05,-67.87,-67.72,-67.84,-68.12,-68.21,-68.24,-68.3,-68.27,-68.24,-68.18,-68.24,-68.21,-67.78,-67.99,-68.24,-68.21,-68.15,-68.05,-67.81,-68.15,-68.18,-67.9,-68.24,-67.9,-68.36,-67.84,-68.3,-67.84,-68.18,-68.02,-67.96,-68.3,-67.81,-68.12,-68.08,-67.81,-68.18,-68.24,-67.93,-67.87,-68.21,-68.24,-67.96,-67.84,-67.78,-67.84,-67.99,-68.08,-68.08,-68.05,-68.12,-68.08,-68.18,-68.27,-67.99,-67.87,-68.05,-68.18,-68.18,-68.15,-67.78,-67.99,-68.12,-67.75,-68.15,-67.72,-68.21,-67.72,-68.12,-67.81,-68.15,-67.99,-67.78,-68.12,-67.75,-67.99,-68.02,-67.81,-68.05,-68.18,-67.99,-67.81,-67.96,-68.3,-68.21,-68.15,-67.96,-67.84,-67.75,-67.78,-67.81,-67.81,-67.78,-67.81,-67.9,-68.27,-67.93,-67.84,-68.12,-68.21,-68.27,-68.21,-67.87,-68.15,-68.27,-68.02,-68.3,-67.96,-68.3,-67.93,-68.3,-68.12,-68.12,-68.21,-67.99,-68.36,-68.02,-68.02,-68.27,-67.99,-68.02,-68.36,-68.27,-67.96,-67.9,-68.18,-68.36,-68.33,-68.21,-68.02,-67.99,-67.93,-67.96,-67.93,-67.87,-67.84,-67.96,-68.27,-68.18,-67.96,-67.9,-67.99,-68.15,-68.3,-68.08,-68.05,-68.21,-67.84,-68.3,-67.81,-68.36,-67.81,-68.27,-67.9,-68.18,-68.15,-67.84,-68.3,-67.99,-68.02,-68.3,-67.96,-67.87,-68.27,-68.27,-67.96,-67.81,-68.02,-68.27,-68.33,-68.27,-68.24,-68.15,-68.05,-68.15,-68.15,-68.15,-68.08,-67.96,-68.21,-68.3,-68.15,-67.99,-67.9,-68.05,-68.3,-68.15,-68.08,-68.27,-67.96,-68.36,-67.87,-68.33,-67.96,-68.33,-67.96,-68.15,-68.18,-67.93,-68.33,-68.02,-68.12,-68.33,-68.05,-67.87,-68.21,-68.21,-67.99,-67.84,-68.08,-68.27,-68.33,-68.33,-68.27,-68.24,-68.15,-68.21,-68.24,-68.24,-68.08,-68.08,-68.05,-68.3,-68.33,-68.24,-68.05,-67.87,-68.08,-68.33,-67.9,-68.27,-67.84,-68.18,-67.84,-68.21,-67.87,-68.18,-67.84,-68.18,-68.05,-67.81,-68.3,-67.96,-67.93,-68.3,-68.05,-67.84,-68.15,-68.3,-68.21,-67.78,-67.81,-67.96,-68.08,-68.21,-68.33,-68.3,-68.33,-68.27,-68.36,-68.21,-68.12,-67.9,-68.05,-68.18,-68.27,-68.27,-68.18,-67.9,-68.08,-68.18,-67.87,-68.33,-67.93,-68.3,-67.9,-68.36,-67.93,-68.36,-68.02,-68.21,-68.3,-67.93,-68.33,-68.05,-67.84,-68.27,-68.27,-67.87,-68.02,-68.3,-68.21,-68.02,-67.87,-67.84,-67.96,-68.08,-68.21,-68.24,-68.27,-68.27,-68.18,-68.27,-68.24,-68.08,-67.9,-68.02,-68.18,-68.3,-68.18,-67.96,-68.02,-68.33,-67.66,-67.9,-67.5,-67.9,-67.47,-67.78,-67.35,-67.54,-67.54,-67.2,-67.6,-67.2,-67.29,-67.54,-67.14,-67.08,-67.44,-67.41,-67.05,-66.96,-67.26,-67.35,-67.32,-67.35,-67.17,-67.05,-67.02,-67.05,-67.05,-67.11,-67.14,-66.93,-66.89,-66.89,-67.11,-67.11,-67.02,-66.83,-66.71,-66.86,-66.99,-66.53,-66.99,-66.56,-66.99,-66.53,-66.93,-66.56,-66.83,-66.68,-66.59,-66.83,-66.38,-66.74,-66.65,-66.35,-66.65,-66.74,-66.44,-66.31,-66.56,-66.68,-66.56,-66.31,-66.19,-66.19,-66.13,-66.16,-66.13,-66.1,-66.1,-66.07,-66.13,-66.22,-66.25,-66.41,-66.1,-65.95,-65.98,-66.19,-66.31,-66.07,-66.01,-66.25,-65.86,-66.28,-65.77,-66.19,-65.86,-66.07,-66.1,-65.8,-66.19,-65.77,-65.98,-66.07,-65.7,-65.95,-66.07,-65.95,-65.61,-65.8,-66.07,-66.01,-65.92,-65.7,-65.58,-65.52,-65.49,-65.58,-65.49,-65.49,-65.52,-65.49,-65.49,-65.8,-65.55,-65.86,-65.77,-65.64,-65.4,-65.43,-65.77,-65.64,-65.4,-65.73,-65.4,-65.89,-65.34,-65.7,-65.49,-65.55,-65.58,-65.28,-65.64,-65.37,-65.34,-65.64,-65.31,-65.25,-65.58,-65.55,-65.25,-65.16,-65.4,-65.58,-65.55,-65.46,-65.28,-65.12,-65.09,-65.09,-65.0,-65.12,-65.16,-65.28,-65.09,-65.22,-65.06,-65.25,-65.34,-65.25,-65.0,-65.03,-65.28,-65.09,-65.06,-65.12,-64.91,-65.06,-64.97,-64.91,-65.09,-64.73,-65.16,-64.79,-64.97,-65.09,-64.67,-64.97,-65.06,-64.76,-64.76,-65.06,-65.0,-64.88,-64.61,-64.7,-64.91,-64.94,-65.06,-65.03,-65.03,-65.06,-65.03,-65.0,-64.94,-64.88,-64.97,-64.58,-64.88,-64.94,-64.76,-64.54,-64.45,-64.76,-64.85,-64.42,-64.91,-64.54,-64.88,-64.45,-64.82,-64.42,-64.82,-64.58,-64.51,-64.76,-64.33,-64.7,-64.64,-64.33,-64.58,-64.73,-64.48,-64.27,-64.48,-64.67,-64.73,-64.54,-64.39,-64.24,-64.21,-64.12,-64.12,-64.18,-64.09,-64.12,-64.12,-64.18,-64.36,-64.3,-64.54,-64.33,-64.15,-64.06,-64.24,-64.48,-64.06,-64.39,-64.24,-64.18,-64.12,-64.24,-64.03,-64.33,-63.87,-64.3,-64.09,-63.93,-64.27,-63.9,-63.93,-64.24,-64.03,-63.81,-64.06,-64.24,-64.09,-63.87,-63.72,-63.84,-64.03,-64.12,-64.15,-64.18,-64.27,-64.24,-64.12,-64.06,-63.87,-64.06,-64.06,-63.93,-63.69,-63.72,-63.9,-64.03,-63.93,-63.57,-63.87,-63.75,-63.87,-63.87,-63.9,-63.63,-63.93,-63.51,-64.0,-63.66,-63.78,-63.93,-63.51,-63.81,-63.9,-63.48,-63.63,-63.87,-63.75,-63.39,-63.42,-63.66,-63.81,-63.81,-63.75,-63.63,-63.63,-63.63,-63.6,-63.66,-63.69,-63.72,-63.69,-63.51,-63.51,-63.26,-63.6,-63.66,-63.54,-63.29,-63.32,-63.69,-63.23,-63.54,-63.23,-63.54,-63.14,-63.66,-63.2,-63.54,-63.39,-63.26,-63.6,-63.26,-63.32,-63.6,-63.23,-63.26,-63.63,-63.54,-63.23,-63.17,-63.45,-63.57,-63.57,-63.48,-63.42,-63.29,-63.32,-63.26,-63.17,-63.32,-63.39,-63.45,-63.45,-63.11,-63.54,-63.26,-63.11,-63.23,-63.42,-63.48,-63.08,-63.26,-63.42,-63.11,-63.51,-63.17,-63.39,-63.32,-63.14,-63.45,-62.99,-63.32,-63.26,-62.96,-63.35,-63.23,-62.93,-63.29,-63.32,-63.11,-62.96,-63.14,-63.32,-63.35,-63.29,-63.17,-63.02,-62.84,-62.96,-62.93,-62.96,-62.99,-63.11,-63.17,-63.02,-62.96,-63.08,-63.14,-63.05,-62.93,-62.74,-62.99,-63.11,-62.71,-63.11,-62.81,-63.08,-62.74,-63.2,-62.74,-63.08,-62.84,-62.77,-63.14,-62.77,-62.96,-63.11,-62.74,-62.81,-63.11,-63.14,-62.81,-62.68,-62.9,-63.26,-63.14,-63.11,-62.96,-62.96,-62.84,-62.74,-62.84,-62.84,-62.93,-63.05,-63.02,-62.81,-62.9,-62.59,-62.99,-63.11,-63.11,-62.74,-62.71,-63.05,-62.59,-63.05,-62.77,-63.08,-62.71,-63.14,-62.71,-63.11,-62.87,-62.81,-63.11,-62.77,-62.81,-63.17,-62.81,-62.71,-63.05,-63.05,-62.77,-62.65,-62.87,-62.99,-63.02,-63.02,-62.96,-62.84,-62.84,-62.77,-62.84,-62.84,-62.93,-63.02,-63.02,-62.62,-62.99,-62.62,-62.59,-62.81,-62.93,-62.93,-62.5,-62.81,-62.74,-62.74,-62.74,-62.68,-62.62,-62.87,-62.41,-62.87,-62.53,-62.71,-62.87,-62.44,-62.84,-62.87,-62.56,-62.65,-62.9,-62.87,-62.5,-62.47,-62.74,-62.93,-62.96,-62.9,-62.9,-62.87,-62.81,-62.81,-62.81,-62.9,-62.96,-62.93,-62.87,-62.47,-62.9,-62.81,-62.59,-62.47,-62.65,-62.87,-62.68,-62.62,-62.84,-62.62,-62.93,-62.62,-62.81,-62.74,-62.53,-62.84,-62.47,-62.71,-62.77,-62.41,-62.81,-62.84,-62.47,-62.65,-62.84,-62.81,-62.47,-62.38,-62.41,-62.84,-62.84,-62.84,-62.77,-62.77,-62.65,-62.74,-62.87,-62.84,-62.87,-62.84,-62.81,-62.44,-62.62,-62.74,-62.74,-62.53,-62.32,-62.56,-62.71,-62.35,-62.81,-62.23,-62.68,-62.35,-62.62,-62.53,-62.44,-62.77,-62.19,-62.59,-62.59,-62.26,-62.59,-62.68,-62.32,-62.5,-62.74,-62.65,-62.41,-62.29,-62.32,-62.53,-62.62,-62.65,-62.71,-62.68,-62.71,-62.74,-62.62,-62.59,-62.47,-62.53,-62.65,-62.23,-62.38,-62.59,-62.62,-62.5,-62.26,-62.44,-62.56,-62.19,-62.65,-62.26,-62.65,-62.19,-62.53,-62.44,-62.35,-62.68,-62.26,-62.5,-62.59,-62.16,-62.47,-62.65,-62.29,-62.16,-62.5,-62.59,-62.53,-62.32,-62.19,-62.19,-62.35,-62.47,-62.53,-62.56,-62.53,-62.44,-62.35,-62.23,-62.13,-62.38,-62.62,-62.35,-62.23,-62.5,-62.65,-62.62,-62.32,-62.41,-62.59,-62.23,-62.53,-62.07,-62.47,-62.29,-62.44,-62.41,-62.1,-62.56,-62.23,-62.29,-62.59,-62.26,-62.23,-62.56,-62.38,-62.1,-62.29,-62.56,-62.5,-62.35,-62.19,-62.07,-62.13,-62.19,-62.32,-62.32,-62.26,-62.13,-62.1,-62.13,-62.16,-62.23,-62.53,-62.44,-62.16,-62.23,-62.41,-62.56,-62.41,-62.26,-62.62,-62.16,-62.62,-62.16,-62.56,-62.26,-62.47,-62.47,-62.13,-62.59,-62.23,-62.29,-62.56,-62.16,-62.19,-62.5,-62.44,-62.19,-62.13,-62.47,-62.53,-62.44,-62.38,-62.26,-62.1,-62.1,-62.01,-62.04,-62.01,-62.04,-62.16,-62.26,-62.19,-62.1,-62.38,-62.29,-62.16,-62.07,-62.23,-62.5,-62.35,-62.07,-62.47,-62.01,-62.35,-61.89,-62.41,-62.04,-62.16,-62.26,-61.92,-62.35,-62.16,-62.04,-62.44,-62.16,-61.95,-62.35,-62.32,-62.07,-61.98,-62.23,-62.38,-62.41,-62.26,-62.16,-62.04,-61.95,-61.89,-61.92,-61.95,-62.04,-62.23,-62.32,-62.07,-61.95,-62.01,-62.35,-62.19,-61.98,-61.89,-62.13,-62.23,-61.86,-62.26,-61.77,-62.29,-61.83,-62.23,-61.83,-62.16,-62.01,-61.77,-62.26,-61.92,-61.86,-62.19,-61.92,-61.74,-62.13,-62.23,-61.95,-61.74,-61.86,-62.07,-62.16,-62.19,-62.19,-61.98,-61.95,-61.92,-61.98,-62.07,-62.1,-62.19,-62.13,-61.98,-62.01,-61.83,-62.13,-62.19,-62.1,-61.8,-61.86,-62.16,-61.8,-62.04,-61.71,-62.13,-61.71,-62.13,-61.77,-61.98,-61.95,-61.71,-62.13,-61.77,-61.74,-62.1,-61.86,-61.65,-62.04,-62.13,-61.86,-61.65,-61.74,-61.98,-62.13,-62.13,-62.1,-62.07,-62.07,-62.07,-62.01,-62.07,-62.13,-62.13,-62.13,-61.8,-62.01,-61.65,-61.77,-61.98,-62.04,-61.92,-61.68,-62.07,-61.77,-62.04,-61.86,-62.13,-61.68,-62.07,-61.71,-61.92,-61.98,-61.65,-62.1,-61.86,-61.65,-62.1,-61.92,-61.65,-61.86,-62.07,-61.95,-61.68,-61.58,-61.55,-61.74,-61.95,-62.01,-61.98,-62.07,-62.07,-62.07,-61.95,-61.89,-61.71,-61.92,-61.95,-61.86,-61.55,-61.65,-61.86,-62.01,-61.71,-61.52,-61.92,-61.43,-61.86,-61.43,-61.89,-61.49,-61.8,-61.68,-61.55,-61.86,-61.52,-61.8,-61.92,-61.52,-61.68,-61.92,-61.71,-61.52,-61.74,-62.01,-61.95,-61.83,-61.68,-61.58,-61.55,-61.55,-61.61,-61.58,-61.55,-61.55,-61.52,-61.68,-61.61,-61.61,-62.01,-61.8,-61.58,-61.8,-61.98,-62.01,-61.65,-61.86,-62.01,-61.86,-62.01,-61.83,-61.95,-62.01,-61.71,-62.13,-61.71,-61.92,-61.98,-61.65,-61.95,-62.07,-61.68,-61.8,-62.13,-62.1,-61.83,-61.74,-61.89,-62.1,-62.13,-62.13,-62.01,-62.01,-62.04,-61.98,-62.07,-62.1,-62.1,-62.1,-62.1,-61.98,-61.92,-61.74,-61.95,-62.04,-62.07,-61.74,-61.74,-62.07,-61.61,-62.04,-61.52,-62.01,-61.65,-61.89,-61.89,-61.58,-62.04,-61.65,-61.8,-62.04,-61.68,-61.68,-62.04,-61.92,-61.55,-61.74,-62.01,-62.04,-61.95,-61.89,-61.61,-61.58,-61.58,-61.65,-61.61,-61.58,-61.55,-61.58,-61.74,-61.8,-61.65,-61.83,-61.68,-61.98,-62.01,-61.86,-61.65,-61.68,-62.04,-61.46,-61.95,-61.68,-62.01,-61.61,-62.07,-61.61,-62.04,-61.83,-61.68,-62.01,-61.68,-61.77,-61.98,-61.71,-61.55,-61.95,-61.89,-61.68,-61.55,-61.74,-61.89,-62.01,-62.01,-61.95,-61.92,-61.86,-61.89,-61.89,-61.92,-61.98,-62.04,-62.01,-61.92,-61.68,-61.68,-61.98,-61.95,-61.8,-61.52,-61.8,-61.86,-61.55,-61.92,-61.46,-61.86,-61.55,-61.86,-61.65,-61.58,-61.83,-61.43,-61.74,-61.8,-61.43,-61.8,-61.74,-61.46,-61.52,-61.8,-61.92,-61.65,-61.43,-61.49,-61.61,-61.74,-61.8,-61.89,-61.89,-61.92,-61.92,-61.83,-61.74,-61.58,-61.68,-61.95,-61.55,-61.77,-61.92,-61.92,-61.71,-61.46,-61.8,-61.86,-61.61,-61.98,-61.65,-61.92,-61.77,-61.74,-61.92,-61.46,-61.92,-61.68,-61.65,-61.95,-61.65,-61.61,-61.89,-61.89,-61.58,-61.61,-61.98,-61.98,-61.83,-61.58,-61.55,-61.55,-61.65,-61.68,-61.68,-61.68,-61.65,-61.61,-61.52,-61.65,-61.58,-62.1,-61.61,-62.04,-61.98,-62.04,-61.89,-61.55,-61.95,-61.83,-61.8,-61.86,-61.71,-61.71,-61.83,-61.58,-61.92,-61.52,-61.92,-61.86,-61.46,-61.92,-61.89,-61.55,-61.89,-62.04,-61.8,-61.61,-61.74,-61.98,-62.1,-62.04,-61.92,-61.74,-61.68,-61.71,-61.71,-61.61,-61.71,-61.83,-61.98,-62.01,-61.71,-62.07,-61.8,-61.92,-62.16,-62.13,-61.95,-61.68,-62.1,-61.89,-61.98,-62.04,-62.1,-61.77,-62.16,-61.89,-62.07,-61.92,-61.86,-62.19,-61.86,-61.95,-62.23,-61.83,-61.8,-62.16,-62.16,-61.95,-61.74,-61.83,-62.01,-62.13,-62.26,-62.23,-62.23,-62.19,-62.16,-62.19,-62.26,-62.23,-62.19,-62.13,-62.1,-62.13,-61.8,-62.01,-62.16,-62.29,-62.04,-61.92,-62.26,-61.74,-62.29,-61.77,-62.19,-61.77,-62.19,-61.92,-62.04,-62.16,-61.74,-62.13,-62.1,-61.77,-62.19,-62.19,-61.77,-61.83,-62.13,-62.1,-61.95,-61.77,-61.77,-61.86,-62.04,-62.1,-62.1,-62.19,-62.13,-62.16,-61.98,-61.83,-61.8,-62.01,-62.1,-62.04,-61.74,-61.89,-62.1,-62.16,-61.98,-61.83,-62.16,-61.8,-62.19,-61.8,-62.23,-61.83,-62.13,-62.1,-61.8,-62.16,-61.86,-61.89,-62.13,-61.86,-61.83,-62.23,-62.1,-61.77,-61.8,-62.1,-62.16,-62.1,-61.95,-61.8,-61.71,-61.65,-61.65,-61.68,-61.68,-61.71,-61.8,-61.98,-61.89,-61.71,-62.13,-61.8,-61.77,-61.83,-62.16,-62.1,-61.68,-61.92,-62.07,-61.8,-62.04,-61.8,-61.92,-61.95,-61.68,-62.13,-61.55,-61.95,-61.95,-61.61,-62.01,-62.04,-61.65,-61.92,-62.07,-61.95,-61.68,-61.71,-62.04,-62.19,-62.19,-62.1,-62.01,-62.07,-61.89,-62.1,-62.07,-62.04,-62.16,-62.23,-62.26,-61.83,-62.19,-61.86,-61.77,-61.95,-62.13,-62.16,-61.74,-62.07,-61.98,-62.04,-61.98,-62.1,-61.95,-62.23,-61.8,-62.19,-61.89,-61.86,-62.23,-61.8,-61.98,-62.29,-61.95,-61.8,-62.07,-62.16,-62.04,-61.83,-61.68,-61.86,-62.01,-62.13,-62.19,-62.19,-62.16,-62.19,-62.19,-62.19,-62.04,-61.92,-62.13,-61.95,-62.07,-61.74,-61.74,-61.89,-62.1,-62.04,-61.68,-62.07,-61.77,-61.98,-61.65,-62.07,-61.58,-62.01,-61.71,-61.86,-61.98,-61.52,-61.95,-61.92,-61.58,-61.98,-62.04,-61.71,-61.65,-61.98,-62.04,-61.98,-61.74,-61.65,-61.58,-61.71,-61.74,-61.86,-61.8,-61.68,-61.68,-61.65,-61.68,-61.68,-61.89,-62.01,-62.01,-61.74,-61.68,-61.92,-62.13,-61.92,-61.74,-62.1,-61.74,-62.16,-61.74,-62.16,-61.86,-62.01,-62.01,-61.71,-62.1,-61.95,-61.8,-62.16,-61.92,-61.77,-62.07,-62.13,-61.83,-61.65,-61.98,-62.07,-62.19,-62.07,-61.98,-61.86,-61.8,-61.8,-61.71,-61.77,-61.95,-62.07,-62.13,-62.07,-61.71,-62.1,-61.86,-61.71,-61.8,-61.98,-62.16,-61.8,-61.95,-62.07,-61.8,-61.98,-61.92,-61.89,-62.04,-61.71,-62.16,-61.8,-61.98,-62.04,-61.68,-61.98,-62.07,-61.74,-61.8,-62.13,-62.16,-61.86,-61.71,-61.77,-62.01,-62.13,-62.16,-62.13,-62.13,-62.13,-62.07,-62.13,-62.16,-62.1,-62.04,-62.16,-61.86,-62.1,-61.95,-61.74,-61.83,-62.07,-62.07,-61.77,-62.13,-61.92,-62.1,-61.92,-62.16,-61.8,-62.16,-61.61,-62.04,-61.98,-61.68,-62.16,-61.95,-61.68,-62.1,-62.04,-61.71,-61.83,-62.07,-62.16,-61.95,-61.68,-61.71,-61.77,-61.89,-62.04,-62.04,-62.04,-61.98,-61.95,-61.83,-61.71,-61.71,-62.04,-61.89,-62.13,-61.95,-61.8,-61.77,-61.95,-62.13,-61.68,-61.98,-61.83,-61.98,-61.71,-62.01,-61.65,-62.01,-61.68,-61.89,-61.92,-61.58,-61.95,-61.95,-61.58,-61.86,-62.04,-61.68,-61.61,-61.92,-62.07,-61.98,-61.86,-61.71,-61.58,-61.61,-61.65,-61.68,-61.74,-61.58,-61.52,-61.61,-61.74,-61.58,-61.89,-61.8,-62.04,-62.04,-61.77,-61.65,-61.89,-62.01,-61.65,-62.01,-61.8,-62.16,-61.74,-62.13,-61.71,-62.13,-61.86,-61.8,-62.04,-61.68,-61.83,-62.07,-61.74,-61.74,-62.04,-62.04,-61.65,-61.65,-61.89,-62.01,-62.01,-61.95,-61.83,-61.71,-61.68,-61.58,-61.68,-61.74,-61.86,-61.95,-62.01,-61.8,-61.8,-61.8,-62.07,-61.95,-61.8,-61.61,-61.77,-62.01,-61.58,-62.07,-61.58,-61.92,-61.58,-61.98,-61.58,-61.86,-61.89,-61.49,-61.98,-61.8,-61.68,-62.01,-61.86,-61.55,-61.86,-62.04,-61.86,-61.55,-61.71,-61.83,-62.01,-62.04,-62.01,-61.95,-61.95,-61.95,-62.04,-62.07,-62.1,-62.13,-62.16,-61.95,-61.86,-61.77,-62.04,-62.1,-62.07,-61.65,-61.83,-62.13,-61.71,-62.16,-61.8,-62.29,-61.77,-62.19,-61.98,-62.04,-62.13,-61.77,-62.16,-62.1,-61.77,-62.19,-62.16,-61.83,-61.92,-62.19,-62.26,-62.13,-61.83,-61.83,-61.89,-62.16,-62.23,-62.26,-62.29,-62.32,-62.26,-62.16,-62.07,-61.95,-61.98,-62.32,-61.92,-62.1,-62.23,-62.26,-62.23,-61.95,-62.07,-62.29,-61.86,-62.23,-61.8,-62.23,-61.89,-62.1,-62.07,-61.86,-62.26,-61.92,-62.1,-62.35,-61.95,-62.1,-62.26,-62.1,-61.83,-62.1,-62.35,-62.26,-62.1,-61.92,-61.92,-61.89,-62.07,-62.07,-62.13,-62.13,-62.07,-61.92,-61.89,-61.92,-62.01,-62.32,-62.07,-61.89,-62.1,-62.26,-62.32,-62.07,-62.07,-62.38,-61.98,-62.38,-61.98,-62.38,-62.07,-62.16,-62.38,-61.95,-62.35,-62.04,-62.07,-62.35,-62.04,-62.04,-62.32,-62.32,-61.98,-61.92,-62.16,-62.29,-62.29,-62.19,-62.01,-61.95,-61.95,-61.86,-61.86,-61.95,-61.89,-61.98,-62.13,-62.16,-61.86,-62.35,-62.19,-61.92,-62.07,-62.26,-62.41,-62.01,-62.16,-62.29,-62.04,-62.23,-62.01,-62.16,-62.23,-61.95,-62.38,-62.01,-62.19,-62.29,-61.92,-62.32,-62.29,-61.86,-62.19,-62.32,-62.23,-61.92,-62.01,-62.29,-62.44,-62.47,-62.47,-62.38,-62.35,-62.32,-62.38,-62.41,-62.44,-62.5,-62.62,-62.59,-62.13,-62.53,-62.32,-62.1,-62.29,-62.53,-62.53,-62.23,-62.5,-62.41,-62.47,-62.47,-62.56,-62.29,-62.65,-62.23,-62.56,-62.5,-62.29,-62.65,-62.38,-62.26,-62.62,-62.53,-62.16,-62.41,-62.59,-62.62,-62.44,-62.16,-62.19,-62.35,-62.5,-62.5,-62.56,-62.62,-62.53,-62.5,-62.41,-62.29,-62.16,-62.44,-62.53,-62.56,-62.19,-62.26,-62.44,-62.59,-62.53,-62.16,-62.59,-62.16,-62.59,-62.19,-62.59,-62.16,-62.53,-62.29,-62.41,-62.62,-62.19,-62.53,-62.5,-62.19,-62.56,-62.62,-62.32,-62.23,-62.53,-62.71,-62.59,-62.35,-62.29,-62.19,-62.23,-62.38,-62.44,-62.44,-62.35,-62.35,-62.26,-62.23,-62.23,-62.56,-62.53,-62.62,-62.53,-62.35,-62.38,-62.62,-62.5,-62.26,-62.71,-62.35,-62.84,-62.35,-62.77,-62.41,-62.71,-62.65,-62.41,-62.81,-62.44,-62.56,-62.77,-62.44,-62.38,-62.81,-62.71,-62.47,-62.35,-62.62,-62.74,-62.81,-62.71,-62.62,-62.56,-62.5,-62.47,-62.44,-62.56,-62.65,-62.81,-62.84,-62.68,-62.38,-62.87,-62.81,-62.47,-62.44,-62.56,-62.81,-62.59,-62.53,-62.84,-62.44,-62.68,-62.5,-62.59,-62.62,-62.41,-62.9,-62.41,-62.65,-62.68,-62.35,-62.77,-62.77,-62.44,-62.62,-62.9,-62.77,-62.56,-62.38,-62.65,-62.74,-62.87,-62.87,-62.84,-62.84,-62.84,-62.96,-62.74,-62.87,-62.87,-62.81,-62.87,-62.44,-62.9,-62.65,-62.5,-62.44,-62.62,-62.87,-62.44,-62.81,-62.62,-62.84,-62.56,-62.87,-62.41,-62.9,-62.47,-62.68,-62.93,-62.44,-62.81,-62.9,-62.56,-62.71,-62.96,-62.84,-62.56,-62.56,-62.81,-63.02,-62.9,-62.81,-62.65,-62.71,-62.81,-62.9,-62.96,-63.05,-62.93,-62.71,-62.5,-62.56,-62.68,-62.96,-62.96,-62.59,-62.74,-62.96,-62.96,-62.56,-62.93,-62.59,-62.93,-62.5,-62.96,-62.53,-62.87,-62.84,-62.62,-62.96,-62.74,-62.47,-62.9,-62.87,-62.5,-62.65,-62.93,-62.9,-62.62,-62.47,-62.65,-62.81,-62.99,-63.02,-62.99,-63.05,-63.02,-63.05,-62.99,-62.96,-62.81,-62.59,-62.53,-62.56,-62.96,-62.59,-62.87,-62.96,-62.71,-62.68,-62.99,-62.81,-62.77,-62.9,-62.81,-62.93,-62.96,-62.81,-62.99,-62.65,-63.02,-62.59,-63.05,-62.62,-62.96,-63.02,-62.74,-62.93,-63.02,-62.77,-62.65,-62.9,-63.14,-63.17,-62.96,-62.87,-62.71,-62.62,-62.68,-62.68,-62.59,-62.71,-62.74,-62.93,-62.93,-62.68,-63.05,-62.71,-62.81,-63.08,-63.08,-62.96,-62.68,-63.02,-62.84,-62.84,-62.87,-62.9,-62.81,-63.02,-62.59,-63.08,-62.62,-62.9,-62.99,-62.56,-62.96,-62.96,-62.62,-62.93,-63.05,-62.93,-62.71,-62.81,-62.99,-63.17,-63.05,-62.99,-62.9,-62.84,-62.74,-62.81,-62.77,-62.9,-63.02,-63.02,-63.08,-62.71,-63.14,-62.71,-62.71,-62.87,-63.11,-63.08,-62.71,-63.02,-62.96,-62.84,-63.11,-62.96,-63.02,-63.02,-62.77,-63.26,-62.81,-63.08,-63.05,-62.81,-63.14,-63.05,-62.68,-63.05,-63.17,-63.02,-62.71,-62.99,-63.17,-63.23,-63.17,-63.05,-62.99,-62.93,-62.84,-62.84,-62.9,-63.02,-63.14,-63.2,-63.05,-62.81,-63.14,-63.2,-63.05,-62.74,-62.87,-63.14,-63.14,-62.81,-63.11,-62.71,-63.11,-62.68,-63.17,-62.77,-63.08,-62.93,-62.81,-63.17,-62.77,-62.93,-63.2,-62.71,-62.84,-63.2,-63.14,-62.84,-62.87,-63.17,-63.23,-63.17,-63.08,-62.99,-62.87,-62.84,-62.77,-62.81,-62.9,-63.05,-63.17,-63.23,-62.99,-63.14,-62.93,-63.17,-63.26,-63.26,-63.02,-62.87,-63.2,-63.02,-63.14,-63.17,-63.11,-63.08,-63.2,-62.96,-63.29,-62.9,-63.23,-63.17,-62.84,-63.26,-63.11,-62.96,-63.23,-63.26,-62.9,-62.84,-63.2,-63.32,-63.23,-63.11,-62.87,-62.77,-62.87,-62.96,-62.81,-62.74,-62.81,-62.81,-62.84,-62.81,-63.05,-63.05,-63.26,-63.05,-62.81,-62.81,-63.08,-63.23,-62.74,-63.08,-62.87,-63.05,-62.77,-63.14,-62.68,-63.14,-62.71,-63.05,-63.05,-62.68,-63.08,-62.96,-62.68,-63.11,-63.17,-62.77,-62.81,-63.11,-63.17,-62.99,-62.81,-62.71,-62.71,-62.77,-62.9,-62.96,-62.84,-62.93,-62.81,-62.71,-62.65,-62.77,-63.11,-62.71,-62.81,-63.02,-63.11,-63.11,-62.71,-62.77,-63.05,-62.68,-63.14,-62.62,-63.05,-62.68,-63.08,-62.71,-62.96,-62.99,-62.62,-63.05,-62.9,-62.65,-63.05,-62.96,-62.68,-62.81,-63.08,-62.96,-62.68,-62.62,-62.74,-62.96,-63.05,-63.08,-63.05,-63.08,-63.11,-63.08,-63.02,-63.02,-62.96,-62.99,-62.59,-62.93,-63.05,-62.93,-62.68,-62.59,-62.93,-62.99,-62.68,-62.96,-62.53,-63.02,-62.59,-62.99,-62.65,-62.87,-62.84,-62.59,-62.9,-62.65,-62.68,-63.05,-62.65,-62.59,-62.99,-62.96,-62.65,-62.59,-62.81,-62.99,-63.05,-63.02,-62.93,-62.84,-62.81,-62.74,-62.81,-62.84,-62.87,-62.96,-62.96,-62.65,-63.02,-62.9,-62.62,-62.74,-62.93,-63.14,-62.9,-62.84,-63.08,-62.74,-63.14,-62.71,-63.14,-62.84,-63.02,-63.05,-62.68,-63.11,-62.87,-62.87,-63.2,-62.87,-62.68,-63.11,-63.02,-62.68,-62.74,-62.99,-63.17,-63.11,-62.96,-62.74,-62.68,-62.65,-62.65,-62.68,-62.56,-62.65,-62.65,-62.81,-62.65,-62.96,-62.68,-63.02,-63.08,-62.93,-62.71,-62.68,-62.96,-62.74,-62.87,-62.74,-62.81,-62.71,-62.87,-62.5,-62.96,-62.5,-62.87,-62.81,-62.53,-62.93,-62.77,-62.53,-62.99,-62.84,-62.53,-62.56,-62.87,-62.99,-62.9,-62.68,-62.5,-62.56,-62.5,-62.53,-62.56,-62.59,-62.5,-62.47,-62.5,-62.5,-62.56,-62.93,-62.65,-62.53,-62.65,-62.9,-62.96,-62.68,-62.56,-62.9,-62.5,-62.93,-62.5,-62.99,-62.53,-62.93,-62.71,-62.62,-62.93,-62.5,-62.81,-62.87,-62.5,-62.84,-62.9,-62.59,-62.47,-62.81,-62.87,-62.77,-62.59,-62.41,-62.47,-62.59,-62.71,-62.71,-62.71,-62.77,-62.62,-62.59,-62.53,-62.5,-62.9,-62.53,-62.84,-62.96,-62.77,-62.59,-62.53,-62.96,-62.59,-62.62,-62.65,-62.5,-62.71,-62.68,-62.53,-62.84,-62.35,-62.74,-62.59,-62.47,-62.84,-62.44,-62.53,-62.81,-62.71,-62.35,-62.62,-62.87,-62.77,-62.62,-62.47,-62.44,-62.5,-62.62,-62.68,-62.71,-62.71,-62.71,-62.59,-62.56,-62.47,-62.68,-62.9,-62.59,-62.47,-62.71,-62.87,-62.87,-62.56,-62.65,-62.93,-62.5,-62.96,-62.5,-63.02,-62.53,-62.96,-62.77,-62.68,-62.9,-62.53,-62.87,-62.84,-62.53,-62.9,-62.9,-62.56,-62.62,-62.77,-62.96,-62.68,-62.59,-62.47,-62.62,-62.77,-62.9,-62.96,-62.93,-62.9,-62.87,-62.9,-62.71,-62.68,-62.93,-62.59,-62.93,-62.81,-62.59,-62.56,-62.71,-62.96,-62.68,-62.84,-62.81,-62.65,-62.84,-62.81,-62.65,-62.93,-62.56,-62.96,-62.81,-62.59,-62.93,-62.77,-62.44,-62.93,-62.93,-62.56,-62.53,-62.87,-62.93,-62.81,-62.62,-62.5,-62.47,-62.56,-62.62,-62.68,-62.59,-62.59,-62.53,-62.47,-62.38,-62.5,-62.81,-62.65,-62.96,-62.87,-62.68,-62.56,-62.74,-62.9,-62.44,-62.87,-62.62,-62.93,-62.65,-62.93,-62.53,-63.08,-62.53,-62.71,-62.9,-62.59,-62.93,-62.84,-62.53,-62.84,-62.99,-62.74,-62.44,-62.68,-62.93,-62.93,-62.84,-62.65,-62.47,-62.41,-62.44,-62.53,-62.53,-62.41,-62.47,-62.53,-62.62,-62.47,-62.74,-62.5,-62.87,-62.84,-62.68,-62.47,-62.62,-62.93,-62.5,-62.87,-62.5,-62.74,-62.47,-62.84,-62.32,-62.77,-62.62,-62.56,-62.84,-62.44,-62.71,-62.81,-62.5,-62.62,-62.9,-62.74,-62.5,-62.53,-62.74,-62.9,-62.93,-62.84,-62.71,-62.65,-62.59,-62.56,-62.65,-62.71,-62.71,-62.84,-62.81,-62.59,-62.77,-62.5,-62.84,-62.93,-62.9,-62.62,-62.56,-62.96,-62.47,-62.93,-62.65,-62.96,-62.53,-62.96,-62.56,-62.9,-62.77,-62.56,-62.9,-62.59,-62.68,-62.9,-62.65,-62.53,-62.81,-62.93,-62.65,-62.47,-62.5,-62.84,-62.87,-62.9,-62.9,-62.87,-62.84,-62.81,-62.84,-62.9,-62.9,-62.87,-62.9,-62.74,-62.65,-62.38,-62.68,-62.81,-62.84,-62.56,-62.53,-62.81,-62.44,-62.81,-62.32,-62.81,-62.41,-62.81,-62.47,-62.53,-62.74,-62.29,-62.71,-62.65,-62.35,-62.74,-62.71,-62.38,-62.41,-62.71,-62.81,-62.62,-62.44,-62.32,-62.47,-62.56,-62.62,-62.74,-62.74,-62.68,-62.77,-62.62,-62.47,-62.32,-62.56,-62.77,-62.62,-62.35,-62.56,-62.74,-62.77,-62.5,-62.47,-62.87,-62.38,-62.9,-62.41,-62.87,-62.47,-62.74,-62.74,-62.47,-62.84,-62.38,-62.62,-62.81,-62.38,-62.5,-62.87,-62.65,-62.41,-62.65,-62.84,-62.87,-62.71,-62.5,-62.41,-62.44,-62.44,-62.56,-62.59,-62.59,-62.47,-62.41,-62.38,-62.47,-62.56,-62.84,-62.65,-62.47,-62.5,-62.68,-62.84,-62.74,-62.53,-62.77,-62.35,-62.74,-62.35,-62.74,-62.41,-62.59,-62.56,-62.32,-62.81,-62.47,-62.47,-62.84,-62.53,-62.44,-62.81,-62.81,-62.47,-62.44,-62.74,-62.87,-62.84,-62.65,-62.59,-62.5,-62.41,-62.38,-62.35,-62.35,-62.44,-62.62,-62.68,-62.62,-62.41,-62.71,-62.77,-62.41,-62.41,-62.62,-62.84,-62.65,-62.5,-62.81,-62.47,-62.9,-62.47,-62.74,-62.62,-62.65,-62.81,-62.44,-62.81,-62.84,-62.47,-62.84,-62.84,-62.44,-62.71,-62.96,-62.77,-62.5,-62.47,-62.62,-62.84,-62.9,-62.9,-62.84,-62.81,-62.81,-62.87,-62.87,-62.99,-62.93,-62.9,-62.87,-62.47,-62.9,-62.74,-62.53,-62.5,-62.68,-62.9,-62.59,-62.74,-62.68,-62.59,-62.65,-62.74,-62.62,-62.81,-62.41,-62.87,-62.65,-62.56,-62.87,-62.65,-62.53,-62.96,-62.68,-62.41,-62.68,-62.87,-62.84,-62.62,-62.47,-62.5,-62.65,-62.74,-62.87,-62.84,-62.84,-62.81,-62.87,-62.74,-62.53,-62.5,-62.84,-62.71,-62.99,-62.77,-62.53,-62.68,-62.96,-63.05,-62.62,-62.84,-62.87,-63.08,-62.87,-63.11,-62.65,-63.14,-62.74,-62.99,-63.11,-62.71,-63.14,-63.02,-62.74,-63.02,-63.17,-62.87,-62.84,-63.02,-63.17,-63.02,-62.96,-62.77,-62.77,-62.77,-62.84,-62.9,-62.93,-62.96,-62.74,-62.74,-62.71,-62.71,-63.08,-62.87,-63.14,-63.11,-62.87,-62.77,-62.99,-63.14,-62.81,-63.2,-62.81,-63.11,-62.77,-63.2,-62.74,-63.11,-62.9,-62.93,-63.17,-62.74,-63.08,-63.26,-62.77,-62.99,-63.26,-63.02,-62.81,-62.99,-63.17,-63.2,-63.17,-63.02,-62.9,-62.84,-62.77,-62.74,-62.81,-62.81,-62.84,-62.99,-63.08,-62.96,-62.93,-62.84,-63.2,-63.14,-63.05,-62.77,-62.96,-63.17,-62.68,-63.2,-62.9,-63.2,-62.81,-63.29,-62.71,-63.2,-62.93,-62.84,-63.11,-62.77,-62.93,-63.17,-62.9,-62.77,-63.11,-63.14,-62.84,-62.62,-62.93,-63.11,-63.17,-63.08,-62.99,-62.96,-62.99,-62.96,-62.99,-62.99,-63.08,-63.17,-63.14,-62.9,-62.9,-62.84,-62.96,-63.17,-63.02,-62.71,-62.84,-63.14,-62.71,-63.02,-62.56,-63.05,-62.62,-63.05,-62.68,-62.87,-62.99,-62.62,-62.99,-62.81,-62.62,-62.96,-62.87,-62.59,-62.77,-62.99,-62.87,-62.59,-62.56,-62.68,-62.9,-62.96,-63.02,-62.99,-63.02,-62.99,-62.99,-62.99,-63.02,-62.93,-62.9,-62.96,-62.77,-62.65,-62.87,-62.96,-63.02,-62.81,-62.65,-62.93,-62.62,-63.02,-62.68,-63.08,-62.62,-63.05,-62.74,-62.84,-62.93,-62.53,-63.02,-62.9,-62.56,-63.02,-62.96,-62.56,-62.84,-63.02,-62.99,-62.65,-62.59,-62.74,-62.9,-63.02,-63.02,-63.02,-63.02,-63.05,-62.99,-62.99,-62.93,-62.87,-62.99,-62.74,-62.96,-62.71,-62.56,-62.71,-62.9,-62.96,-62.56,-62.93,-62.62,-62.77,-62.53,-62.84,-62.47,-62.9,-62.47,-62.74,-62.77,-62.44,-62.87,-62.65,-62.47,-62.87,-62.81,-62.5,-62.62,-62.87,-62.87,-62.68,-62.53,-62.47,-62.56,-62.71,-62.77,-62.81,-62.84,-62.84,-62.77,-62.68,-62.56,-62.53,-62.81,-62.59,-62.87,-62.71,-62.53,-62.44,-62.65,-62.87,-62.53,-62.71,-62.71,-62.77,-62.68,-62.81,-62.53,-62.93,-62.47,-62.87,-62.74,-62.56,-62.93,-62.62,-62.62,-62.96,-62.77,-62.44,-62.68,-62.93,-62.84,-62.59,-62.53,-62.47,-62.62,-62.68,-62.77,-62.81,-62.77,-62.71,-62.68,-62.65,-62.47,-62.62,-62.84,-62.35,-62.53,-62.74,-62.77,-62.62,-62.32,-62.53,-62.68,-62.41,-62.74,-62.23,-62.62,-62.44,-62.53,-62.59,-62.23,-62.77,-62.41,-62.47,-62.68,-62.32,-62.38,-62.81,-62.5,-62.26,-62.47,-62.71,-62.65,-62.44,-62.29,-62.29,-62.38,-62.44,-62.47,-62.53,-62.5,-62.41,-62.35,-62.26,-62.16,-62.32,-62.62,-62.38,-62.26,-62.5,-62.65,-62.65,-62.35,-62.38,-62.68,-62.29,-62.71,-62.32,-62.71,-62.35,-62.62,-62.59,-62.29,-62.65,-62.26,-62.62,-62.59,-62.16,-62.41,-62.65,-62.41,-62.23,-62.47,-62.62,-62.59,-62.44,-62.19,-62.16,-62.23,-62.29,-62.35,-62.32,-62.41,-62.32,-62.23,-62.16,-62.16,-62.44,-62.47,-62.47,-62.32,-62.23,-62.29,-62.56,-62.56,-62.19,-62.56,-62.16,-62.44,-62.1,-62.53,-62.07,-62.5,-62.23,-62.16,-62.44,-62.07,-62.26,-62.44,-62.04,-62.35,-62.62,-62.29,-62.13,-62.32,-62.56,-62.59,-62.38,-62.26,-62.07,-62.1,-62.1,-62.16,-62.13,-62.19,-62.13,-62.19,-62.32,-62.19,-62.32,-62.44,-62.65,-62.47,-62.23,-62.16,-62.41,-62.56,-62.07,-62.59,-62.23,-62.71,-62.23,-62.62,-62.16,-62.68,-62.44,-62.19,-62.56,-62.23,-62.35,-62.56,-62.23,-62.26,-62.59,-62.47,-62.19,-62.23,-62.44,-62.56,-62.5,-62.38,-62.32,-62.19,-62.04,-62.13,-62.07,-62.16,-62.19,-62.35,-62.41,-62.23,-62.32,-62.19,-62.44,-62.5,-62.35,-62.1,-62.29,-62.47,-62.01,-62.38,-61.98,-62.38,-61.95,-62.41,-61.98,-62.23,-62.23,-61.98,-62.38,-62.07,-62.04,-62.41,-62.23,-61.92,-62.23,-62.41,-62.13,-61.98,-62.07,-62.35,-62.35,-62.41,-62.35,-62.32,-62.32,-62.29,-62.26,-62.35,-62.38,-62.44,-62.41,-62.32,-62.07,-62.07,-62.38,-62.38,-62.26,-61.98,-62.16,-62.38,-61.98,-62.47,-62.01,-62.47,-62.01,-62.47,-62.16,-62.47,-62.41,-61.98,-62.47,-62.38,-62.07,-62.47,-62.38,-62.07,-62.32,-62.5,-62.41,-62.13,-62.04,-62.1,-62.35,-62.41,-62.5,-62.44,-62.56,-62.53,-62.53,-62.53,-62.41,-62.38,-62.5,-62.44,-62.19,-62.13,-62.35,-62.5,-62.47,-62.19,-62.23,-62.56,-62.07,-62.47,-61.98,-62.53,-62.13,-62.41,-62.29,-62.13,-62.5,-62.1,-62.35,-62.47,-62.07,-62.29,-62.47,-62.26,-62.04,-62.35,-62.56,-62.44,-62.19,-62.1,-61.98,-62.07,-62.19,-62.26,-62.16,-62.29,-62.13,-62.04,-61.95,-61.98,-62.04,-62.41,-62.07,-62.07,-62.29,-62.38,-62.5,-62.07,-62.26,-62.44,-62.1,-62.47,-62.13,-62.53,-62.26,-62.38,-62.35,-62.07,-62.44,-62.16,-62.23,-62.5,-62.16,-62.16,-62.47,-62.38,-62.04,-62.23,-62.44,-62.44,-62.26,-62.1,-61.98,-61.92,-62.01,-61.98,-62.01,-61.98,-61.95,-61.89,-61.92,-61.92,-61.98,-62.29,-62.23,-61.95,-61.92,-62.13,-62.29,-62.13,-61.95,-62.41,-61.83,-62.23,-61.8,-62.19,-61.98,-61.98,-62.07,-61.89,-62.23,-61.98,-61.89,-62.26,-62.1,-61.83,-62.16,-62.32,-62.04,-61.8,-61.92,-62.19,-62.41,-62.35,-62.23,-62.13,-62.04,-62.07,-62.04,-62.07,-62.16,-62.23,-62.26,-62.23,-61.86,-62.16,-61.92,-61.83,-61.92,-62.16,-62.19,-61.83,-62.04,-62.04,-62.01,-62.23,-62.1,-61.92,-62.23,-61.86,-62.13,-61.92,-61.86,-62.19,-61.8,-61.86,-62.23,-61.92,-61.77,-62.01,-62.16,-62.07,-61.86,-61.71,-61.8,-62.01,-62.01,-62.07,-62.16,-62.16,-62.1,-62.04,-62.01,-61.89,-61.8,-62.04,-62.01,-61.98,-61.77,-61.77,-62.01,-62.13,-61.92,-61.77,-62.16,-61.68,-62.04,-61.58,-62.01,-61.77,-61.86,-61.92,-61.61,-62.04,-61.83,-61.71,-62.07,-61.83,-61.61,-62.07,-62.07,-61.77,-61.58,-61.92,-62.1,-62.16,-62.07,-61.92,-61.83,-61.74,-61.71,-61.68,-61.74,-61.89,-61.98,-62.07,-62.04,-61.8,-61.83,-61.71,-61.89,-62.04,-61.98,-61.8,-61.74,-62.13,-61.61,-62.07,-61.71,-62.16,-61.71,-62.1,-61.83,-61.89,-62.04,-61.68,-62.07,-62.07,-61.68,-62.01,-62.1,-61.74,-61.74,-62.07,-62.13,-61.98,-61.74,-61.55,-61.74,-61.83,-61.92,-61.95,-62.01,-62.01,-61.98,-61.83,-61.68,-61.65,-61.68,-62.1,-61.65,-61.89,-62.07,-62.04,-61.83,-61.65,-62.04,-61.86,-61.83,-61.83,-61.77,-61.71,-61.83,-61.58,-62.01,-61.71,-61.8,-62.04,-61.65,-61.83,-62.04,-61.61,-61.65,-61.98,-61.98,-61.65,-61.55,-61.86,-61.98,-62.04,-61.89,-61.92,-61.86,-61.83,-61.83,-61.83,-61.89,-62.01,-62.04,-62.01,-61.95,-61.61,-61.98,-62.07,-61.89,-61.68,-61.71,-62.04,-61.89,-61.74,-61.98,-61.77,-62.1,-61.83,-61.86,-62.07,-61.68,-62.13,-61.83,-61.83,-62.1,-61.8,-61.77,-62.13,-61.92,-61.61,-61.8,-62.07,-62.1,-61.89,-61.71,-61.65,-61.71,-61.83,-61.92,-61.95,-61.92,-61.86,-61.8,-61.65,-61.65,-61.68,-61.95,-62.01,-62.19,-61.77,-61.74,-61.83,-62.13,-62.07,-61.74,-62.26,-61.68,-62.07,-61.68,-62.16,-61.71,-62.01,-61.92,-61.68,-62.07,-61.77,-61.8,-62.16,-61.83,-61.77,-62.07,-62.1,-61.83,-61.71,-61.92,-62.1,-62.13,-62.1,-61.98,-61.92,-61.95,-61.86,-61.83,-61.92,-61.95,-62.1,-62.19,-62.13,-61.74,-62.13,-62.07,-61.8,-61.77,-62.1,-62.23,-61.8,-62.07,-62.01,-62.01,-62.07,-62.1,-61.98,-62.23,-61.77,-62.16,-61.92,-61.98,-62.23,-61.8,-61.98,-62.35,-62.04,-61.74,-62.07,-62.23,-62.04,-61.8,-61.77,-61.83,-62.04,-62.1,-62.16,-62.23,-62.26,-62.26,-62.19,-62.19,-62.07,-62.04,-62.29,-62.1,-62.29,-61.95,-61.89,-62.1,-62.23,-62.19,-61.86,-62.29,-61.8,-62.19,-61.86,-62.26,-61.83,-62.23,-61.98,-61.98,-62.26,-61.89,-62.23,-62.29,-61.86,-62.1,-62.29,-62.13,-61.86,-62.1,-62.26,-62.32,-62.29,-62.07,-61.98,-61.92,-61.92,-61.95,-61.95,-62.04,-61.95,-61.98,-62.1,-62.16,-62.01,-62.41,-62.26,-62.01,-62.13,-62.32,-62.5,-62.16,-62.19,-62.41,-62.01,-62.56,-62.19,-62.41,-62.29,-62.29,-62.53,-62.07,-62.5,-62.38,-62.07,-62.62,-62.35,-62.07,-62.41,-62.56,-62.32,-62.1,-62.26,-62.47,-62.44,-62.47,-62.38,-62.29,-62.23,-62.1,-62.19,-62.26,-62.32,-62.38,-62.47,-62.41,-61.98,-62.47,-62.23,-62.04,-62.07,-62.26,-62.38,-62.07,-62.29,-62.26,-62.19,-62.23,-62.16,-62.1,-62.32,-61.95,-62.56,-62.19,-62.1,-62.44,-62.07,-62.19,-62.44,-62.19,-62.04,-62.29,-62.44,-62.41,-62.16,-62.1,-62.13,-62.29,-62.41,-62.47,-62.47,-62.47,-62.5,-62.47,-62.41,-62.23,-62.1,-62.38,-62.32,-62.5,-62.19,-62.13,-62.32,-62.53,-62.47,-62.13,-62.47,-62.16,-62.59,-62.32,-62.56,-62.19,-62.62,-62.35,-62.44,-62.56,-62.13,-62.44,-62.5,-62.19,-62.41,-62.59,-62.32,-62.16,-62.38,-62.59,-62.53,-62.41,-62.19,-62.13,-62.13,-62.19,-62.16,-62.19,-62.16,-62.13,-62.1,-62.13,-62.16,-62.23,-62.53,-62.47,-62.23,-62.16,-62.38,-62.59,-62.5,-62.19,-62.56,-62.16,-62.47,-62.07,-62.5,-62.26,-62.29,-62.41,-62.01,-62.44,-62.26,-62.04,-62.5,-62.35,-61.95,-62.35,-62.53,-62.26,-62.07,-62.16,-62.5,-62.56,-62.56,-62.44,-62.38,-62.29,-62.32,-62.35,-62.29,-62.41,-62.5,-62.53,-62.5,-62.13,-62.47,-62.29,-62.07,-62.19,-62.41,-62.53,-62.19,-62.44,-62.35,-62.38,-62.41,-62.47,-62.26,-62.59,-62.13,-62.56,-62.38,-62.1,-62.62,-62.32,-62.23,-62.65,-62.41,-62.13,-62.26,-62.5,-62.5,-62.41,-62.1,-62.07,-62.13,-62.26,-62.35,-62.38,-62.38,-62.35,-62.26,-62.16,-62.01,-62.07,-62.23,-62.5,-62.35,-62.07,-62.29,-62.53,-62.56,-62.19,-62.32,-62.47,-62.16,-62.53,-62.1,-62.41,-62.23,-62.19,-62.38,-61.95,-62.44,-62.26,-62.07,-62.5,-62.35,-61.98,-62.47,-62.53,-62.26,-62.1,-62.29,-62.53,-62.53,-62.41,-62.38,-62.32,-62.23,-62.26,-62.16,-62.32,-62.32,-62.5,-62.56,-62.53,-62.23,-62.56,-62.19,-62.26,-62.44,-62.62,-62.5,-62.13,-62.56,-62.32,-62.38,-62.38,-62.5,-62.23,-62.59,-62.16,-62.59,-62.41,-62.23,-62.65,-62.32,-62.32,-62.62,-62.44,-62.13,-62.5,-62.68,-62.5,-62.26,-62.13,-62.35,-62.47,-62.62,-62.65,-62.62,-62.59,-62.62,-62.65,-62.62,-62.62,-62.53,-62.59,-62.44,-62.53,-62.23,-62.26,-62.53,-62.65,-62.47,-62.26,-62.65,-62.23,-62.59,-62.16,-62.62,-62.16,-62.59,-62.41,-62.38,-62.56,-62.23,-62.53,-62.59,-62.19,-62.59,-62.62,-62.38,-62.19,-62.5,-62.65,-62.56,-62.32,-62.23,-62.23,-62.29,-62.35,-62.38,-62.38,-62.47,-62.35,-62.23,-62.26,-62.29,-62.26,-62.65,-62.38,-62.23,-62.44,-62.65,-62.65,-62.32,-62.44,-62.62,-62.29,-62.62,-62.38,-62.65,-62.53,-62.38,-62.65,-62.26,-62.65,-62.53,-62.29,-62.65,-62.56,-62.16,-62.65,-62.65,-62.41,-62.26,-62.5,-62.68,-62.74,-62.68,-62.59,-62.56,-62.38,-62.35,-62.32,-62.47,-62.53,-62.59,-62.68,-62.65,-62.29,-62.68,-62.38,-62.35,-62.56,-62.74,-62.71,-62.32,-62.68,-62.47,-62.59,-62.41,-62.56,-62.32,-62.65,-62.23,-62.68,-62.53,-62.35,-62.71,-62.38,-62.38,-62.71,-62.56,-62.29,-62.62,-62.77,-62.56,-62.29,-62.35,-62.56,-62.68,-62.74,-62.74,-62.74,-62.81,-62.68,-62.84,-62.77,-62.71,-62.65,-62.74,-62.65,-62.62,-62.38,-62.56,-62.71,-62.77,-62.62,-62.41,-62.81,-62.38,-62.84,-62.47,-62.87,-62.41,-62.71,-62.65,-62.53,-62.84,-62.47,-62.71,-62.77,-62.41,-62.71,-62.93,-62.62,-62.35,-62.65,-62.9,-62.84,-62.71,-62.47,-62.41,-62.47,-62.56,-62.59,-62.62,-62.53,-62.53,-62.44,-62.38,-62.44,-62.5,-62.87,-62.59,-62.5,-62.71,-62.9,-62.93,-62.56,-62.77,-62.84,-62.56,-62.84,-62.59,-62.77,-62.71,-62.5,-62.84,-62.35,-62.71,-62.65,-62.35,-62.77,-62.71,-62.41,-62.68,-62.87,-62.56,-62.35,-62.5,-62.74,-62.99,-62.77,-62.68,-62.56,-62.5,-62.53,-62.56,-62.56,-62.65,-62.84,-62.9,-62.87,-62.59,-62.84,-62.44,-62.59,-62.74,-62.87,-62.74,-62.41,-62.9,-62.65,-62.74,-62.59,-62.84,-62.53,-62.93,-62.44,-62.9,-62.77,-62.56,-62.96,-62.68,-62.65,-62.99,-62.81,-62.53,-62.84,-62.96,-62.81,-62.59,-62.53,-62.65,-62.81,-62.93,-62.93,-62.96,-62.96,-62.9,-62.93,-62.96,-62.87,-62.71,-62.87,-62.77,-62.71,-62.38,-62.56,-62.81,-62.99,-62.71,-62.56,-62.93,-62.56,-62.93,-62.41,-62.9,-62.47,-62.81,-62.65,-62.59,-62.87,-62.44,-62.77,-62.84,-62.44,-62.65,-62.99,-62.65,-62.47,-62.71,-62.9,-62.87,-62.74,-62.5,-62.44,-62.41,-62.56,-62.65,-62.62,-62.59,-62.44,-62.35,-62.41,-62.47,-62.44,-62.84,-62.5,-62.53,-62.71,-62.9,-62.81,-62.5,-62.71,-62.84,-62.53,-62.87,-62.59,-62.84,-62.77,-62.65,-62.84,-62.47,-62.84,-62.74,-62.47,-62.9,-62.81,-62.41,-62.74,-62.96,-62.68,-62.5,-62.59,-62.9,-62.9,-62.96,-62.87,-62.87,-62.77,-62.77,-62.71,-62.9,-62.84,-62.96,-62.99,-62.96,-62.65,-62.99,-62.56,-62.59,-62.81,-62.99,-62.87,-62.5,-62.93,-62.68,-62.84,-62.56,-62.77,-62.47,-62.87,-62.44,-62.74,-62.68,-62.47,-62.9,-62.65,-62.56,-62.84,-62.68,-62.5,-62.68,-62.93,-62.84,-62.59,-62.59,-62.59,-62.87,-62.9,-62.93,-63.02,-63.02,-63.02,-62.96,-62.87,-62.84,-62.74,-62.87,-62.87,-62.68,-62.53,-62.71,-62.96,-62.99,-62.59,-62.56,-62.9,-62.5,-62.93,-62.59,-62.96,-62.56,-62.84,-62.87,-62.5,-62.93,-62.68,-62.68,-62.99,-62.65,-62.56,-62.96,-62.87,-62.5,-62.56,-62.84,-62.99,-62.93,-62.77,-62.59,-62.53,-62.5,-62.53,-62.47,-62.41,-62.5,-62.53,-62.68,-62.71,-62.5,-62.9,-62.56,-62.62,-62.87,-62.93,-62.71,-62.44,-62.9,-62.71,-62.68,-62.59,-62.68,-62.44,-62.77,-62.35,-62.81,-62.59,-62.44,-62.81,-62.44,-62.56,-62.87,-62.56,-62.38,-62.74,-62.87,-62.62,-62.38,-62.44,-62.71,-62.84,-62.96,-62.93,-62.81,-62.93,-62.77,-62.93,-62.9,-62.93,-62.9,-62.84,-62.81,-62.65,-62.59,-62.9,-62.96,-62.93,-62.56,-62.65,-62.93,-62.44,-62.87,-62.56,-63.02,-62.53,-62.9,-62.71,-62.68,-62.9,-62.47,-62.84,-62.87,-62.44,-62.81,-62.99,-62.59,-62.5,-62.77,-62.96,-62.87,-62.56,-62.44,-62.41,-62.5,-62.59,-62.65,-62.65,-62.68,-62.68,-62.56,-62.47,-62.47,-62.44,-62.93,-62.53,-62.68,-62.9,-62.93,-62.74,-62.56,-62.87,-62.81,-62.68,-62.81,-62.56,-62.74,-62.77,-62.5,-62.93,-62.47,-62.77,-62.71,-62.44,-62.9,-62.74,-62.41,-62.74,-62.9,-62.71,-62.41,-62.68,-62.77,-62.93,-62.84,-62.65,-62.53,-62.44,-62.41,-62.44,-62.5,-62.44,-62.56,-62.68,-62.81,-62.53,-62.81,-62.53,-62.68,-62.9,-62.96,-62.77,-62.47,-62.9,-62.71,-62.81,-62.81,-62.9,-62.62,-62.93,-62.5,-62.99,-62.65,-62.68,-62.93,-62.53,-62.77,-63.02,-62.53,-62.62,-62.93,-62.9,-62.59,-62.47,-62.84,-62.9,-62.96,-62.93,-62.96,-62.9,-62.81,-62.9,-62.9,-62.93,-62.9,-62.99,-62.96,-62.68,-62.9,-62.59,-62.62,-62.87,-62.99,-62.77,-62.56,-62.93,-62.65,-62.84,-62.5,-62.81,-62.47,-62.87,-62.5,-62.87,-62.77,-62.47,-62.9,-62.62,-62.56,-62.96,-62.74,-62.53,-62.74,-63.02,-62.9,-62.62,-62.44,-62.71,-62.84,-62.93,-62.96,-62.93,-62.99,-63.02,-63.02,-62.96,-62.87,-62.71,-62.87,-62.81,-62.9,-62.5,-62.59,-62.77,-62.93,-62.84,-62.47,-62.96,-62.5,-63.02,-62.59,-62.93,-62.56,-62.96,-62.62,-62.77,-62.81,-62.47,-62.84,-62.77,-62.44,-62.87,-62.9,-62.62,-62.47,-62.81,-62.96,-62.84,-62.68,-62.5,-62.47,-62.59,-62.71,-62.74,-62.74,-62.77,-62.65,-62.59,-62.44,-62.44,-62.74,-62.84,-62.77,-62.53,-62.53,-62.71,-62.9,-62.77,-62.5,-62.84,-62.41,-62.99,-62.62,-63.17,-62.81,-63.08,-63.17,-62.87,-63.32,-62.96,-63.17,-63.42,-63.08,-63.29,-63.48,-63.32,-63.11,-63.29,-63.66,-63.69,-63.48,-63.35,-63.32,-63.32,-63.39,-63.48,-63.48,-63.39,-63.42,-63.45,-63.54,-63.54,-63.78,-63.72,-64.03,-63.9,-63.75,-63.69,-63.96,-64.12,-63.69,-64.09,-63.96,-64.18,-64.03,-64.27,-63.93,-64.39,-64.0,-64.24,-64.3,-64.03,-64.42,-64.24,-64.03,-64.51,-64.45,-64.12,-64.21,-64.48,-64.61,-64.42,-64.24,-64.15,-64.24,-64.3,-64.36,-64.51,-64.48,-64.42,-64.36,-64.3,-64.24,-64.36,-64.79,-64.42,-64.45,-64.67,-64.79,-64.79,-64.42,-64.64,-64.88,-64.45,-64.82,-64.45,-64.88,-64.61,-64.61,-64.76,-64.42,-64.91,-64.7,-64.67,-65.03,-64.67,-64.64,-65.0,-64.88,-64.64,-64.85,-65.06,-65.09,-64.94,-64.73,-64.73,-64.82,-64.82,-64.91,-64.88,-64.88,-64.82,-64.94,-65.12,-65.22,-65.19,-65.0,-65.19,-65.25,-65.19,-64.88,-65.12,-65.28,-64.91,-65.34,-65.09,-65.46,-65.06,-65.49,-65.09,-65.4,-65.4,-65.06,-65.52,-65.34,-65.16,-65.49,-65.37,-65.16,-65.34,-65.49,-65.49,-65.31,-65.16,-65.22,-65.34,-65.55,-65.61,-65.64,-65.67,-65.67,-65.7,-65.73,-65.61,-65.43,-65.34,-65.34,-65.67,-65.34,-65.83,-65.73,-65.49,-65.37,-65.64,-65.86,-65.43,-65.8,-65.4,-65.8,-65.4,-65.8,-65.52,-65.58,-65.77,-65.4,-65.83,-65.7,-65.49,-65.83,-65.92,-65.61,-65.58,-65.95,-65.98,-65.61,-65.67,-65.95,-65.98,-65.7,-65.61,-65.8,-65.95,-66.01,-66.07,-66.16,-66.13,-66.19,-66.13,-66.1,-65.67,-66.04,-66.16,-66.01,-65.77,-65.83,-66.04,-66.16,-65.77,-66.25,-65.89,-66.22,-65.95,-66.22,-65.86,-66.35,-65.83,-66.22,-66.1,-65.98,-66.35,-66.04,-66.19,-66.38,-66.04,-65.98,-66.31,-66.38,-66.04,-65.95,-66.01,-66.38,-66.38,-66.44,-66.41,-66.44,-66.38,-66.38,-66.38,-66.38,-66.41,-66.22,-66.31,-66.07,-66.22,-66.38,-66.47,-66.47,-66.16,-66.28,-66.5,-66.04,-66.47,-66.07,-66.53,-66.16,-66.53,-66.28,-66.5,-66.44,-66.25,-66.68,-66.28,-66.44,-66.71,-66.38,-66.35,-66.68,-66.65,-66.28,-66.35,-66.56,-66.74,-66.74,-66.62,-66.5,-66.47,-66.41,-66.44,-66.41,-66.47,-66.53,-66.47,-66.56,-66.65,-66.83,-66.71,-66.62,-66.35,-66.47,-66.8,-66.68,-66.53,-66.86,-66.47,-66.89,-66.41,-66.77,-66.44,-66.68,-66.68,-66.44,-66.86,-66.44,-66.65,-66.86,-66.53,-66.68,-66.89,-66.74,-66.47,-66.77,-66.89,-66.93,-66.68,-66.5,-66.53,-66.5,-66.59,-66.53,-66.62,-66.59,-66.59,-66.56,-66.8,-66.93,-67.02,-66.65,-66.59,-66.74,-66.93,-67.05,-66.74,-66.83,-67.05,-66.59,-67.02,-66.59,-67.08,-66.65,-66.99,-66.83,-66.8,-67.05,-66.68,-67.11,-66.96,-66.74,-67.08,-67.08,-66.68,-66.99,-67.23,-67.14,-66.86,-66.86,-66.89,-67.08,-67.29,-67.29,-67.23,-67.32,-67.29,-67.29,-67.29,-67.32,-67.2,-67.11,-66.93,-67.14,-67.32,-67.32,-67.32,-66.99,-67.2,-67.32,-66.99,-67.47,-67.02,-67.41,-67.02,-67.41,-67.08,-67.38,-67.2,-67.08,-67.44,-67.05,-67.32,-67.35,-66.99,-67.26,-67.44,-67.23,-67.02,-67.2,-67.41,-67.38,-67.29,-67.11,-67.05,-66.96,-66.99,-67.05,-66.99,-67.02,-66.99,-67.05,-67.41,-66.99,-67.32,-67.44,-67.41,-67.29,-67.11,-67.23,-67.44,-67.14,-67.38,-67.17,-67.35,-67.11,-67.44,-66.99,-67.47,-67.05,-67.38,-67.32,-67.05,-67.5,-67.44,-67.11,-67.54,-67.44,-67.14,-67.26,-67.54,-67.5,-67.32,-67.2,-67.2,-67.2,-67.29,-67.44,-67.41,-67.47,-67.44,-67.35,-67.26,-67.6,-67.35,-67.66,-67.47,-67.29,-67.23,-67.32,-67.57,-67.54,-67.17,-67.66,-67.32,-67.66,-67.38,-67.66,-67.35,-67.66,-67.26,-67.72,-67.47,-67.5,-67.72,-67.32,-67.6,-67.69,-67.35,-67.47,-67.72,-67.6,-67.32,-67.35,-67.6,-67.78,-67.78,-67.63,-67.54,-67.41,-67.44,-67.44,-67.57,-67.54,-67.47,-67.29,-67.75,-67.66,-67.35,-67.35,-67.44,-67.69,-67.81,-67.38,-67.57,-67.6,-67.44,-67.69,-67.44,-67.69,-67.54,-67.63,-67.75,-67.41,-67.78,-67.35,-67.6,-67.81,-67.41,-67.69,-67.84,-67.5,-67.38,-67.75,-67.84,-67.75,-67.54,-67.35,-67.5,-67.66,-67.72,-67.75,-67.87,-67.87,-67.72,-67.75,-67.9,-67.81,-67.75,-67.54,-67.57,-67.75,-67.84,-68.02,-67.81,-67.57,-68.02,-67.6,-68.02,-67.66,-67.99,-67.63,-68.05,-67.57,-67.99,-67.78,-67.84,-67.99,-67.6,-68.02,-68.02,-67.81,-67.9,-68.08,-67.9,-67.6,-67.81,-68.02,-68.08,-68.05,-67.87,-67.81,-67.75,-67.66,-67.69,-67.78,-67.75,-67.75,-67.6,-68.05,-67.75,-67.69,-67.84,-67.93,-68.08,-67.99,-67.72,-68.05,-67.93,-67.84,-67.93,-67.81,-67.93,-67.96,-67.84,-68.08,-67.66,-68.08,-67.84,-67.87,-68.18,-67.69,-67.9,-68.21,-67.99,-67.78,-68.02,-68.27,-68.21,-67.96,-67.78,-67.81,-68.02,-68.05,-68.08,-68.21,-68.18,-68.15,-68.21,-68.18,-68.3,-67.84,-67.96,-68.15,-68.24,-68.3,-68.15,-67.87,-68.12,-68.24,-67.9,-68.39,-67.9,-68.27,-67.96,-68.39,-68.12,-68.12,-68.27,-67.93,-68.36,-68.08,-68.12,-68.33,-67.96,-68.08,-68.45,-68.21,-67.93,-68.02,-68.27,-68.3,-68.24,-68.12,-67.99,-67.87,-67.96,-67.93,-67.93,-67.99,-67.99,-67.96,-68.36,-68.05,-68.24,-68.39,-68.39,-68.36,-68.08,-68.12,-68.39,-68.05,-68.27,-68.15,-68.21,-68.18,-68.3,-68.05,-68.3,-67.93,-68.39,-68.15,-68.21,-68.36,-67.99,-68.24,-68.36,-68.02,-68.12,-68.48,-68.36,-68.08,-67.99,-68.15,-68.33,-68.45,-68.48,-68.45,-68.45,-68.51,-68.48,-68.51,-68.48,-68.42,-68.12,-68.3,-68.48,-68.51,-68.45,-68.21,-68.12,-68.48,-68.39,-68.12,-68.57,-68.12,-68.57,-68.15,-68.51,-68.21,-68.51,-68.33,-68.21,-68.6,-68.27,-68.42,-68.6,-68.3,-68.33,-68.66,-68.48,-68.18,-68.27,-68.48,-68.63,-68.51,-68.39,-68.3,-68.18,-68.18,-68.18,-68.12,-68.12,-68.21,-68.24,-68.42,-68.45,-68.63,-68.45,-68.3,-68.24,-68.42,-68.6,-68.45,-68.33,-68.6,-68.15,-68.63,-68.15,-68.57,-68.21,-68.54,-68.36,-68.33,-68.57,-68.18,-68.6,-68.39,-68.18,-68.57,-68.54,-68.21,-68.42,-68.63,-68.63,-68.42,-68.21,-68.27,-68.42,-68.54,-68.54,-68.6,-68.66,-68.7,-68.63,-68.6,-68.66,-68.54,-68.7,-68.3,-68.27,-68.48,-68.6,-68.73,-68.51,-68.36,-68.82,-68.36,-68.82,-68.36,-68.79,-68.39,-68.79,-68.3,-68.79,-68.51,-68.6,-68.73,-68.33,-68.76,-68.66,-68.39,-68.73,-68.82,-68.51,-68.36,-68.63,-68.73,-68.85,-68.66,-68.54,-68.45,-68.36,-68.39,-68.33,-68.33,-68.36,-68.39,-68.39,-68.76,-68.51,-68.39,-68.51,-68.63,-68.82,-68.82,-68.51,-68.73,-68.73,-68.48,-68.73,-68.45,-68.73,-68.54,-68.57,-68.63,-68.51,-68.79,-68.39,-68.63,-68.7,-68.3,-68.66,-68.76,-68.42,-68.48,-68.82,-68.76,-68.6,-68.42,-68.45,-68.57,-68.66,-68.76,-68.79,-68.85,-68.79,-68.82,-68.79,-68.79,-68.79,-68.51,-68.45,-68.7,-68.79,-68.85,-68.76,-68.42,-68.54,-68.85,-68.48,-68.88,-68.48,-68.85,-68.45,-69.0,-68.51,-68.85,-68.63,-68.57,-68.94,-68.48,-68.79,-68.88,-68.48,-68.76,-68.91,-68.63,-68.48,-68.63,-68.94,-68.91,-68.76,-68.63,-68.48,-68.45,-68.39,-68.48,-68.45,-68.51,-68.51,-68.45,-68.85,-68.42,-68.73,-68.85,-68.88,-68.79,-68.51,-68.54,-68.82,-68.45,-68.76,-68.45,-68.57,-68.51,-68.76,-68.45,-68.82,-68.36,-68.82,-68.54,-68.57,-68.85,-68.45,-68.63,-68.79,-68.54,-68.42,-68.76,-68.88,-68.76,-68.51,-68.42,-68.48,-68.66,-68.82,-68.85,-68.94,-68.88,-68.85,-68.85,-68.76,-68.85,-68.42,-68.73,-68.88,-68.79,-68.7,-68.45,-68.51,-68.88,-68.54,-68.73,-68.82,-68.63,-68.79,-68.7,-68.79,-68.85,-68.63,-68.94,-68.42,-68.97,-68.73,-68.7,-68.94,-68.7,-68.6,-68.91,-68.88,-68.54,-68.6,-68.85,-69.0,-68.91,-68.88,-68.66,-68.54,-68.6,-68.63,-68.51,-68.51,-68.6,-68.48,-68.76,-68.82,-68.97,-68.88,-68.7,-68.54,-68.57,-68.91,-68.85,-68.51,-68.88
Sweep_8,50.0,-67.93,-68.12,-68.36,-68.33,-68.15,-67.9,-67.93,-68.08,-68.18,-68.3,-68.39,-68.36,-68.36,-68.27,-68.24,-68.45,-68.12,-68.42,-68.33,-68.15,-68.02,-68.12,-68.39,-68.48,-68.05,-68.42,-68.18,-68.42,-68.15,-68.48,-68.05,-68.48,-68.08,-68.45,-68.27,-68.18,-68.48,-68.18,-68.27,-68.51,-68.15,-68.12,-68.42,-68.48,-68.18,-67.96,-68.18,-68.39,-68.51,-68.54,-68.45,-68.45,-68.48,-68.42,-68.39,-68.45,-68.48,-68.05,-68.51,-68.24,-68.08,-68.12,-68.33,-68.45,-68.42,-68.02,-68.42,-68.21,-68.27,-68.24,-68.33,-68.21,-68.39,-68.08,-68.42,-68.15,-68.39,-68.36,-68.08,-68.54,-68.33,-68.05,-68.48,-68.48,-68.12,-68.08,-68.39,-68.54,-68.48,-68.36,-68.12,-68.08,-68.08,-68.05,-68.05,-68.02,-68.05,-68.05,-68.08,-68.54,-68.12,-68.18,-68.39,-68.51,-68.48,-68.39,-68.05,-68.42,-68.36,-68.27,-68.57,-68.27,-68.54,-68.36,-68.39,-68.51,-68.21,-68.63,-68.21,-68.42,-68.51,-68.15,-68.42,-68.51,-68.15,-68.21,-68.54,-68.45,-68.18,-68.08,-68.12,-68.39,-68.45,-68.57,-68.54,-68.51,-68.54,-68.54,-68.51,-68.54,-68.45,-68.15,-68.33,-68.48,-68.54,-68.42,-68.24,-68.12,-68.45,-68.36,-68.15,-68.63,-68.08,-68.45,-68.12,-68.45,-68.3,-68.24,-68.42,-68.08,-68.48,-68.27,-68.15,-68.51,-68.15,-68.12,-68.48,-68.54,-68.21,-68.12,-68.33,-68.54,-68.54,-68.48,-68.36,-68.3,-68.27,-68.21,-68.18,-68.3,-68.36,-68.3,-68.15,-68.45,-68.42,-68.42,-68.18,-68.15,-68.33,-68.6,-68.39,-68.33,-68.57,-68.3,-68.63,-68.27,-68.57,-68.39,-68.54,-68.54,-68.3,-68.7,-68.3,-68.48,-68.57,-68.18,-68.51,-68.63,-68.33,-68.21,-68.54,-68.6,-68.54,-68.24,-68.18,-68.18,-68.15,-68.27,-68.33,-68.33,-68.3,-68.27,-68.21,-68.36,-68.48,-68.39,-68.08,-68.3,-68.36,-68.48,-68.57,-68.21,-68.42,-68.51,-68.05,-68.48,-68.08,-68.51,-68.15,-68.42,-68.3,-68.27,-68.42,-68.05,-68.51,-68.3,-68.12,-68.48,-68.45,-68.12,-68.39,-68.54,-68.42,-68.21,-68.08,-68.39,-68.51,-68.57,-68.6,-68.6,-68.57,-68.57,-68.54,-68.6,-68.6,-68.45,-68.27,-68.33,-68.48,-68.57,-68.54,-68.36,-68.12,-68.48,-68.54,-68.21,-68.63,-68.21,-68.6,-68.21,-68.6,-68.3,-68.48,-68.63,-68.24,-68.63,-68.3,-68.42,-68.6,-68.3,-68.3,-68.57,-68.51,-68.15,-68.24,-68.51,-68.6,-68.51,-68.39,-68.21,-68.12,-68.12,-68.15,-68.12,-68.12,-68.15,-68.12,-68.45,-68.33,-68.6,-68.48,-68.39,-68.24,-68.08,-68.45,-68.51,-68.05,-68.54,-68.02,-68.45,-68.12,-68.45,-68.05,-68.48,-68.05,-68.39,-68.36,-67.99,-68.51,-68.24,-68.15,-68.51,-68.27,-68.05,-68.42,-68.54,-68.39,-68.15,-68.12,-68.24,-68.45,-68.48,-68.54,-68.57,-68.57,-68.54,-68.51,-68.51,-68.54,-68.15,-68.48,-68.45,-68.15,-68.18,-68.15,-68.42,-68.51,-68.15,-68.45,-68.27,-68.45,-68.42,-68.39,-68.27,-68.42,-68.21,-68.48,-68.18,-68.6,-68.39,-68.12,-68.57,-68.36,-68.08,-68.51,-68.54,-68.24,-68.21,-68.48,-68.54,-68.51,-68.36,-68.33,-68.21,-68.05,-68.15,-68.15,-68.15,-68.18,-68.18,-68.18,-68.51,-68.36,-68.15,-68.15,-68.3,-68.51,-68.51,-68.15,-68.42,-68.33,-68.21,-68.36,-68.27,-68.27,-68.3,-68.15,-68.45,-67.99,-68.42,-68.36,-68.02,-68.33,-68.51,-68.21,-68.05,-68.21,-68.45,-68.54,-68.42,-68.27,-67.99,-68.02,-68.08,-68.15,-68.15,-68.18,-68.12,-68.12,-67.99,-67.99,-68.02,-68.33,-68.18,-68.39,-68.27,-68.12,-68.08,-68.3,-68.48,-68.02,-68.39,-68.08,-68.42,-68.18,-68.42,-68.02,-68.48,-68.18,-68.33,-68.42,-68.05,-68.36,-68.3,-67.93,-68.21,-68.36,-68.12,-67.9,-68.18,-68.39,-68.33,-68.27,-67.99,-67.96,-67.9,-67.9,-67.9,-67.87,-67.87,-67.84,-67.96,-68.08,-67.84,-68.18,-67.96,-68.27,-68.33,-68.15,-67.9,-68.02,-68.3,-67.87,-68.15,-68.08,-67.78,-68.27,-67.78,-68.21,-67.78,-68.21,-67.84,-68.27,-67.84,-68.18,-68.05,-67.84,-68.3,-68.15,-67.87,-68.18,-68.27,-68.08,-67.84,-67.9,-68.21,-68.27,-68.33,-68.33,-68.24,-68.27,-68.12,-68.21,-68.21,-68.24,-67.93,-68.27,-67.93,-67.9,-68.05,-68.15,-68.27,-68.24,-67.81,-68.21,-68.08,-68.15,-68.27,-68.02,-68.24,-68.08,-68.18,-68.3,-67.96,-68.27,-67.9,-68.24,-68.21,-67.9,-68.33,-68.21,-67.81,-67.99,-68.3,-68.18,-67.93,-67.81,-67.93,-68.08,-68.24,-68.24,-68.27,-68.24,-68.27,-68.21,-68.21,-68.18,-67.81,-68.18,-68.02,-67.87,-67.75,-67.81,-68.15,-68.18,-67.84,-68.12,-68.08,-67.81,-68.05,-67.87,-68.02,-67.93,-67.93,-68.05,-67.75,-68.15,-67.81,-67.96,-68.15,-67.93,-68.02,-68.27,-67.99,-67.81,-68.08,-68.24,-68.18,-67.9,-67.75,-67.81,-67.96,-68.05,-68.12,-68.12,-68.21,-68.08,-68.05,-68.21,-67.93,-68.27,-68.05,-67.87,-67.84,-67.84,-68.12,-68.24,-67.84,-68.18,-68.02,-68.18,-68.15,-68.15,-68.05,-68.18,-67.87,-68.21,-67.93,-68.27,-68.05,-67.9,-68.3,-67.96,-67.87,-68.21,-68.05,-67.75,-67.93,-68.18,-68.18,-68.05,-67.87,-67.78,-67.75,-67.78,-67.75,-67.81,-67.78,-67.72,-67.75,-68.12,-67.84,-68.15,-68.05,-68.12,-67.78,-67.72,-68.05,-68.15,-67.72,-68.02,-67.84,-67.93,-67.84,-68.08,-67.81,-68.08,-67.66,-68.18,-67.78,-67.96,-68.02,-67.69,-68.12,-68.02,-67.66,-68.05,-68.12,-67.9,-67.72,-67.9,-68.12,-68.24,-68.18,-68.08,-67.96,-67.9,-67.81,-67.84,-67.87,-67.9,-67.81,-67.96,-67.93,-68.12,-68.12,-68.08,-67.9,-67.78,-67.99,-68.18,-67.78,-68.21,-68.02,-68.18,-68.05,-68.27,-67.96,-68.24,-67.96,-68.33,-67.93,-68.18,-68.27,-67.87,-68.3,-68.24,-67.81,-68.12,-68.33,-68.15,-67.87,-67.96,-68.24,-68.3,-68.3,-68.18,-68.05,-67.96,-67.93,-67.93,-68.02,-67.93,-67.87,-68.27,-67.84,-68.02,-68.15,-68.3,-68.24,-68.05,-67.84,-68.24,-67.93,-68.12,-68.05,-68.05,-68.08,-68.02,-67.9,-68.15,-67.84,-68.21,-67.81,-68.12,-68.12,-67.78,-68.18,-68.18,-67.81,-68.02,-68.24,-68.12,-67.75,-67.9,-68.05,-68.21,-68.3,-68.27,-68.21,-68.15,-68.15,-68.15,-68.18,-68.18,-67.81,-68.21,-67.81,-67.84,-67.96,-68.05,-68.27,-68.15,-67.84,-68.18,-68.18,-68.05,-68.33,-67.96,-68.39,-67.99,-68.18,-68.12,-67.93,-68.33,-67.87,-68.27,-68.18,-67.84,-68.27,-68.18,-67.84,-68.02,-68.21,-68.15,-67.84,-67.75,-67.96,-68.18,-68.27,-68.18,-68.21,-68.21,-68.18,-68.12,-68.24,-68.12,-67.75,-68.15,-68.05,-67.84,-67.66,-67.81,-68.02,-68.21,-67.9,-67.93,-68.05,-67.84,-68.08,-67.81,-68.08,-67.9,-67.96,-68.12,-67.78,-68.15,-67.69,-68.05,-68.05,-67.72,-68.02,-68.15,-67.84,-67.81,-68.21,-68.18,-67.99,-67.84,-67.78,-67.93,-68.05,-68.12,-68.18,-68.18,-68.27,-68.18,-68.15,-68.27,-67.81,-68.27,-68.15,-68.05,-67.87,-67.81,-68.05,-68.27,-67.9,-68.15,-68.21,-68.05,-68.27,-68.02,-68.24,-68.12,-68.12,-68.21,-67.93,-68.39,-67.93,-68.12,-68.27,-67.93,-68.24,-68.27,-67.93,-67.87,-68.18,-68.3,-68.18,-67.96,-67.81,-67.87,-68.05,-68.08,-68.15,-68.18,-68.18,-68.15,-68.12,-68.27,-67.78,-68.05,-68.24,-68.18,-68.18,-67.93,-67.87,-68.15,-68.05,-67.84,-68.12,-67.75,-68.18,-67.78,-68.08,-67.9,-68.02,-68.08,-67.78,-68.21,-67.81,-68.02,-68.18,-67.81,-67.99,-68.27,-68.02,-67.81,-68.05,-68.27,-68.21,-68.08,-67.87,-67.84,-67.78,-67.84,-67.87,-67.75,-67.75,-67.78,-67.9,-68.21,-67.81,-67.93,-68.08,-68.21,-68.21,-68.12,-67.81,-68.18,-68.21,-67.84,-68.33,-67.9,-68.24,-67.9,-68.27,-67.99,-68.08,-68.08,-67.9,-68.33,-67.99,-67.99,-68.33,-67.93,-67.9,-68.24,-68.18,-67.81,-67.9,-68.18,-68.24,-68.3,-68.15,-67.99,-67.93,-67.87,-67.84,-67.87,-67.93,-67.93,-67.84,-68.27,-67.84,-67.9,-68.05,-68.21,-68.27,-68.18,-67.9,-68.18,-68.15,-67.93,-68.15,-67.84,-68.18,-67.93,-68.15,-68.05,-67.96,-68.24,-67.78,-68.21,-68.02,-67.9,-68.24,-68.05,-67.87,-68.24,-67.35,-66.8,-66.38,-66.31,-66.25,-66.22,-65.98,-65.86,-65.67,-65.52,-65.43,-65.25,-65.12,-65.0,-64.73,-64.33,-64.3,-64.42,-64.21,-63.93,-63.6,-63.75,-63.78,-63.23,-63.66,-63.05,-63.39,-62.9,-63.11,-62.87,-62.65,-62.77,-62.35,-62.5,-62.47,-62.01,-62.23,-62.19,-61.74,-61.68,-61.86,-61.8,-61.55,-61.19,-61.07,-61.1,-61.1,-61.16,-61.1,-61.07,-60.85,-60.7,-60.61,-60.49,-60.12,-60.12,-60.36,-59.75,-60.06,-60.03,-59.94,-59.48,-59.36,-59.69,-59.36,-59.36,-59.23,-59.05,-58.93,-59.02,-58.56,-58.93,-58.38,-58.65,-58.59,-58.04,-58.32,-58.26,-57.83,-57.95,-58.07,-57.77,-57.4,-57.56,-57.65,-57.68,-57.56,-57.4,-57.19,-56.95,-56.85,-56.76,-56.64,-56.61,-56.58,-56.7,-56.61,-56.4,-56.03,-56.21,-56.24,-55.97,-55.69,-55.57,-55.79,-55.73,-55.33,-55.63,-55.27,-55.57,-55.15,-55.21,-55.05,-54.81,-55.08,-54.6,-54.66,-54.78,-54.26,-54.44,-54.5,-54.08,-53.89,-54.17,-54.14,-53.86,-53.56,-53.44,-53.38,-53.5,-53.47,-53.47,-53.41,-53.34,-53.25,-53.13,-53.01,-52.76,-52.55,-52.8,-52.58,-52.61,-52.31,-51.97,-51.94,-52.12,-52.09,-51.64,-51.94,-51.42,-51.67,-51.18,-51.54,-50.9,-51.15,-50.93,-50.6,-50.9,-50.54,-50.35,-50.6,-50.29,-49.96,-50.2,-50.08,-49.74,-49.44,-49.5,-49.53,-49.44,-49.26,-49.01,-48.77,-48.55,-48.22,-47.91,-47.67,-47.52,-47.49,-47.3,-47.0,-46.26,-46.39,-45.59,-44.92,-44.37,-36.71,-0.46,39.37,42.76,31.04,15.59,0.79,-15.23,-30.03,-41.78,-49.22,-53.01,-55.91,-57.19,-58.17,-58.81,-58.59,-58.84,-59.05,-58.69,-58.44,-58.47,-58.5,-58.29,-58.01,-57.65,-57.43,-57.22,-57.01,-56.85,-56.64,-56.49,-56.21,-56.09,-56.06,-55.97,-55.6,-55.79,-55.39,-55.54,-55.51,-55.24,-54.87,-54.84,-54.99,-54.57,-54.81,-54.26,-54.44,-54.02,-54.35,-53.89,-53.96,-54.02,-53.56,-53.89,-53.62,-53.28,-53.56,-53.56,-53.13,-53.16,-53.28,-53.31,-53.04,-52.83,-52.7,-52.8,-52.89,-52.89,-52.89,-52.8,-52.67,-52.55,-52.43,-52.28,-52.09,-52.03,-52.28,-52.03,-52.25,-51.97,-51.7,-51.73,-51.88,-51.91,-51.45,-51.82,-51.54,-51.76,-51.39,-51.73,-51.21,-51.57,-51.36,-51.15,-51.42,-51.03,-51.12,-51.21,-50.84,-50.72,-50.99,-50.9,-50.57,-50.38,-50.57,-50.69,-50.66,-50.48,-50.35,-50.14,-50.05,-49.96,-49.93,-49.96,-49.96,-50.02,-50.11,-49.93,-49.44,-49.87,-49.56,-49.35,-49.38,-49.56,-49.53,-49.07,-49.38,-49.19,-49.1,-49.01,-49.1,-48.77,-49.1,-48.52,-48.92,-48.83,-48.37,-48.77,-48.52,-48.25,-48.52,-48.37,-47.97,-48.07,-48.31,-48.19,-47.82,-47.55,-47.42,-47.55,-47.64,-47.61,-47.55,-47.49,-47.36,-47.27,-47.12,-46.84,-46.66,-46.69,-46.97,-46.51,-46.33,-46.48,-46.51,-46.42,-46.02,-46.26,-46.17,-45.87,-46.26,-45.93,-45.99,-45.84,-45.53,-45.75,-45.23,-45.47,-45.35,-44.86,-45.17,-45.04,-44.49,-44.62,-44.77,-44.53,-44.1,-43.95,-44.13,-43.98,-43.82,-43.49,-43.24,-42.94,-42.69,-42.57,-42.3,-41.96,-41.78,-41.53,-41.17,-40.5,-39.46,-32.56,-9.95,26.06,39.89,36.32,25.27,13.15,1.13,-11.66,-23.99,-34.39,-42.3,-46.88,-50.38,-52.19,-53.53,-54.57,-54.57,-55.3,-55.48,-55.18,-55.42,-55.6,-55.27,-54.93,-55.15,-55.24,-55.11,-54.84,-54.63,-54.32,-54.05,-53.8,-53.62,-53.5,-53.34,-53.22,-53.19,-53.19,-52.95,-52.7,-52.86,-52.73,-52.46,-52.15,-52.19,-52.4,-52.15,-51.91,-52.12,-51.7,-52.09,-51.61,-51.85,-51.67,-51.51,-51.67,-51.21,-51.48,-51.39,-50.96,-51.27,-51.15,-50.72,-50.81,-51.09,-50.96,-50.57,-50.38,-50.48,-50.6,-50.63,-50.6,-50.51,-50.48,-50.35,-50.32,-50.23,-50.2,-50.11,-50.05,-50.02,-49.56,-49.9,-49.77,-49.44,-49.41,-49.71,-49.74,-49.38,-49.47,-49.38,-49.29,-49.16,-49.19,-48.95,-49.22,-48.77,-49.1,-49.01,-48.65,-48.98,-48.71,-48.46,-48.74,-48.58,-48.19,-48.37,-48.65,-48.58,-48.4,-48.1,-48.0,-47.91,-48.1,-48.16,-48.07,-48.1,-47.94,-47.88,-47.67,-47.55,-47.55,-47.79,-47.82,-47.76,-47.49,-47.36,-47.49,-47.67,-47.49,-47.24,-47.52,-47.0,-47.39,-46.97,-47.3,-46.88,-46.97,-47.0,-46.54,-46.91,-46.69,-46.33,-46.66,-46.48,-46.11,-46.14,-46.48,-46.23,-45.9,-45.78,-45.93,-46.14,-46.08,-45.93,-45.84,-45.75,-45.65,-45.56,-45.56,-45.47,-45.41,-45.38,-45.29,-44.95,-45.23,-44.74,-44.8,-45.01,-45.1,-44.89,-44.53,-44.8,-44.31,-44.59,-44.1,-44.31,-43.82,-44.13,-43.64,-43.7,-43.79,-43.33,-43.55,-43.49,-43.06,-43.3,-43.21,-42.94,-42.79,-42.91,-43.0,-42.85,-42.54,-42.27,-42.21,-42.05,-41.96,-41.84,-41.5,-41.29,-40.83,-40.62,-40.62,-40.56,-40.44,-40.65,-39.95,-39.92,-40.01,-40.07,-39.7,-39.25,-39.34,-38.91,-38.6,-38.42,-37.57,-36.38,-27.07,-7.29,21.45,35.71,34.82,27.13,17.43,6.71,-4.52,-15.81,-26.25,-34.91,-41.56,-45.9,-48.58,-50.23,-51.42,-52.31,-53.07,-53.5,-53.83,-54.08,-54.2,-54.11,-53.99,-53.83,-53.68,-53.62,-53.83,-53.53,-53.65,-53.44,-53.04,-52.86,-53.04,-53.01,-52.58,-52.73,-52.31,-52.46,-52.06,-52.37,-51.88,-52.15,-51.82,-51.76,-51.85,-51.39,-51.61,-51.61,-51.15,-51.36,-51.48,-51.21,-50.87,-50.96,-51.15,-51.12,-50.93,-50.69,-50.57,-50.45,-50.32,-50.26,-50.23,-50.2,-50.14,-50.26,-50.35,-50.11,-49.93,-50.14,-50.2,-49.87,-49.68,-49.71,-49.96,-49.84,-49.5,-49.9,-49.38,-49.8,-49.35,-49.68,-49.44,-49.47,-49.59,-49.13,-49.44,-49.32,-48.98,-49.19,-49.19,-48.77,-48.92,-49.13,-48.98,-48.61,-48.58,-48.77,-48.89,-48.83,-48.83,-48.71,-48.68,-48.65,-48.61,-48.58,-48.71,-48.61,-48.58,-48.55,-48.03,-48.46,-48.4,-48.13,-47.94,-48.1,-48.31,-48.03,-47.97,-48.1,-47.82,-47.91,-47.91,-47.82,-47.91,-47.64,-47.97,-47.67,-47.61,-47.88,-47.45,-47.42,-47.73,-47.55,-47.09,-47.39,-47.67,-47.52,-47.21,-47.03,-47.03,-47.06,-47.18,-47.24,-47.21,-47.15,-47.06,-47.09,-46.78,-46.6,-46.48,-46.84,-46.63,-46.78,-46.57,-46.26,-46.3,-46.6,-46.57,-46.2,-46.51,-46.08,-46.54,-45.99,-46.42,-45.99,-46.23,-46.11,-45.87,-46.05,-45.65,-45.72,-45.93,-45.5,-45.38,-45.75,-45.59,-45.32,-45.26,-45.44,-45.47,-45.47,-45.35,-45.29,-45.17,-45.04,-44.95,-44.89,-44.86,-44.98,-44.98,-45.07,-45.04,-44.56,-44.92,-44.77,-44.49,-44.46,-44.59,-44.74,-44.34,-44.43,-44.46,-44.25,-44.16,-44.16,-44.01,-44.22,-43.7,-44.16,-43.91,-43.98,-44.22,-43.82,-43.82,-44.04,-43.82,-43.49,-43.7,-43.91,-43.61,-43.3,-43.18,-43.15,-43.33,-43.24,-43.3,-43.3,-43.3,-43.24,-43.18,-43.12,-42.91,-42.76,-42.94,-42.91,-42.88,-42.69,-42.54,-42.69,-42.76,-42.57,-42.21,-42.51,-41.96,-42.42,-42.02,-42.33,-41.9,-42.05,-42.08,-41.5,-42.02,-41.63,-41.56,-41.84,-41.5,-41.35,-41.69,-41.63,-41.26,-40.95,-41.11,-41.26,-41.17,-40.99,-40.74,-40.62,-40.5,-40.44,-40.47,-40.16,-40.13,-40.16,-40.25,-40.13,-39.79,-40.16,-39.67,-39.67,-39.83,-39.86,-39.7,-39.31,-39.46,-39.06,-39.12,-38.79,-38.82,-38.45,-38.73,-38.18,-38.42,-38.27,-37.84,-38.12,-37.69,-37.32,-37.66,-37.38,-37.02,-36.99,-36.96,-36.65,-36.16,-35.68,-35.55,-35.31,-35.06,-34.7,-33.97,-32.56,-25.3,-10.01,13.55,29.63,33.05,28.78,20.75,11.54,1.19,-9.49,-19.68,-28.81,-36.68,-41.9,-45.53,-48.43,-49.9,-51.42,-51.94,-52.61,-53.13,-53.1,-53.68,-53.41,-53.68,-53.77,-53.34,-53.59,-53.65,-53.28,-53.04,-53.31,-53.28,-52.92,-52.61,-52.46,-52.58,-52.67,-52.64,-52.52,-52.46,-52.37,-52.22,-52.15,-52.03,-51.88,-51.79,-51.91,-51.48,-51.79,-51.54,-51.33,-51.33,-51.51,-51.57,-51.15,-51.45,-51.15,-51.15,-50.9,-51.21,-50.75,-51.15,-50.81,-50.9,-50.99,-50.57,-50.84,-50.84,-50.48,-50.78,-50.84,-50.54,-50.38,-50.57,-50.66,-50.6,-50.45,-50.23,-50.11,-50.17,-50.17,-50.08,-50.11,-49.99,-49.9,-49.9,-49.93,-49.9,-49.96,-50.14,-50.2,-49.9,-49.84,-49.93,-50.08,-49.9,-49.65,-50.02,-49.53,-50.02,-49.53,-49.9,-49.62,-49.77,-49.77,-49.29,-49.74,-49.44,-49.26,-49.62,-49.41,-49.13,-49.47,-49.5,-49.22,-48.95,-49.1,-49.35,-49.35,-49.35,-49.16,-49.13,-48.98,-48.98,-49.04,-48.98,-48.98,-49.1,-49.16,-49.07,-48.74,-49.1,-48.95,-48.65,-48.55,-48.8,-48.98,-48.77,-48.89,-48.95,-48.58,-48.77,-48.61,-48.65,-48.68,-48.37,-48.74,-48.37,-48.46,-48.65,-48.16,-48.49,-48.55,-48.25,-48.13,-48.46,-48.58,-48.28,-48.13,-48.13,-48.31,-48.46,-48.52,-48.49,-48.52,-48.52,-48.49,-48.4,-48.4,-48.28,-48.25,-48.31,-48.0,-48.25,-47.91,-47.85,-47.88,-48.19,-48.22,-47.73,-48.07,-47.94,-48.0,-47.85,-48.0,-47.64,-48.0,-47.61,-47.76,-47.88,-47.45,-47.85,-47.61,-47.24,-47.67,-47.7,-47.33,-47.27,-47.52,-47.64,-47.49,-47.27,-47.06,-46.97,-47.03,-47.12,-47.12,-47.12,-47.06,-46.97,-46.84,-46.91,-46.94,-47.09,-47.15,-47.21,-46.94,-46.72,-46.78,-47.09,-47.0,-46.69,-47.06,-46.6,-47.0,-46.54,-47.06,-46.72,-46.88,-46.84,-46.48,-46.91,-46.63,-46.48,-46.81,-46.6,-46.42,-46.63,-46.69,-46.39,-46.3,-46.48,-46.66,-46.75,-46.75,-46.48,-46.33,-46.3,-46.33,-46.3,-46.42,-46.57,-46.57,-46.63,-46.57,-46.2,-46.57,-46.54,-46.3,-46.17,-46.39,-46.63,-46.48,-46.39,-46.63,-46.23,-46.63,-46.39,-46.42,-46.42,-46.11,-46.51,-46.14,-46.23,-46.48,-46.05,-46.17,-46.42,-46.11,-45.99,-46.2,-46.39,-46.39,-45.96,-45.84,-45.96,-46.08,-46.23,-46.3,-46.36,-46.36,-46.39,-46.36,-46.3,-46.02,-45.99,-46.23,-46.08,-46.2,-45.96,-45.81,-45.9,-46.11,-46.02,-45.59,-45.96,-45.59,-45.9,-45.44,-45.84,-45.41,-45.75,-45.56,-45.41,-45.56,-45.32,-45.5,-45.62,-45.2,-45.44,-45.59,-45.47,-45.2,-45.29,-45.62,-45.68,-45.53,-45.41,-45.2,-45.14,-45.17,-45.26,-45.2,-45.14,-45.2,-45.23,-45.35,-45.32,-45.1,-45.44,-45.23,-45.01,-45.14,-45.32,-45.38,-45.01,-45.2,-45.41,-45.23,-45.44,-45.23,-45.32,-45.47,-45.17,-45.56,-45.23,-45.35,-45.53,-45.14,-45.41,-45.53,-45.23,-45.26,-45.44,-45.47,-45.26,-44.98,-45.01,-45.2,-45.35,-45.38,-45.38,-45.35,-45.35,-45.35,-45.38,-45.44,-45.29,-45.1,-45.29,-45.2,-45.17,-44.92,-45.07,-45.2,-45.35,-45.14,-44.86,-45.23,-44.77,-45.23,-44.68,-45.14,-44.68,-45.01,-44.86,-44.77,-45.01,-44.65,-44.92,-45.07,-44.77,-44.86,-45.14,-44.95,-44.56,-44.77,-44.98,-45.04,-44.89,-44.8,-44.62,-44.53,-44.65,-44.71,-44.68,-44.71,-44.68,-44.62,-44.77,-44.8,-44.59,-45.01,-44.65,-44.71,-44.95,-45.07,-45.01,-44.71,-45.04,-45.04,-45.01,-45.23,-45.1,-45.1,-45.14,-44.89,-45.29,-44.89,-45.14,-45.26,-44.83,-45.2,-45.29,-44.95,-45.07,-45.23,-45.2,-44.92,-44.89,-45.14,-45.23,-45.26,-45.26,-45.14,-44.98,-45.04,-45.1,-45.14,-45.2,-45.23,-45.32,-45.26,-45.07,-45.2,-44.86,-45.01,-45.35,-45.35,-45.23,-45.1,-45.56,-45.17,-45.59,-45.2,-45.47,-45.07,-45.56,-45.17,-45.35,-45.47,-45.04,-45.53,-45.41,-45.17,-45.56,-45.53,-45.32,-45.29,-45.59,-45.53,-45.41,-45.23,-45.2,-45.44,-45.53,-45.65,-45.75,-45.81,-45.84,-45.68,-45.68,-45.65,-45.56,-45.72,-46.02,-45.81,-45.68,-45.99,-46.08,-45.99,-45.65,-45.9,-46.02,-45.72,-46.2,-45.81,-46.11,-45.87,-45.93,-46.02,-45.62,-46.08,-45.81,-45.75,-46.08,-45.78,-45.72,-46.05,-46.11,-45.75,-45.78,-46.08,-46.2,-46.08,-45.9,-45.81,-45.72,-45.75,-45.68,-45.81,-45.84,-45.84,-45.84,-45.87,-46.05,-45.93,-46.36,-45.96,-45.99,-46.23,-46.36,-46.14,-45.93,-46.11,-46.17,-46.05,-46.05,-46.11,-45.99,-46.26,-45.9,-46.36,-45.99,-46.2,-46.36,-45.96,-46.36,-46.45,-46.08,-46.23,-46.45,-46.42,-46.17,-46.14,-46.39,-46.57,-46.6,-46.57,-46.48,-46.51,-46.48,-46.48,-46.48,-46.54,-46.54,-46.54,-46.48,-46.2,-46.39,-46.05,-46.14,-46.36,-46.45,-46.3,-46.02,-46.48,-46.2,-46.45,-46.23,-46.51,-46.11,-46.51,-46.08,-46.39,-46.57,-46.08,-46.54,-46.42,-46.14,-46.48,-46.51,-46.2,-46.26,-46.66,-46.66,-46.42,-46.2,-46.17,-46.26,-46.33,-46.54,-46.54,-46.51,-46.54,-46.45,-46.45,-46.39,-46.33,-46.48,-46.75,-46.39,-46.42,-46.69,-46.78,-46.75,-46.42,-46.63,-46.75,-46.45,-46.75,-46.48,-46.81,-46.69,-46.66,-46.84,-46.45,-46.91,-46.72,-46.63,-46.97,-46.75,-46.57,-46.91,-46.88,-46.54,-46.54,-46.84,-47.0,-47.03,-46.91,-46.78,-46.72,-46.66,-46.57,-46.6,-46.63,-46.57,-46.66,-46.78,-46.84,-46.54,-46.97,-46.54,-46.69,-46.81,-46.78,-46.69,-46.39,-46.69,-46.66,-46.72,-46.81,-46.75,-46.69,-46.88,-46.42,-46.88,-46.6,-46.69,-46.97,-46.54,-46.78,-47.0,-46.69,-46.69,-47.03,-47.03,-46.81,-46.63,-46.78,-46.84,-46.94,-47.09,-47.06,-47.0,-46.94,-46.94,-46.94,-46.94,-47.03,-46.97,-47.03,-46.72,-46.84,-46.6,-46.75,-46.91,-47.0,-46.81,-46.66,-47.0,-46.66,-46.97,-46.6,-46.94,-46.57,-47.0,-46.69,-46.88,-47.0,-46.6,-46.97,-46.88,-46.51,-46.84,-46.97,-46.57,-46.54,-46.97,-46.97,-46.81,-46.63,-46.51,-46.66,-46.75,-46.84,-46.97,-47.0,-47.0,-46.97,-46.84,-46.72,-46.66,-46.84,-46.94,-46.69,-46.6,-46.81,-46.91,-47.0,-46.75,-46.72,-47.06,-46.63,-47.18,-46.72,-47.15,-46.81,-46.88,-46.97,-46.66,-47.15,-46.91,-46.72,-47.09,-46.94,-46.66,-47.03,-47.03,-46.69,-46.63,-46.91,-47.09,-47.12,-46.97,-46.88,-46.72,-46.69,-46.66,-46.6,-46.66,-46.66,-46.72,-46.84,-46.88,-46.66,-47.03,-46.66,-46.88,-47.12,-47.15,-46.91,-46.72,-47.15,-46.81,-47.06,-46.78,-47.12,-46.75,-47.18,-46.75,-47.12,-47.09,-46.81,-47.21,-47.0,-46.78,-47.21,-47.15,-46.91,-47.12,-47.3,-47.24,-47.06,-46.97,-47.03,-47.18,-47.33,-47.42,-47.45,-47.45,-47.42,-47.39,-47.33,-47.24,-47.12,-47.18,-47.52,-47.12,-47.42,-47.58,-47.49,-47.21,-47.33,-47.61,-47.39,-47.52,-47.58,-47.67,-47.55,-47.76,-47.42,-47.88,-47.49,-47.67,-47.79,-47.33,-47.64,-47.85,-47.45,-47.61,-47.88,-47.73,-47.42,-47.45,-47.73,-47.85,-47.91,-47.85,-47.82,-47.73,-47.7,-47.73,-47.76,-47.79,-47.91,-48.1,-48.1,-48.0,-47.67,-47.94,-48.1,-47.94,-47.73,-47.79,-48.13,-48.0,-47.88,-48.13,-47.85,-48.03,-47.88,-48.0,-48.13,-47.76,-48.22,-48.0,-48.0,-48.31,-48.07,-48.13,-48.4,-48.16,-47.97,-48.25,-48.49,-48.46,-48.28,-48.1,-48.13,-48.31,-48.37,-48.4,-48.49,-48.46,-48.55,-48.4,-48.31,-48.25,-48.22,-48.52,-48.46,-48.55,-48.28,-48.28,-48.49,-48.71,-48.58,-48.34,-48.71,-48.4,-48.83,-48.46,-48.8,-48.55,-48.86,-48.83,-48.58,-48.95,-48.77,-48.61,-48.95,-48.77,-48.58,-48.95,-48.98,-48.71,-48.61,-48.83,-49.01,-49.13,-48.98,-48.95,-48.89,-48.92,-48.86,-48.86,-48.86,-48.95,-49.04,-49.19,-49.13,-48.8,-49.16,-48.95,-48.77,-48.89,-49.22,-49.26,-48.92,-49.1,-49.13,-48.89,-49.04,-49.01,-48.98,-49.16,-48.8,-49.22,-48.92,-48.98,-49.35,-48.95,-49.1,-49.44,-49.16,-49.01,-49.41,-49.59,-49.38,-49.13,-49.16,-49.38,-49.53,-49.59,-49.65,-49.68,-49.65,-49.68,-49.68,-49.62,-49.59,-49.5,-49.65,-49.44,-49.59,-49.35,-49.35,-49.56,-49.71,-49.65,-49.38,-49.84,-49.41,-50.02,-49.56,-49.99,-49.59,-49.93,-49.84,-49.62,-49.93,-49.59,-49.84,-49.93,-49.56,-49.8,-50.08,-49.8,-49.59,-49.77,-50.02,-49.99,-49.87,-49.71,-49.68,-49.65,-49.65,-49.65,-49.68,-49.68,-49.62,-49.62,-49.65,-49.71,-49.71,-50.11,-49.9,-49.74,-49.99,-50.17,-50.23,-49.87,-50.02,-50.14,-49.9,-50.32,-50.02,-50.2,-50.14,-50.14,-50.32,-49.93,-50.32,-50.23,-49.96,-50.35,-50.32,-50.02,-50.35,-50.45,-50.32,-50.05,-50.14,-50.42,-50.51,-50.54,-50.42,-50.38,-50.35,-50.35,-50.42,-50.42,-50.48,-50.57,-50.69,-50.63,-50.26,-50.6,-50.42,-50.23,-50.35,-50.57,-50.66,-50.29,-50.63,-50.63,-50.72,-50.63,-50.75,-50.51,-50.87,-50.45,-50.84,-50.72,-50.45,-50.84,-50.63,-50.48,-50.9,-50.84,-50.51,-50.6,-50.93,-50.84,-50.66,-50.48,-50.54,-50.75,-50.78,-50.75,-50.84,-50.84,-50.87,-50.87,-50.81,-50.63,-50.48,-50.66,-50.72,-50.75,-50.48,-50.51,-50.78,-50.87,-50.69,-50.54,-50.84,-50.45,-50.84,-50.38,-50.78,-50.48,-50.6,-50.66,-50.32,-50.72,-50.48,-50.38,-50.81,-50.54,-50.38,-50.78,-50.78,-50.48,-50.45,-50.78,-50.93,-50.9,-50.81,-50.6,-50.51,-50.51,-50.48,-50.48,-50.51,-50.57,-50.66,-50.75,-50.81,-50.51,-50.84,-50.48,-50.54,-50.84,-50.93,-50.78,-50.57,-51.06,-50.72,-50.93,-50.84,-50.99,-50.72,-50.99,-50.57,-50.9,-50.72,-50.63,-50.93,-50.66,-50.66,-51.06,-50.78,-50.54,-50.84,-50.9,-50.75,-50.51,-50.51,-50.66,-50.84,-50.99,-50.96,-50.99,-50.96,-50.93,-50.9,-50.93,-50.84,-50.69,-50.75,-50.87,-50.63,-50.54,-50.84,-50.9,-50.81,-50.54,-50.81,-50.9,-50.54,-50.84,-50.48,-50.93,-50.66,-50.87,-50.9,-50.6,-51.03,-50.69,-50.72,-51.03,-50.72,-50.72,-51.03,-50.96,-50.66,-50.75,-51.03,-51.12,-50.93,-50.81,-50.72,-50.63,-50.66,-50.66,-50.66,-50.63,-50.69,-50.75,-50.81,-50.84,-50.78,-51.09,-50.72,-50.99,-51.06,-51.06,-50.84,-50.69,-51.09,-50.75,-50.96,-50.96,-51.09,-50.81,-51.24,-50.72,-51.12,-50.87,-50.9,-51.18,-50.75,-50.9,-51.12,-50.87,-50.57,-51.03,-51.18,-50.9,-50.75,-50.81,-50.96,-51.09,-51.15,-51.09,-51.06,-51.03,-51.06,-51.03,-51.09,-51.09,-50.99,-50.99,-50.96,-50.6,-50.78,-50.9,-50.84,-50.69,-50.51,-50.66,-50.81,-50.38,-50.78,-50.29,-50.78,-50.45,-50.72,-50.6,-50.42,-50.75,-50.48,-50.72,-50.81,-50.42,-50.66,-50.84,-50.66,-50.48,-50.81,-50.9,-50.75,-50.51,-50.45,-50.66,-50.78,-50.84,-50.84,-50.9,-50.93,-50.9,-50.84,-50.66,-50.6,-50.66,-50.99,-50.51,-50.78,-50.9,-50.9,-50.81,-50.51,-50.81,-50.84,-50.69,-50.9,-50.78,-50.87,-50.84,-50.66,-50.96,-50.57,-50.99,-50.87,-50.57,-51.06,-50.84,-50.57,-50.93,-50.93,-50.72,-50.63,-50.78,-51.03,-51.06,-50.84,-50.75,-50.72,-50.69,-50.66,-50.66,-50.72,-50.69,-50.63,-50.81,-50.81,-50.72,-51.09,-50.78,-51.06,-51.18,-51.21,-50.96,-50.84,-51.21,-50.9,-51.12,-50.87,-51.09,-50.81,-51.12,-50.72,-51.12,-50.84,-50.87,-51.12,-50.75,-50.87,-51.09,-50.75,-50.69,-51.12,-51.21,-50.84,-50.72,-50.81,-51.09,-51.12,-51.18,-51.12,-51.09,-51.09,-51.12,-51.09,-51.15,-51.21,-51.21,-51.18,-51.06,-50.81,-50.81,-51.06,-51.09,-50.96,-50.72,-50.9,-51.12,-50.69,-51.12,-50.78,-51.15,-50.69,-50.99,-50.87,-50.78,-51.06,-50.6,-50.87,-50.99,-50.48,-50.81,-50.96,-50.69,-50.54,-50.87,-50.99,-50.84,-50.6,-50.51,-50.45,-50.69,-50.78,-50.84,-50.84,-50.84,-50.84,-50.72,-50.54,-50.48,-50.6,-50.87,-50.48,-50.69,-50.81,-50.9,-50.75,-50.48,-50.69,-50.72,-50.6,-50.75,-50.51,-50.72,-50.63,-50.38,-50.81,-50.42,-50.66,-50.63,-50.38,-50.78,-50.63,-50.29,-50.72,-50.75,-50.35,-50.26,-50.45,-50.66,-50.69,-50.57,-50.45,-50.32,-50.32,-50.2,-50.23,-50.29,-50.29,-50.45,-50.57,-50.66,-50.45,-50.35,-50.42,-50.6,-50.63,-50.51,-50.26,-50.51,-50.63,-50.17,-50.72,-50.32,-50.72,-50.29,-50.69,-50.45,-50.54,-50.72,-50.29,-50.63,-50.81,-50.57,-50.35,-50.51,-50.87,-50.75,-50.54,-50.35,-50.26,-50.35,-50.54,-50.69,-50.66,-50.75,-50.69,-50.78,-50.78,-50.72,-50.66,-50.38,-50.32,-50.29,-50.54,-50.66,-50.63,-50.35,-50.45,-50.66,-50.75,-50.32,-50.78,-50.51,-50.78,-50.32,-50.84,-50.35,-50.66,-50.66,-50.38,-50.81,-50.54,-50.38,-50.78,-50.75,-50.38,-50.6,-50.87,-50.84,-50.54,-50.48,-50.51,-50.69,-50.87,-50.9,-50.93,-50.93,-50.93,-50.93,-51.03,-50.96,-50.78,-50.66,-50.63,-50.63,-51.06,-50.63,-50.99,-51.03,-50.72,-50.69,-50.93,-50.96,-50.72,-50.99,-50.84,-51.06,-51.06,-50.78,-51.21,-50.81,-50.93,-51.21,-50.78,-51.18,-50.99,-50.96,-51.21,-50.81,-51.06,-51.18,-50.84,-50.72,-50.99,-51.12,-51.15,-51.03,-50.78,-50.72,-50.63,-50.75,-50.72,-50.75,-50.87,-51.06,-51.09,-50.87,-51.15,-50.87,-51.18,-51.24,-51.21,-50.96,-50.87,-51.18,-50.9,-51.15,-51.06,-51.12,-50.9,-51.18,-50.72,-51.18,-50.84,-50.99,-51.24,-50.78,-51.18,-51.3,-50.81,-51.03,-51.21,-51.12,-50.81,-50.87,-51.12,-51.21,-51.3,-51.18,-51.06,-50.99,-50.9,-50.87,-50.81,-50.9,-51.06,-51.18,-51.21,-50.78,-51.15,-50.78,-50.72,-51.06,-51.18,-51.21,-50.81,-51.15,-51.12,-50.96,-51.24,-51.12,-51.12,-51.21,-50.96,-51.39,-50.93,-51.21,-51.24,-50.84,-51.21,-51.15,-50.9,-50.93,-51.24,-51.06,-50.81,-50.87,-51.09,-51.21,-51.21,-51.09,-50.99,-50.96,-50.9,-50.93,-50.96,-51.09,-51.15,-51.24,-51.12,-50.81,-51.27,-51.21,-50.9,-50.9,-51.06,-51.33,-51.03,-51.12,-51.18,-50.96,-51.18,-50.99,-51.12,-51.21,-50.87,-51.24,-50.93,-51.06,-51.18,-50.69,-50.99,-51.12,-50.87,-50.78,-51.12,-51.15,-51.03,-50.84,-50.72,-50.93,-51.09,-51.15,-51.18,-51.21,-51.21,-51.21,-51.24,-50.99,-50.9,-50.87,-51.09,-50.9,-51.12,-50.9,-50.78,-50.81,-51.12,-51.21,-50.84,-51.15,-50.96,-51.18,-50.93,-51.24,-50.87,-51.21,-50.84,-51.18,-51.18,-50.84,-51.24,-51.12,-50.75,-51.12,-51.21,-50.96,-50.81,-51.06,-51.21,-51.15,-50.96,-50.75,-50.9,-50.81,-50.99,-51.03,-50.99,-50.99,-50.96,-50.84,-50.84,-50.81,-51.12,-51.21,-51.36,-51.18,-51.03,-50.93,-51.27,-51.54,-50.93,-51.39,-51.06,-51.33,-50.93,-51.36,-50.93,-51.33,-51.15,-51.09,-51.42,-50.93,-51.27,-51.33,-50.99,-51.18,-51.42,-51.18,-50.96,-51.12,-51.36,-51.42,-51.36,-51.18,-51.06,-51.06,-50.96,-50.96,-51.06,-50.96,-51.06,-51.15,-51.24,-51.18,-51.15,-51.3,-51.42,-51.36,-51.15,-51.03,-51.27,-51.39,-50.99,-51.42,-51.06,-51.48,-51.09,-51.54,-51.18,-51.51,-51.36,-51.15,-51.54,-51.24,-51.18,-51.61,-51.3,-51.12,-51.48,-51.45,-51.18,-51.06,-51.27,-51.42,-51.48,-51.48,-51.39,-51.36,-51.33,-51.24,-51.33,-51.36,-51.42,-51.61,-51.61,-51.36,-51.27,-51.42,-51.57,-51.54,-51.33,-51.15,-51.42,-51.51,-51.18,-51.57,-51.09,-51.51,-51.24,-51.39,-51.48,-51.18,-51.57,-51.21,-51.33,-51.64,-51.24,-51.3,-51.61,-51.42,-51.12,-51.33,-51.57,-51.64,-51.42,-51.27,-51.12,-51.12,-51.18,-51.21,-51.27,-51.33,-51.18,-51.24,-51.18,-51.21,-51.21,-51.27,-51.57,-51.57,-51.33,-51.24,-51.3,-51.61,-51.57,-51.3,-51.67,-51.24,-51.79,-51.33,-51.7,-51.36,-51.54,-51.67,-51.24,-51.7,-51.45,-51.36,-51.73,-51.48,-51.24,-51.45,-51.57,-51.3,-51.12,-51.27,-51.45,-51.64,-51.57,-51.48,-51.39,-51.33,-51.33,-51.3,-51.33,-51.51,-51.51,-51.57,-51.57,-51.12,-51.57,-51.45,-51.15,-51.15,-51.42,-51.67,-51.39,-51.45,-51.61,-51.24,-51.48,-51.39,-51.42,-51.51,-51.18,-51.61,-51.3,-51.36,-51.57,-51.24,-51.51,-51.64,-51.42,-51.27,-51.61,-51.7,-51.45,-51.21,-51.27,-51.48,-51.7,-51.79,-51.79,-51.76,-51.7,-51.76,-51.7,-51.7,-51.57,-51.54,-51.7,-51.33,-51.7,-51.54,-51.36,-51.33,-51.57,-51.7,-51.39,-51.57,-51.61,-51.51,-51.61,-51.61,-51.45,-51.64,-51.33,-51.79,-51.48,-51.48,-51.7,-51.42,-51.42,-51.79,-51.45,-51.3,-51.67,-51.79,-51.67,-51.39,-51.36,-51.48,-51.57,-51.76,-51.82,-51.85,-51.85,-51.79,-51.82,-51.67,-51.57,-51.64,-51.85,-51.39,-51.7,-51.82,-51.7,-51.61,-51.48,-51.82,-51.73,-51.48,-51.82,-51.48,-51.79,-51.51,-51.64,-51.67,-51.3,-51.85,-51.45,-51.45,-51.82,-51.42,-51.51,-51.82,-51.67,-51.36,-51.64,-51.82,-51.76,-51.48,-51.33,-51.48,-51.54,-51.7,-51.76,-51.76,-51.7,-51.67,-51.54,-51.48,-51.42,-51.61,-51.85,-51.48,-51.42,-51.7,-51.88,-51.73,-51.45,-51.61,-51.82,-51.51,-51.94,-51.57,-51.94,-51.64,-51.82,-51.91,-51.61,-52.03,-51.7,-51.7,-51.97,-51.64,-51.67,-52.0,-51.88,-51.51,-51.64,-51.88,-51.91,-51.82,-51.57,-51.51,-51.45,-51.48,-51.51,-51.48,-51.42,-51.39,-51.3,-51.39,-51.45,-51.42,-51.82,-51.48,-51.42,-51.67,-51.76,-51.67,-51.36,-51.7,-51.61,-51.54,-51.76,-51.64,-51.61,-51.73,-51.42,-51.85,-51.54,-51.73,-51.82,-51.36,-51.7,-51.91,-51.51,-51.57,-51.85,-51.85,-51.54,-51.45,-51.7,-51.85,-52.0,-51.94,-51.88,-51.79,-51.76,-51.7,-51.73,-51.79,-51.82,-51.79,-51.73,-51.54,-51.61,-51.33,-51.48,-51.73,-51.73,-51.51,-51.45,-51.85,-51.48,-51.85,-51.61,-52.03,-51.48,-51.94,-51.67,-51.64,-51.85,-51.39,-51.73,-51.79,-51.48,-51.7,-51.94,-51.54,-51.39,-51.64,-51.82,-51.76,-51.54,-51.36,-51.45,-51.51,-51.67,-51.67,-51.64,-51.61,-51.51,-51.36,-51.33,-51.3,-51.3,-51.73,-51.3,-51.61,-51.7,-51.67,-51.48,-51.27,-51.61,-51.48,-51.54,-51.33,-51.45,-51.3,-51.54,-51.15,-51.61,-51.24,-51.42,-51.54,-51.06,-51.45,-51.51,-51.15,-51.24,-51.57,-51.45,-51.12,-51.15,-51.42,-51.51,-51.48,-51.45,-51.36,-51.36,-51.24,-51.24,-51.33,-51.27,-51.45,-51.48,-51.51,-51.39,-51.12,-51.3,-51.45,-51.48,-51.27,-51.06,-51.36,-51.42,-51.12,-51.54,-51.15,-51.54,-51.18,-51.42,-51.45,-51.27,-51.51,-51.12,-51.48,-51.48,-51.09,-51.48,-51.54,-51.24,-51.18,-51.42,-51.51,-51.42,-51.24,-51.12,-51.09,-51.24,-51.27,-51.39,-51.39,-51.45,-51.36,-51.27,-51.18,-51.06,-51.12,-51.45,-51.06,-51.42,-51.45,-51.36,-51.15,-51.18,-51.61,-51.3,-51.48,-51.33,-51.39,-51.27,-51.45,-51.12,-51.54,-51.18,-51.39,-51.45,-51.06,-51.39,-51.51,-51.12,-51.36,-51.48,-51.39,-51.18,-51.33,-51.61,-51.64,-51.57,-51.51,-51.21,-51.27,-51.24,-51.27,-51.27,-51.33,-51.36,-51.54,-51.64,-51.48,-51.39,-51.61,-51.79,-51.67,-51.45,-51.42,-51.79,-51.7,-51.57,-51.82,-51.48,-51.97,-51.64,-51.85,-51.82,-51.61,-51.97,-51.61,-51.76,-51.94,-51.54,-51.76,-51.97,-51.73,-51.54,-51.85,-52.03,-51.91,-51.76,-51.67,-51.7,-51.91,-51.97,-52.06,-52.06,-52.06,-52.06,-51.97,-51.85,-51.67,-51.76,-51.94,-52.0,-52.06,-51.73,-51.88,-51.97,-52.22,-52.0,-51.88,-52.09,-51.7,-52.03,-51.73,-52.06,-51.82,-51.85,-52.0,-51.64,-52.09,-51.91,-51.67,-52.19,-52.0,-51.73,-52.03,-52.19,-52.0,-51.76,-51.88,-52.06,-52.19,-52.15,-52.19,-52.15,-52.06,-52.03,-52.06,-52.09,-52.28,-52.19,-52.19,-52.22,-51.94,-52.06,-51.7,-51.94,-52.15,-52.25,-52.03,-51.88,-52.28,-51.79,-52.31,-51.94,-52.37,-51.97,-52.28,-52.22,-51.97,-52.37,-52.0,-52.12,-52.22,-51.85,-51.94,-52.28,-52.12,-51.79,-51.94,-52.19,-52.19,-52.06,-51.97,-51.76,-51.76,-51.76,-51.79,-51.7,-51.7,-51.7,-51.76,-51.85,-51.91,-51.79,-52.03,-51.79,-52.12,-52.12,-51.94,-51.73,-51.91,-52.19,-51.79,-52.25,-51.79,-52.22,-51.79,-52.22,-51.79,-52.09,-52.19,-51.85,-52.28,-52.09,-51.85,-52.28,-52.12,-51.85,-52.15,-52.25,-52.15,-51.94,-51.82,-52.0,-52.19,-52.31,-52.37,-52.34,-52.37,-52.34,-52.34,-52.37,-52.37,-52.22,-52.12,-52.34,-51.94,-52.34,-52.28,-51.97,-51.88,-52.09,-52.31,-51.94,-52.28,-52.12,-52.37,-52.12,-52.4,-52.0,-52.43,-52.03,-52.31,-52.37,-51.97,-52.37,-52.34,-52.03,-52.31,-52.52,-52.28,-52.03,-52.22,-52.43,-52.46,-52.46,-52.34,-52.12,-52.06,-52.06,-52.06,-51.97,-52.03,-52.09,-52.22,-52.31,-52.28,-52.03,-52.49,-52.25,-52.0,-52.15,-52.34,-52.43,-52.03,-52.37,-52.25,-52.28,-52.22,-52.34,-52.03,-52.43,-51.97,-52.34,-52.22,-52.03,-52.43,-52.12,-52.0,-52.43,-52.31,-52.06,-52.15,-52.4,-52.46,-52.31,-52.12,-51.97,-52.09,-52.15,-52.22,-52.25,-52.25,-52.22,-52.09,-52.06,-52.03,-52.03,-52.03,-52.4,-52.03,-52.31,-52.43,-52.37,-52.19,-52.09,-52.52,-52.19,-52.4,-52.34,-52.55,-52.15,-52.49,-52.12,-52.52,-52.4,-52.09,-52.43,-52.28,-52.12,-52.55,-52.4,-52.06,-52.31,-52.49,-52.37,-52.15,-52.0,-52.15,-52.25,-52.43,-52.46,-52.37,-52.43,-52.43,-52.4,-52.37,-52.31,-52.19,-52.15,-52.4,-52.12,-52.37,-52.19,-52.09,-51.97,-52.28,-52.34,-52.0,-52.43,-51.91,-52.4,-51.94,-52.43,-51.97,-52.31,-52.28,-52.0,-52.37,-52.15,-52.09,-52.46,-52.15,-51.97,-52.28,-52.46,-52.09,-51.88,-52.09,-52.28,-52.31,-52.28,-52.31,-52.15,-52.22,-52.12,-52.19,-52.22,-52.28,-52.37,-52.28,-52.28,-52.09,-52.28,-51.85,-51.97,-52.19,-52.22,-51.94,-51.88,-52.19,-51.79,-52.28,-51.85,-52.34,-51.94,-52.19,-52.12,-51.85,-52.25,-51.88,-52.12,-52.22,-51.85,-51.91,-52.22,-52.06,-51.79,-51.91,-52.15,-52.25,-52.15,-51.97,-51.82,-51.76,-51.76,-51.82,-51.76,-51.79,-51.82,-51.79,-51.85,-51.97,-51.79,-52.03,-51.85,-52.22,-52.19,-52.0,-51.76,-51.91,-52.15,-51.67,-52.09,-51.54,-52.06,-51.67,-52.12,-51.79,-51.91,-52.03,-51.57,-52.03,-52.0,-51.67,-52.0,-52.06,-51.73,-51.61,-52.03,-52.15,-51.94,-51.64,-51.7,-51.76,-51.85,-52.0,-52.12,-52.12,-52.09,-52.03,-51.97,-51.85,-51.7,-51.7,-52.0,-51.94,-52.09,-51.76,-51.7,-51.91,-52.09,-51.97,-51.67,-52.09,-51.67,-52.22,-51.76,-52.15,-51.85,-52.03,-52.12,-51.73,-52.15,-52.0,-51.73,-52.12,-52.06,-51.7,-51.94,-52.09,-51.91,-51.67,-51.73,-51.94,-52.12,-52.15,-52.09,-52.0,-52.0,-51.88,-51.88,-51.94,-51.97,-52.06,-51.97,-51.97,-51.76,-51.85,-51.48,-51.73,-51.88,-51.91,-51.64,-51.48,-51.91,-51.42,-51.88,-51.3,-51.88,-51.42,-51.82,-51.67,-51.45,-51.85,-51.54,-51.57,-51.88,-51.48,-51.45,-51.79,-51.79,-51.48,-51.45,-51.79,-51.85,-51.76,-51.7,-51.45,-51.42,-51.36,-51.33,-51.3,-51.3,-51.36,-51.42,-51.42,-51.7,-51.45,-51.54,-51.42,-51.73,-51.82,-51.61,-51.39,-51.64,-51.79,-51.39,-51.85,-51.61,-52.0,-51.61,-51.85,-51.76,-51.51,-51.94,-51.57,-51.73,-51.88,-51.42,-51.73,-51.88,-51.64,-51.45,-51.79,-51.94,-51.79,-51.64,-51.45,-51.51,-51.54,-51.7,-51.73,-51.85,-51.73,-51.64,-51.57,-51.48,-51.33,-51.36,-51.54,-51.67,-51.67,-51.36,-51.36,-51.51,-51.76,-51.51,-51.42,-51.73,-51.3,-51.76,-51.3,-51.61,-51.42,-51.33,-51.67,-51.27,-51.79,-51.61,-51.3,-51.73,-51.61,-51.3,-51.48,-51.73,-51.54,-51.24,-51.3,-51.57,-51.67,-51.76,-51.67,-51.67,-51.67,-51.57,-51.61,-51.67,-51.76,-51.73,-51.67,-51.67,-51.51,-51.39,-51.18,-51.42,-51.54,-51.54,-51.24,-51.24,-51.45,-51.09,-51.64,-51.15,-51.57,-51.15,-51.3,-51.36,-50.96,-51.36,-51.09,-51.06,-51.45,-51.15,-50.96,-51.21,-51.33,-50.9,-50.87,-51.09,-51.3,-51.24,-51.12,-50.96,-50.78,-50.78,-50.81,-50.78,-50.75,-50.75,-50.87,-51.03,-51.15,-50.87,-50.99,-50.93,-51.21,-51.18,-50.87,-50.75,-50.99,-51.15,-50.78,-51.18,-50.78,-51.09,-50.81,-51.06,-51.09,-50.75,-51.12,-50.87,-50.81,-51.12,-50.78,-50.69,-51.06,-50.96,-50.69,-50.84,-50.99,-51.15,-51.09,-50.84,-50.69,-50.69,-50.69,-50.72,-50.75,-50.78,-50.69,-50.69,-50.72,-50.84,-50.9,-50.66,-51.12,-50.72,-50.57,-50.87,-50.99,-50.93,-50.66,-51.03,-50.81,-51.03,-50.9,-51.09,-50.69,-51.09,-50.66,-50.99,-50.99,-50.69,-51.03,-50.87,-50.66,-50.99,-50.99,-50.6,-50.72,-50.93,-51.03,-50.87,-50.6,-50.51,-50.69,-50.78,-50.84,-50.87,-50.99,-50.93,-50.78,-50.69,-50.66,-50.57,-50.6,-50.99,-50.66,-50.9,-50.96,-50.72,-50.6,-50.75,-51.06,-50.66,-50.99,-50.63,-50.99,-50.54,-51.09,-50.69,-50.93,-50.9,-50.69,-51.06,-50.75,-50.63,-51.06,-50.9,-50.66,-50.81,-51.06,-50.93,-50.69,-50.66,-50.81,-51.03,-51.09,-51.21,-51.18,-51.15,-51.15,-51.15,-51.15,-51.18,-51.06,-50.93,-51.09,-50.96,-51.09,-50.75,-50.72,-50.99,-51.21,-50.99,-50.81,-51.15,-50.75,-51.27,-50.87,-51.33,-51.03,-51.18,-51.36,-50.93,-51.3,-51.15,-50.96,-51.36,-51.27,-50.99,-51.18,-51.39,-51.33,-51.06,-50.9,-51.24,-51.42,-51.51,-51.54,-51.42,-51.42,-51.36,-51.36,-51.45,-51.39,-51.54,-51.45,-51.42,-51.42,-50.96,-51.36,-51.45,-51.33,-51.18,-51.09,-51.45,-51.3,-51.3,-51.39,-51.24,-51.3,-51.42,-51.06,-51.51,-51.12,-51.39,-51.45,-51.09,-51.39,-51.48,-51.12,-51.39,-51.61,-51.36,-51.18,-51.27,-51.57,-51.61,-51.57,-51.39,-51.3,-51.3,-51.18,-51.12,-51.12,-51.18,-51.45,-51.48,-51.54,-51.61,-51.15,-51.57,-51.3,-51.24,-51.33,-51.57,-51.57,-51.18,-51.54,-51.42,-51.48,-51.45,-51.7,-51.27,-51.7,-51.33,-51.64,-51.61,-51.36,-51.73,-51.54,-51.27,-51.61,-51.7,-51.42,-51.24,-51.57,-51.7,-51.64,-51.42,-51.24,-51.18,-51.18,-51.27,-51.21,-51.27,-51.24,-51.24,-51.21,-51.24,-51.39,-51.24,-51.64,-51.24,-51.51,-51.67,-51.67,-51.39,-51.33,-51.64,-51.3,-51.61,-51.27,-51.57,-51.24,-51.64,-51.3,-51.54,-51.64,-51.21,-51.76,-51.54,-51.3,-51.67,-51.67,-51.39,-51.48,-51.73,-51.76,-51.51,-51.3,-51.36,-51.57,-51.67,-51.73,-51.82,-51.82,-51.76,-51.76,-51.67,-51.48,-51.45,-51.48,-51.79,-51.42,-51.82,-51.67,-51.45,-51.33,-51.57,-51.7,-51.24,-51.76,-51.3,-51.79,-51.39,-51.73,-51.36,-51.61,-51.61,-51.3,-51.73,-51.42,-51.42,-51.7,-51.45,-51.3,-51.64,-51.73,-51.48,-51.27,-51.36,-51.67,-51.76,-51.73,-51.7,-51.61,-51.57,-51.57,-51.61,-51.67,-51.7,-51.73,-51.79,-51.76,-51.45,-51.67,-51.36,-51.45,-51.73,-51.79,-51.64,-51.39,-51.88,-51.42,-51.82,-51.42,-51.79,-51.48,-51.76,-51.73,-51.48,-51.94,-51.54,-51.57,-51.94,-51.64,-51.45,-51.85,-52.03,-51.61,-51.57,-51.79,-52.03,-52.06,-51.94,-51.76,-51.7,-51.64,-51.61,-51.57,-51.7,-51.67,-51.82,-51.88,-51.97,-51.88,-51.7,-51.85,-52.03,-51.85,-51.61,-51.64,-51.97,-52.0,-51.79,-52.06,-51.76,-52.09,-51.97,-51.91,-52.28,-51.79,-52.25,-52.06,-51.79,-52.19,-52.06,-51.79,-52.19,-52.19,-51.88,-51.76,-51.88,-52.19,-52.15,-52.06,-51.94,-51.82,-51.76,-51.76,-51.76,-51.76,-51.73,-51.79,-51.94,-52.0,-52.0,-51.76,-52.19,-51.76,-51.85,-52.15,-52.19,-52.03,-51.79,-52.25,-51.88,-52.22,-51.88,-52.15,-51.82,-52.31,-51.82,-52.06,-52.15,-51.79,-52.19,-52.15,-51.88,-52.25,-52.28,-51.97,-51.82,-52.22,-52.28,-52.19,-51.91,-51.88,-51.85,-52.03,-52.09,-52.22,-52.15,-52.19,-52.09,-51.94,-51.97,-51.91,-51.94,-52.31,-52.03,-52.4,-52.34,-52.22,-51.97,-52.22,-52.4,-51.94,-52.28,-52.0,-52.43,-52.03,-52.43,-52.09,-52.31,-52.43,-51.94,-52.46,-52.34,-52.06,-52.46,-52.37,-52.09,-52.22,-52.46,-52.49,-52.31,-52.03,-52.0,-52.25,-52.31,-52.4,-52.49,-52.43,-52.52,-52.49,-52.37,-52.37,-52.12,-52.12,-52.34,-52.31,-52.28,-51.97,-52.03,-52.19,-52.34,-52.06,-51.97,-52.31,-51.85,-52.34,-51.88,-52.28,-52.06,-52.06,-52.31,-51.88,-52.31,-52.22,-51.97,-52.28,-52.19,-51.85,-52.15,-52.25,-52.25,-51.94,-51.97,-52.19,-52.37,-52.43,-52.52,-52.43,-52.37,-52.25,-52.28,-52.28,-52.31,-52.46,-52.4,-52.43,-52.31,-52.0,-52.15,-52.28,-52.34,-52.19,-51.94,-52.25,-52.31,-52.06,-52.34,-52.25,-52.4,-52.25,-52.06,-52.43,-52.03,-52.43,-52.4,-52.06,-52.4,-52.37,-52.03,-52.37,-52.43,-52.34,-52.06,-52.15,-52.37,-52.55,-52.43,-52.34,-52.25,-52.15,-52.09,-52.03,-52.09,-52.19,-52.22,-52.37,-52.49,-52.34,-52.03,-52.4,-52.31,-52.06,-52.0,-52.25,-52.4,-52.09,-52.25,-52.31,-52.28,-52.31,-52.22,-52.03,-52.37,-51.97,-52.34,-52.25,-51.97,-52.43,-52.15,-51.97,-52.4,-52.28,-51.97,-52.15,-52.43,-52.34,-52.19,-52.0,-51.97,-52.06,-52.15,-52.28,-52.28,-52.28,-52.28,-52.22,-52.06,-51.97,-52.0,-52.15,-52.4,-52.22,-52.0,-52.19,-52.37,-52.4,-52.03,-52.15,-52.31,-52.19,-52.37,-52.28,-52.31,-52.34,-52.03,-52.49,-52.15,-52.19,-52.43,-51.97,-52.22,-52.46,-52.15,-52.03,-52.37,-52.37,-52.22,-51.94,-51.94,-52.25,-52.34,-52.31,-52.37,-52.43,-52.43,-52.52,-52.52,-52.46,-52.37,-52.22,-52.19,-52.37,-51.94,-52.31,-52.4,-52.22,-52.03,-52.06,-52.34,-52.03,-52.28,-52.12,-52.12,-51.88,-52.22,-51.73,-52.15,-51.91,-51.94,-52.15,-51.85,-52.03,-52.28,-51.91,-51.88,-52.25,-52.19,-52.03,-51.82,-52.03,-52.28,-52.34,-52.37,-52.22,-52.22,-52.15,-52.15,-52.19,-52.28,-52.28,-52.46,-52.37,-52.43,-52.09,-52.4,-52.06,-51.91,-52.19,-52.37,-52.28,-51.97,-52.46,-52.03,-52.49,-52.09,-52.49,-52.09,-52.37,-52.4,-52.09,-52.52,-52.22,-52.22,-52.58,-52.25,-52.09,-52.43,-52.37,-52.19,-52.03,-52.31,-52.46,-52.46,-52.46,-52.34,-52.22,-52.22,-52.12,-52.19,-52.22,-52.34,-52.43,-52.43,-52.52,-52.37,-52.09,-52.31,-52.43,-52.34,-52.09,-52.03,-52.4,-52.25,-52.06,-52.34,-51.91,-52.19,-52.09,-52.09,-52.28,-51.79,-52.25,-52.22,-51.94,-52.37,-52.15,-51.88,-52.28,-52.34,-52.0,-51.94,-52.22,-52.46,-52.34,-52.15,-52.0,-51.94,-51.88,-51.88,-51.94,-51.85,-51.88,-51.88,-52.0,-52.19,-52.15,-51.85,-52.28,-51.97,-51.97,-52.12,-52.25,-52.28,-51.85,-52.22,-52.0,-52.22,-52.09,-52.31,-51.91,-52.34,-51.97,-52.15,-52.31,-51.91,-52.25,-52.25,-51.82,-52.03,-52.31,-52.0,-51.85,-52.12,-52.31,-52.28,-52.12,-51.91,-51.82,-51.85,-51.85,-51.88,-51.88,-51.85,-51.76,-51.79,-51.91,-52.0,-51.85,-51.88,-51.91,-52.15,-52.06,-51.88,-51.73,-52.03,-52.15,-51.76,-52.22,-51.61,-52.09,-51.67,-51.97,-51.97,-51.67,-52.03,-51.57,-51.76,-51.97,-51.57,-51.7,-51.97,-51.73,-51.61,-51.82,-52.0,-51.85,-51.57,-51.45,-51.42,-51.54,-51.67,-51.73,-51.73,-51.76,-51.61,-51.54,-51.39,-51.3,-51.27,-51.39,-51.67,-51.48,-51.21,-51.39,-51.64,-51.61,-51.3,-51.48,-51.57,-51.36,-51.76,-51.48,-51.54,-51.61,-51.3,-51.7,-51.3,-51.33,-51.64,-51.27,-51.48,-51.7,-51.36,-51.24,-51.64,-51.76,-51.54,-51.27,-51.27,-51.42,-51.57,-51.67,-51.73,-51.79,-51.67,-51.67,-51.7,-51.64,-51.54,-51.45,-51.42,-51.67,-51.24,-51.57,-51.67,-51.57,-51.33,-51.36,-51.76,-51.42,-51.64,-51.42,-51.64,-51.3,-51.73,-51.27,-51.64,-51.42,-51.36,-51.7,-51.36,-51.36,-51.64,-51.39,-51.21,-51.67,-51.67,-51.45,-51.21,-51.27,-51.39,-51.57,-51.61,-51.54,-51.51,-51.42,-51.42,-51.45,-51.54,-51.51,-51.51,-51.42,-51.54,-51.48,-51.48,-51.15,-51.24,-51.48,-51.54,-51.24,-51.24,-51.57,-51.12,-51.67,-51.24,-51.57,-51.27,-51.36,-51.48,-51.15,-51.48,-51.39,-51.21,-51.57,-51.36,-51.15,-51.45,-51.45,-51.27,-51.03,-51.15,-51.36,-51.48,-51.36,-51.3,-51.3,-51.21,-51.12,-51.21,-51.21,-51.27,-51.3,-51.36,-51.36,-51.3,-50.9,-51.21,-51.33,-51.18,-50.9,-50.87,-51.21,-51.06,-51.12,-51.18,-51.06,-51.15,-51.15,-50.87,-51.27,-50.9,-51.12,-51.12,-50.87,-51.18,-51.18,-50.81,-51.09,-51.27,-51.03,-50.81,-50.99,-51.21,-51.33,-51.27,-50.99,-51.09,-51.03,-50.9,-50.9,-50.87,-50.96,-51.09,-51.18,-51.24,-51.21,-50.84,-51.24,-50.84,-50.93,-51.15,-51.27,-51.12,-50.78,-51.24,-50.81,-51.24,-50.93,-51.36,-50.87,-51.21,-51.21,-51.03,-51.42,-50.96,-51.18,-51.33,-50.9,-50.99,-51.3,-51.09,-50.81,-50.84,-51.12,-51.27,-51.18,-50.99,-50.84,-50.75,-50.75,-50.69,-50.75,-50.78,-50.81,-50.93,-50.99,-51.18,-50.99,-50.75,-51.15,-51.15,-50.87,-50.81,-50.84,-51.12,-50.87,-50.87,-51.09,-50.78,-50.93,-50.84,-50.84,-51.09,-50.69,-51.15,-50.99,-50.78,-51.18,-50.9,-50.75,-51.09,-51.12,-50.81,-50.81,-51.18,-51.21,-52.06,-52.09,-52.19,-52.46,-52.76,-53.04,-53.31,-53.53,-53.53,-53.65,-53.65,-53.96,-54.14,-54.23,-54.81,-54.63,-54.72,-55.05,-55.36,-55.45,-55.21,-55.63,-55.66,-55.88,-55.97,-56.12,-56.12,-56.49,-56.12,-56.67,-56.58,-56.52,-56.98,-56.85,-56.88,-57.28,-57.34,-57.07,-57.37,-57.65,-57.74,-57.65,-57.5,-57.62,-57.8,-58.04,-58.14,-58.32,-58.41,-58.38,-58.53,-58.5,-58.59,-58.41,-58.53,-58.99,-58.78,-59.08,-59.14,-58.93,-58.93,-59.33,-59.51,-59.14,-59.6,-59.36,-59.72,-59.45,-60.0,-59.6,-59.94,-60.03,-59.78,-60.33,-60.15,-60.06,-60.55,-60.49,-60.21,-60.58,-60.85,-60.82,-60.49,-60.55,-60.82,-61.1,-61.25,-61.28,-61.34,-61.43,-61.43,-61.52,-61.61,-61.71,-61.68,-61.74,-61.83,-61.74,-61.92,-61.68,-61.8,-61.95,-62.23,-62.13,-61.92,-62.38,-62.07,-62.5,-62.26,-62.71,-62.35,-62.81,-62.65,-62.74,-63.08,-62.74,-63.08,-63.14,-62.87,-63.11,-63.45,-63.2,-63.05,-63.29,-63.54,-63.6,-63.48,-63.35,-63.39,-63.45,-63.51,-63.57,-63.57,-63.6,-63.69,-63.75,-63.69,-63.75,-63.84,-64.18,-64.03,-63.87,-63.96,-64.27,-64.42,-64.21,-64.21,-64.54,-64.12,-64.61,-64.12,-64.64,-64.33,-64.61,-64.54,-64.48,-64.79,-64.48,-64.7,-64.94,-64.58,-64.82,-65.09,-64.94,-64.73,-65.03,-65.19,-65.22,-65.03,-64.94,-64.91,-64.97,-65.12,-65.34,-65.31,-65.31,-65.34,-65.31,-65.19,-65.31,-65.67,-65.31,-65.55,-65.8,-65.73,-65.64,-65.46,-65.77,-65.89,-65.55,-66.16,-65.73,-66.22,-65.77,-66.13,-65.83,-66.1,-66.1,-65.92,-66.31,-65.98,-66.1,-66.38,-66.04,-66.07,-66.41,-66.35,-66.07,-66.1,-66.35,-66.56,-66.65,-66.41,-66.44,-66.28,-66.28,-66.28,-66.38,-66.38,-66.62,-66.56,-66.5,-66.8,-66.44,-66.71,-66.86,-66.86,-66.99,-66.59,-66.71,-66.99,-66.53,-66.96,-66.62,-66.99,-66.59,-67.08,-66.68,-67.11,-66.93,-66.83,-67.14,-66.74,-67.14,-67.17,-66.86,-67.17,-67.35,-67.14,-66.93,-67.26,-67.47,-67.41,-67.38,-67.14,-67.02,-67.02,-67.11,-67.11,-67.11,-67.11,-67.17,-67.17,-67.5,-67.47,-67.66,-67.57,-67.35,-67.32,-67.41,-67.75,-67.6,-67.54,-67.9,-67.41,-67.96,-67.5,-67.93,-67.63,-67.96,-67.78,-67.72,-68.05,-67.63,-68.05,-68.02,-67.72,-68.15,-68.02,-67.69,-67.9,-68.27,-68.18,-68.02,-67.87,-67.96,-68.12,-68.21,-68.3,-68.33,-68.39,-68.42,-68.39,-68.3,-68.39,-68.21,-68.42,-68.02,-67.96,-68.15,-68.36,-68.51,-68.33,-68.18,-68.51,-68.12,-68.51,-68.15,-68.54,-68.18,-68.6,-68.18,-68.6,-68.36,-68.39,-68.63,-68.33,-68.66,-68.66,-68.3,-68.48,-68.79,-68.57,-68.39,-68.66,-68.82,-68.91,-68.88,-68.73,-68.63,-68.54,-68.57,-68.51,-68.54,-68.63,-68.66,-68.63,-69.09,-68.76,-68.7,-68.94,-68.97,-69.09,-69.0,-68.79,-69.03,-69.09,-68.88,-69.24,-68.97,-69.24,-69.0,-69.21,-69.12,-69.0,-69.31,-68.88,-69.31,-69.18,-69.0,-69.4,-69.21,-68.91,-69.24,-69.43,-69.24,-68.94,-68.97,-69.15,-69.46,-69.4,-69.43,-69.43,-69.43,-69.46,-69.52,-69.55,-69.49,-69.21,-69.49,-69.27,-69.18,-69.37,-69.52,-69.58,-69.37,-69.15,-69.61,-69.15,-69.46,-69.31,-69.52,-69.24,-69.58,-69.12,-69.61,-69.21,-69.52,-69.61,-69.27,-69.7,-69.49,-69.31,-69.73,-69.64,-69.27,-69.43,-69.7,-69.85,-69.58,-69.4,-69.31,-69.37,-69.4,-69.4,-69.49,-69.52,-69.37,-69.37,-69.49,-69.85,-69.46,-69.52,-69.79,-69.79,-69.82,-69.73,-69.46,-69.79,-69.79,-69.64,-69.92,-69.67,-69.98,-69.73,-69.85,-69.82,-69.64,-69.95,-69.64,-70.01,-69.92,-69.64,-70.04,-69.85,-69.58,-69.98,-70.07,-69.85,-69.64,-69.82,-70.01,-70.13,-70.19,-70.16,-70.07,-70.07,-70.07,-70.1,-70.22,-70.16,-70.01,-69.79,-69.98,-70.16,-70.07,-70.01,-69.89,-69.79,-70.13,-70.04,-69.92,-70.13,-69.79,-70.16,-69.85,-70.16,-69.98,-69.98,-70.07,-69.79,-70.25,-69.92,-69.95,-70.22,-70.16,-69.92,-69.89,-70.07,-70.28,-70.28,-70.22,-70.07,-70.01,-69.89,-69.92,-69.95,-69.92,-69.89,-69.92,-69.98,-70.07,-70.13,-70.01,-70.37,-70.13,-69.98,-70.1,-70.28,-70.43,-70.1,-70.13,-70.37,-70.1,-70.53,-70.13,-70.47,-70.28,-70.25,-70.47,-70.1,-70.62,-70.34,-70.22,-70.59,-70.43,-70.1,-70.43,-70.56,-70.22,-70.13,-70.37,-70.53,-70.62,-70.53,-70.4,-70.25,-70.25,-70.19,-70.13,-70.16,-70.25,-70.37,-70.47,-70.37,-70.16,-70.53,-70.47,-70.31,-70.16,-70.34,-70.59,-70.47,-70.25,-70.56,-70.19,-70.53,-70.13,-70.56,-70.25,-70.47,-70.47,-70.13,-70.59,-70.31,-70.34,-70.65,-70.34,-70.22,-70.59,-70.53,-70.22,-70.34,-70.65,-70.5,-70.25,-70.47,-70.65,-70.71,-70.59,-70.4,-70.28,-70.31,-70.28,-70.28,-70.31,-70.43,-70.71,-70.59,-70.37,-70.43,-70.53,-70.68,-70.74,-70.5,-70.53,-70.89,-70.53,-70.92,-70.4,-70.8,-70.43,-70.86,-70.5,-70.83,-70.62,-70.59,-70.86,-70.43,-70.8,-70.83,-70.43,-70.65,-70.83,-70.65,-70.43,-70.65,-70.83,-70.92,-70.8,-70.62,-70.53,-70.5,-70.47,-70.5,-70.47,-70.47,-70.5,-70.74,-70.71,-70.83,-70.8,-70.68,-70.5,-70.47,-70.77,-70.89,-70.5,-70.86,-70.53,-70.83,-70.53,-70.86,-70.53,-70.89,-70.47,-70.95,-70.59,-70.74,-70.86,-70.53,-70.89,-70.8,-70.53,-70.86,-70.98,-70.74,-70.59,-70.68,-70.86,-71.08,-71.01,-70.92,-70.83,-70.71,-70.68,-70.71,-70.77,-70.77,-70.77,-70.83,-70.65,-70.92,-70.98,-70.92,-70.8,-70.56,-70.77,-71.01,-70.56,-70.92,-70.8,-70.98,-70.71,-70.98,-70.65,-70.95,-70.62,-71.11,-70.68,-70.86,-71.04,-70.59,-70.95,-70.92,-70.59,-70.74,-71.04,-70.86,-70.56,-70.53,-70.77,-70.98,-70.98,-70.95,-70.89,-70.71,-70.74,-70.8,-70.83,-70.83,-70.59,-70.83,-70.53,-70.74,-70.86,-70.98,-70.98,-70.77,-70.56,-70.92,-70.62,-70.8,-70.68,-70.8,-70.74,-70.8,-70.62,-70.8,-70.5,-70.89,-70.53,-70.74,-70.83,-70.47,-70.77,-70.86,-70.5,-70.74,-70.98,-70.86,-70.56,-70.53,-70.68,-70.89,-70.95,-70.95,-70.83,-70.86,-70.83,-70.92,-70.89,-70.92,-70.56,-70.89,-70.59,-70.53,-70.59,-70.74,-70.86,-70.86,-70.53,-70.86,-70.8,-70.68,-70.89,-70.62,-70.89,-70.68,-70.8,-70.8,-70.62,-70.98,-70.53,-70.83,-70.86,-70.59,-70.83,-70.92,-70.53,-70.62,-70.92,-70.86,-70.65,-70.47,-70.53,-70.8,-70.8,-70.89,-70.92,-70.89,-70.92,-70.95,-70.92,-70.83,-70.47,-70.92,-70.74,-70.53,-70.53,-70.53,-70.74,-70.92,-70.53,-70.74,-70.71,-70.53,-70.8,-70.56,-70.77,-70.65,-70.62,-70.74,-70.4,-70.86,-70.37,-70.65,-70.83,-70.37,-70.65,-70.86,-70.53,-70.47,-70.74,-70.83,-70.71,-70.5,-70.37,-70.5,-70.65,-70.68,-70.77,-70.86,-70.68,-70.74,-70.74,-70.89,-70.47,-70.8,-70.8,-70.77,-70.59,-70.43,-70.53,-70.89,-70.62,-70.68,-70.86,-70.59,-70.89,-70.53,-70.89,-70.62,-70.8,-70.77,-70.65,-70.98,-70.53,-70.83,-70.92,-70.56,-70.86,-70.89,-70.62,-70.56,-70.89,-70.95,-70.86,-70.53,-70.5,-70.65,-70.68,-70.77,-70.83,-70.89,-70.92,-70.8,-70.89,-70.89,-70.62,-70.59,-70.8,-70.83,-70.92,-70.83,-70.53,-70.74,-70.92,-70.5,-70.83,-70.43,-70.86,-70.43,-70.8,-70.47,-70.89,-70.56,-70.62,-70.8,-70.4,-70.8,-70.74,-70.47,-70.92,-70.86,-70.56,-70.59,-70.83,-70.89,-70.68,-70.5,-70.47,-70.47,-70.59,-70.62,-70.65,-70.74,-70.65,-70.65,-70.86,-70.74,-70.77,-70.5,-70.43,-70.62,-70.77,-70.89,-70.74,-70.53,-70.95,-70.5,-70.89,-70.68,-70.86,-70.65,-70.89,-70.62,-71.04,-70.53,-70.92,-70.83,-70.71,-70.95,-70.62,-70.65,-70.98,-70.71,-70.5,-70.8,-70.92,-70.83,-70.62,-70.5,-70.5,-70.68,-70.74,-70.86,-70.89,-70.92,-70.89,-70.86,-70.95,-70.53,-70.89,-70.95,-70.95,-70.77,-70.59,-70.56,-70.86,-70.74,-70.65,-70.89,-70.47,-70.89,-70.5,-70.83,-70.56,-70.8,-70.68,-70.56,-70.83,-70.47,-70.8,-70.74,-70.5,-70.89,-70.86,-70.53,-70.65
Sweep_10,90.0,-67.96,-67.93,-67.93,-67.99,-68.05,-68.12,-67.96,-68.18,-68.02,-68.24,-68.3,-68.24,-68.12,-67.9,-68.18,-68.33,-67.96,-68.33,-67.96,-68.45,-67.96,-68.36,-68.12,-68.3,-68.33,-67.99,-68.36,-68.05,-68.12,-68.39,-68.02,-68.02,-68.48,-68.3,-67.96,-67.96,-68.24,-68.3,-68.33,-68.3,-68.12,-68.02,-67.93,-67.9,-67.93,-67.96,-68.05,-68.08,-67.9,-68.36,-67.96,-67.99,-68.05,-68.21,-68.3,-68.15,-67.93,-68.33,-67.93,-68.24,-67.96,-68.18,-67.9,-68.24,-67.81,-68.3,-67.93,-68.08,-68.21,-67.9,-68.21,-68.18,-67.81,-68.15,-68.42,-68.12,-67.9,-67.99,-68.27,-68.36,-68.3,-68.12,-68.08,-67.99,-67.99,-67.96,-67.99,-68.05,-68.12,-68.12,-67.99,-68.3,-68.36,-68.21,-68.02,-67.99,-68.21,-68.39,-68.05,-68.21,-68.3,-68.12,-68.36,-68.08,-68.3,-68.18,-68.12,-68.45,-67.99,-68.3,-68.18,-68.05,-68.45,-68.15,-68.05,-68.36,-68.27,-68.02,-67.99,-68.3,-68.45,-68.42,-68.27,-68.05,-67.99,-67.93,-67.93,-67.99,-67.96,-67.96,-67.96,-67.96,-68.33,-67.99,-68.24,-68.36,-68.39,-68.24,-68.02,-68.12,-68.39,-67.84,-68.33,-67.87,-68.3,-67.84,-68.3,-67.87,-68.24,-68.15,-67.99,-68.42,-67.96,-68.12,-68.27,-67.96,-68.05,-68.39,-68.21,-67.93,-68.02,-68.36,-68.42,-68.33,-68.18,-68.02,-67.99,-67.99,-67.96,-67.99,-68.05,-68.12,-68.12,-67.93,-68.39,-68.12,-68.02,-68.18,-68.24,-68.36,-68.3,-68.05,-68.45,-68.12,-68.42,-68.27,-68.39,-68.24,-68.48,-68.15,-68.54,-68.21,-68.33,-68.48,-68.05,-68.42,-68.39,-68.08,-68.36,-68.54,-68.3,-68.12,-68.18,-68.48,-68.48,-68.42,-68.3,-68.15,-68.05,-68.02,-68.05,-68.02,-68.08,-68.21,-68.08,-68.24,-68.39,-68.48,-68.3,-68.12,-67.99,-68.27,-68.48,-68.15,-68.24,-68.36,-68.12,-68.3,-68.15,-68.24,-68.27,-68.08,-68.51,-67.93,-68.39,-68.21,-67.99,-68.48,-68.3,-67.99,-68.36,-68.45,-68.21,-68.05,-68.27,-68.48,-68.54,-68.48,-68.36,-68.21,-68.21,-68.15,-68.15,-68.18,-68.39,-68.36,-68.21,-68.39,-68.24,-68.48,-68.57,-68.6,-68.36,-68.08,-68.45,-68.54,-68.15,-68.57,-68.12,-68.6,-68.15,-68.63,-68.24,-68.57,-68.45,-68.33,-68.66,-68.27,-68.57,-68.63,-68.27,-68.45,-68.6,-68.39,-68.18,-68.45,-68.63,-68.57,-68.45,-68.33,-68.15,-68.18,-68.12,-68.12,-68.15,-68.15,-68.21,-68.15,-68.36,-68.51,-68.51,-68.21,-68.12,-68.27,-68.36,-68.6,-68.27,-68.39,-68.48,-68.24,-68.48,-68.18,-68.48,-68.33,-68.3,-68.48,-68.08,-68.51,-68.27,-68.27,-68.51,-68.15,-68.18,-68.54,-68.48,-68.12,-68.36,-68.57,-68.57,-68.42,-68.24,-68.18,-68.12,-68.15,-68.18,-68.24,-68.21,-68.12,-68.12,-68.21,-68.39,-68.12,-68.48,-68.54,-68.54,-68.39,-68.15,-68.33,-68.57,-68.12,-68.51,-68.27,-68.51,-68.21,-68.63,-68.18,-68.66,-68.3,-68.48,-68.45,-68.15,-68.54,-68.42,-68.15,-68.6,-68.51,-68.27,-68.24,-68.54,-68.6,-68.39,-68.15,-68.08,-68.21,-68.27,-68.36,-68.39,-68.36,-68.36,-68.33,-68.21,-68.42,-68.51,-68.42,-68.18,-68.24,-68.36,-68.51,-68.54,-68.18,-68.39,-68.42,-68.21,-68.39,-68.08,-68.27,-68.15,-68.24,-68.42,-68.05,-68.45,-68.08,-68.21,-68.48,-68.05,-68.27,-68.48,-68.33,-68.15,-68.36,-68.51,-68.39,-68.27,-68.08,-68.05,-68.18,-68.3,-68.3,-68.39,-68.33,-68.27,-68.24,-68.24,-68.51,-68.24,-68.57,-68.39,-68.27,-68.18,-68.15,-68.48,-68.45,-68.15,-68.63,-68.18,-68.6,-68.21,-68.66,-68.18,-68.63,-68.27,-68.48,-68.57,-68.18,-68.57,-68.36,-68.21,-68.57,-68.45,-68.18,-68.33,-68.54,-68.45,-68.27,-68.12,-68.18,-68.36,-68.42,-68.45,-68.51,-68.51,-68.51,-68.45,-68.36,-68.36,-68.51,-68.18,-68.15,-68.39,-68.54,-68.48,-68.36,-68.02,-68.45,-68.21,-68.33,-68.33,-68.27,-68.24,-68.3,-68.05,-68.39,-68.02,-68.42,-68.18,-68.15,-68.48,-68.15,-68.15,-68.54,-68.27,-68.05,-68.3,-68.51,-68.45,-68.27,-68.08,-68.08,-68.21,-68.24,-68.3,-68.39,-68.36,-68.36,-68.21,-68.12,-68.39,-68.48,-68.33,-68.12,-68.27,-68.33,-68.45,-68.48,-68.15,-68.42,-68.48,-68.3,-68.54,-68.27,-68.54,-68.36,-68.39,-68.48,-68.21,-68.57,-68.24,-68.39,-68.54,-68.15,-68.45,-68.51,-68.24,-68.05,-68.33,-68.51,-68.51,-68.33,-68.15,-68.02,-68.12,-68.24,-68.3,-68.33,-68.36,-68.3,-68.21,-68.3,-68.48,-68.24,-68.54,-68.45,-68.18,-68.08,-68.08,-68.45,-68.45,-68.05,-68.45,-68.02,-68.45,-67.99,-68.42,-67.96,-68.45,-68.08,-68.3,-68.3,-68.02,-68.39,-68.21,-67.99,-68.42,-68.33,-68.05,-68.18,-68.45,-68.48,-68.21,-68.02,-68.08,-68.18,-68.27,-68.45,-68.45,-68.45,-68.45,-68.33,-68.24,-68.42,-68.48,-68.12,-68.18,-68.39,-68.42,-68.51,-68.27,-68.05,-68.51,-68.24,-68.33,-68.51,-68.3,-68.48,-68.42,-68.33,-68.48,-68.15,-68.57,-68.24,-68.36,-68.54,-68.21,-68.39,-68.48,-68.21,-68.08,-68.42,-68.57,-68.36,-68.12,-68.05,-68.12,-68.3,-68.39,-68.45,-68.48,-68.45,-68.45,-68.45,-68.27,-68.45,-68.33,-68.42,-68.08,-68.05,-68.18,-68.27,-68.45,-68.24,-68.08,-68.48,-67.99,-68.42,-67.9,-68.42,-67.96,-68.36,-68.15,-68.12,-68.36,-67.93,-68.36,-68.27,-67.93,-68.36,-68.36,-68.02,-68.15,-68.45,-68.51,-68.24,-68.05,-68.08,-68.27,-68.33,-68.33,-68.48,-68.42,-68.45,-68.45,-68.48,-68.45,-68.42,-68.02,-68.27,-68.42,-68.45,-68.45,-68.21,-68.08,-68.48,-68.3,-68.24,-68.51,-68.27,-68.45,-68.33,-68.39,-68.51,-68.18,-68.6,-68.24,-68.42,-68.48,-68.18,-68.51,-68.45,-68.05,-68.36,-68.51,-68.39,-68.12,-68.08,-68.27,-68.45,-68.51,-68.48,-68.42,-68.36,-68.36,-68.39,-68.42,-68.39,-68.36,-68.02,-68.45,-68.24,-67.99,-67.99,-68.12,-68.39,-68.3,-67.96,-68.39,-67.99,-68.27,-68.05,-68.3,-67.96,-68.36,-67.9,-68.27,-68.05,-67.99,-68.24,-67.87,-68.15,-68.27,-67.96,-67.99,-68.39,-68.24,-67.96,-67.9,-68.18,-68.33,-68.39,-68.39,-68.3,-68.24,-68.24,-68.24,-68.27,-68.36,-68.45,-68.3,-68.05,-68.27,-68.42,-68.39,-68.24,-68.02,-68.02,-68.33,-68.12,-68.18,-68.33,-68.18,-68.39,-68.12,-68.24,-68.3,-68.02,-68.45,-68.05,-68.39,-68.39,-68.02,-68.33,-68.42,-68.02,-68.15,-68.45,-68.33,-68.02,-68.02,-68.18,-68.39,-68.42,-68.39,-68.3,-68.3,-68.24,-68.24,-68.36,-68.39,-68.36,-68.33,-67.99,-68.3,-68.02,-67.84,-68.08,-68.33,-68.18,-67.93,-68.3,-67.84,-68.27,-67.78,-68.15,-67.87,-68.05,-68.15,-67.78,-68.24,-67.9,-67.87,-68.24,-67.99,-67.78,-68.21,-68.24,-67.99,-67.78,-67.99,-68.27,-68.3,-68.27,-68.12,-68.02,-67.93,-67.9,-67.93,-67.99,-68.08,-68.21,-68.39,-68.24,-67.96,-68.21,-67.84,-67.9,-68.24,-68.21,-68.18,-67.81,-68.21,-67.99,-68.12,-68.02,-68.27,-67.93,-68.27,-67.87,-68.24,-68.08,-68.02,-68.33,-67.99,-67.96,-68.3,-68.12,-67.84,-68.27,-68.24,-68.15,-67.93,-67.78,-67.96,-68.12,-68.18,-68.21,-68.24,-68.24,-68.18,-68.18,-68.18,-68.05,-67.9,-68.05,-68.05,-68.12,-67.93,-67.87,-67.78,-67.75,-67.84,-68.15,-68.08,-67.78,-68.18,-67.75,-68.05,-67.75,-68.08,-67.72,-68.15,-67.72,-68.02,-67.96,-67.75,-68.15,-67.9,-67.72,-68.21,-68.05,-67.84,-67.99,-68.18,-68.21,-68.05,-67.81,-67.87,-67.9,-68.02,-68.15,-68.18,-68.15,-68.12,-68.02,-68.12,-68.27,-67.81,-68.21,-68.3,-68.21,-68.08,-67.93,-67.96,-68.3,-68.02,-68.21,-68.24,-68.21,-68.3,-68.15,-68.24,-68.21,-68.08,-68.39,-67.93,-68.33,-68.27,-67.99,-68.39,-68.21,-67.93,-68.33,-68.24,-67.99,-67.9,-68.15,-68.3,-68.36,-68.33,-68.18,-68.15,-68.08,-67.93,-67.99,-68.08,-68.15,-68.05,-68.05,-68.24,-68.36,-68.27,-68.12,-67.96,-67.99,-68.33,-68.21,-67.96,-68.36,-67.84,-68.36,-67.87,-68.3,-67.93,-68.24,-68.08,-68.02,-68.24,-67.87,-68.24,-68.27,-67.9,-68.27,-68.3,-67.93,-68.18,-68.33,-68.39,-68.18,-67.99,-67.96,-67.96,-68.08,-68.21,-66.41,-66.04,-65.46,-64.97,-64.54,-64.3,-64.21,-63.57,-63.2,-63.17,-63.02,-62.65,-62.16,-62.1,-61.92,-61.46,-61.52,-61.07,-60.94,-60.76,-60.33,-60.46,-59.81,-59.97,-59.75,-59.2,-59.36,-59.2,-58.56,-58.56,-58.56,-58.2,-57.68,-57.5,-57.68,-57.53,-57.31,-57.04,-56.7,-56.55,-56.27,-56.06,-55.91,-55.79,-55.69,-55.48,-55.36,-55.11,-54.57,-54.69,-54.53,-54.26,-53.77,-53.62,-53.8,-53.47,-53.16,-53.19,-52.64,-52.67,-52.37,-52.19,-52.15,-51.48,-51.64,-51.24,-50.78,-50.99,-50.54,-50.05,-50.23,-49.93,-49.38,-49.04,-49.19,-49.04,-48.8,-48.34,-47.85,-47.45,-47.15,-46.69,-46.05,-45.47,-44.4,-29.57,14.89,42.57,39.12,24.78,8.33,-7.23,-23.8,-37.81,-46.91,-51.79,-54.78,-56.73,-57.31,-58.11,-58.07,-58.44,-57.89,-58.2,-57.59,-57.65,-57.31,-56.67,-56.95,-56.52,-55.88,-55.94,-55.63,-55.08,-54.9,-54.93,-54.69,-54.35,-53.92,-53.5,-53.31,-53.19,-53.04,-52.95,-52.73,-52.52,-52.19,-51.91,-51.67,-51.45,-51.24,-51.45,-50.9,-50.96,-50.96,-50.72,-50.2,-50.08,-50.26,-49.68,-49.77,-49.32,-49.41,-48.98,-49.19,-48.61,-48.86,-48.58,-48.28,-48.55,-48.0,-47.82,-48.0,-47.64,-47.21,-47.49,-47.55,-47.09,-46.66,-46.54,-46.57,-46.57,-46.6,-46.36,-46.11,-45.9,-45.78,-45.56,-45.44,-45.2,-44.98,-44.8,-44.77,-44.28,-44.43,-44.04,-43.55,-43.4,-43.43,-43.43,-42.88,-42.97,-42.57,-42.72,-42.21,-42.42,-41.66,-41.84,-41.38,-40.99,-40.86,-40.13,-40.01,-39.73,-38.64,-30.79,-10.74,21.58,36.87,34.3,24.32,12.63,0.52,-12.15,-24.44,-34.76,-42.05,-46.81,-49.9,-51.94,-53.19,-53.99,-54.38,-54.66,-54.6,-54.5,-54.47,-54.6,-54.47,-54.14,-53.65,-53.68,-53.65,-53.13,-53.25,-52.61,-52.86,-52.46,-52.25,-52.31,-51.67,-51.91,-51.57,-51.15,-51.39,-51.12,-50.6,-50.9,-50.78,-50.32,-50.05,-50.05,-50.08,-50.02,-49.74,-49.5,-49.19,-48.95,-48.77,-48.65,-48.61,-48.43,-48.37,-48.37,-48.4,-48.13,-47.73,-47.97,-47.85,-47.42,-47.15,-47.18,-47.33,-47.0,-46.81,-47.03,-46.54,-46.91,-46.48,-46.42,-46.39,-45.93,-46.2,-45.72,-45.78,-45.84,-45.35,-45.35,-45.5,-45.14,-44.83,-44.86,-44.98,-44.86,-44.53,-44.22,-44.1,-44.01,-43.98,-44.01,-43.95,-43.82,-43.67,-43.52,-43.21,-42.94,-42.91,-42.94,-43.18,-42.82,-42.45,-42.45,-42.42,-42.39,-41.9,-41.96,-41.9,-41.5,-41.56,-41.32,-41.11,-41.11,-40.62,-40.95,-40.5,-40.28,-40.37,-39.76,-39.64,-39.79,-39.43,-38.97,-39.09,-39.15,-38.79,-38.36,-38.09,-37.96,-37.9,-37.66,-37.32,-36.93,-36.47,-35.98,-35.22,-30.18,-15.84,7.14,28.47,34.09,30.67,22.0,12.57,2.87,-8.03,-19.26,-28.72,-36.38,-41.41,-45.23,-47.33,-49.35,-50.05,-51.18,-51.39,-51.67,-52.03,-51.64,-51.97,-51.94,-51.42,-51.54,-51.73,-51.36,-50.99,-50.93,-50.99,-50.87,-50.54,-50.26,-49.93,-49.77,-49.62,-49.59,-49.38,-49.29,-49.16,-49.01,-48.95,-49.01,-48.8,-48.68,-48.65,-48.74,-48.52,-48.16,-47.91,-48.03,-47.97,-47.55,-47.76,-47.15,-47.39,-46.97,-47.15,-46.88,-46.63,-46.88,-46.39,-46.54,-46.54,-46.08,-46.17,-46.23,-45.87,-45.53,-45.75,-45.87,-45.75,-45.47,-45.23,-45.01,-44.92,-44.83,-44.86,-44.71,-44.59,-44.46,-44.25,-44.1,-44.13,-44.22,-43.95,-44.25,-43.73,-43.79,-43.98,-43.82,-43.49,-43.27,-43.49,-42.97,-43.3,-42.79,-43.06,-42.45,-42.79,-42.42,-42.33,-42.39,-41.84,-42.02,-41.99,-41.63,-41.66,-41.69,-41.38,-41.02,-41.17,-41.23,-40.95,-40.68,-40.41,-40.19,-40.16,-40.01,-40.07,-39.92,-39.76,-39.61,-39.4,-39.28,-39.25,-39.09,-38.85,-39.03,-38.6,-38.21,-38.12,-38.06,-38.06,-37.57,-37.66,-37.41,-37.17,-36.74,-36.74,-36.29,-36.41,-35.61,-35.77,-35.4,-34.79,-34.85,-34.36,-33.72,-33.66,-33.2,-31.89,-27.89,-16.82,0.4,20.39,30.15,30.73,25.85,17.88,9.0,-0.37,-10.28,-20.36,-29.11,-35.71,-40.28,-43.4,-45.81,-47.42,-48.28,-48.98,-49.8,-50.45,-50.51,-50.32,-50.51,-50.63,-50.32,-50.69,-50.35,-50.42,-50.17,-49.93,-50.08,-49.44,-49.71,-49.47,-49.13,-49.32,-49.13,-48.65,-48.61,-48.8,-48.55,-48.16,-47.85,-48.03,-48.13,-48.1,-47.91,-47.76,-47.55,-47.49,-47.3,-47.21,-47.12,-47.09,-46.88,-46.72,-46.69,-46.08,-46.39,-46.3,-45.93,-45.68,-45.78,-45.87,-45.41,-45.56,-45.35,-45.32,-45.07,-45.2,-44.71,-45.1,-44.62,-44.68,-44.77,-44.28,-44.4,-44.46,-44.04,-44.01,-44.28,-44.07,-43.67,-43.61,-43.82,-43.85,-43.79,-43.58,-43.43,-43.27,-43.06,-42.97,-42.97,-43.0,-42.94,-42.88,-42.94,-42.88,-42.48,-42.54,-42.14,-42.14,-42.24,-42.18,-41.72,-41.66,-41.93,-41.35,-41.69,-41.14,-41.41,-40.92,-40.95,-40.89,-40.37,-40.53,-40.34,-40.1,-40.37,-40.01,-39.58,-39.83,-39.76,-39.25,-39.0,-39.09,-39.25,-39.25,-39.03,-38.85,-38.73,-38.51,-38.45,-38.33,-38.3,-38.3,-38.21,-38.3,-38.18,-37.96,-37.51,-37.81,-37.54,-37.17,-37.02,-37.02,-36.99,-36.53,-36.65,-36.16,-36.16,-35.64,-35.83,-35.13,-35.34,-34.76,-34.3,-34.39,-33.87,-33.66,-33.54,-32.9,-32.32,-32.23,-31.49,-30.06,-25.76,-15.87,-1.59,15.66,26.0,28.38,25.76,19.87,12.12,3.75,-4.94,-13.55,-22.03,-29.3,-35.0,-39.0,-42.39,-44.16,-46.02,-47.21,-47.88,-48.13,-48.89,-49.41,-49.22,-49.71,-49.53,-49.8,-49.77,-49.59,-49.87,-49.41,-49.5,-49.5,-49.01,-49.13,-49.19,-48.8,-48.46,-48.58,-48.68,-48.43,-48.07,-47.85,-47.82,-47.85,-47.85,-47.76,-47.7,-47.58,-47.55,-47.45,-47.27,-46.91,-46.72,-46.63,-46.48,-46.6,-46.48,-46.45,-46.08,-45.93,-46.11,-46.23,-45.81,-45.93,-45.75,-45.72,-45.26,-45.53,-45.04,-45.44,-45.17,-44.89,-45.17,-44.77,-44.68,-44.86,-44.65,-44.28,-44.46,-44.56,-44.49,-44.31,-44.01,-43.98,-44.04,-44.13,-44.04,-44.01,-43.85,-43.85,-43.7,-43.61,-43.49,-43.12,-43.03,-42.85,-42.79,-43.06,-42.63,-42.85,-42.79,-42.69,-42.33,-42.33,-42.51,-41.96,-42.3,-41.81,-42.14,-41.66,-41.84,-41.66,-41.47,-41.66,-41.2,-41.29,-41.5,-41.08,-41.08,-41.32,-41.08,-40.68,-40.71,-40.89,-40.83,-40.62,-40.41,-40.13,-40.13,-39.98,-39.92,-39.86,-39.79,-39.73,-39.58,-39.55,-39.76,-39.79,-39.49,-39.61,-39.25,-39.46,-39.46,-39.25,-38.97,-38.82,-39.06,-38.39,-38.73,-38.18,-38.45,-38.06,-38.42,-38.12,-37.93,-38.21,-37.66,-37.81,-37.81,-37.29,-37.38,-37.54,-37.2,-36.8,-37.14,-37.14,-37.02,-36.74,-36.47,-36.29,-36.25,-36.1,-36.1,-35.95,-35.86,-35.58,-35.49,-35.31,-35.28,-35.22,-35.06,-35.22,-35.06,-34.79,-34.82,-35.03,-35.06,-34.64,-34.64,-34.79,-34.55,-34.73,-34.58,-34.39,-34.48,-34.06,-34.52,-34.18,-33.94,-34.24,-33.78,-33.48,-33.87,-33.72,-33.33,-33.17,-33.26,-33.14,-32.9,-32.41,-32.23,-32.04,-31.86,-31.65,-31.46,-31.16,-30.46,-30.0,-29.48,-29.21,-28.53,-27.47,-25.97,-20.66,-12.02,0.31,13.61,22.4,25.3,24.17,20.11,13.7,6.81,-0.67,-9.25,-17.09,-24.66,-31.07,-35.43,-39.09,-41.96,-43.55,-45.04,-46.42,-46.97,-47.36,-48.03,-48.46,-48.49,-48.43,-48.65,-48.92,-49.13,-49.22,-49.29,-49.22,-49.19,-49.1,-49.1,-49.1,-48.95,-48.61,-48.52,-48.68,-48.43,-48.58,-48.22,-48.07,-48.13,-48.28,-48.1,-47.79,-48.03,-47.67,-48.0,-47.49,-47.76,-47.45,-47.49,-47.55,-47.06,-47.39,-47.27,-46.94,-47.21,-47.12,-46.69,-46.69,-46.91,-46.69,-46.39,-46.26,-46.3,-46.48,-46.42,-46.39,-46.45,-46.23,-46.23,-46.3,-46.2,-46.17,-46.02,-45.84,-45.68,-45.9,-45.41,-45.72,-45.78,-45.56,-45.41,-45.38,-45.78,-45.35,-45.5,-45.29,-45.35,-45.1,-45.35,-44.89,-45.32,-45.07,-44.92,-45.23,-44.83,-44.86,-45.1,-44.74,-44.56,-44.92,-44.95,-44.68,-44.4,-44.49,-44.65,-44.71,-44.65,-44.62,-44.53,-44.4,-44.37,-44.34,-44.31,-44.25,-44.19,-44.04,-44.1,-43.98,-43.95,-43.55,-43.61,-43.79,-43.85,-43.55,-43.49,-43.61,-43.15,-43.67,-43.18,-43.52,-43.09,-43.15,-43.3,-42.76,-43.18,-42.97,-42.76,-43.21,-42.97,-42.57,-42.88,-42.91,-42.76,-42.36,-42.3,-42.51,-42.6,-42.6,-42.51,-42.42,-42.24,-42.21,-42.18,-42.11,-42.11,-42.11,-42.08,-42.02,-42.02,-41.44,-41.78,-41.63,-41.32,-41.32,-41.44,-41.56,-41.14,-41.41,-41.05,-41.23,-40.71,-41.08,-40.71,-41.08,-40.89,-40.71,-41.02,-40.68,-40.71,-40.89,-40.68,-40.44,-40.77,-40.8,-40.47,-40.16,-40.25,-40.47,-40.44,-40.41,-40.28,-40.25,-40.13,-40.07,-40.1,-40.16,-40.16,-40.16,-40.13,-40.04,-39.95,-39.58,-39.49,-39.67,-39.55,-39.52,-39.18,-39.46,-39.43,-39.15,-39.34,-39.31,-39.12,-39.18,-38.76,-39.12,-38.7,-38.91,-38.97,-38.51,-38.79,-38.79,-38.36,-38.39,-38.57,-38.45,-38.09,-37.93,-38.02,-38.09,-37.99,-37.93,-37.66,-37.57,-37.57,-37.41,-37.41,-37.41,-37.41,-37.38,-37.29,-37.11,-36.77,-36.96,-36.59,-36.47,-36.59,-36.65,-36.5,-36.16,-36.59,-36.16,-36.47,-35.92,-36.5,-36.01,-36.13,-36.13,-35.71,-36.04,-35.61,-35.46,-35.74,-35.49,-35.1,-35.4,-35.55,-35.43,-35.0,-35.03,-35.28,-35.37,-35.31,-35.25,-35.16,-35.03,-34.94,-34.94,-34.82,-34.94,-35.0,-34.97,-34.85,-34.85,-34.45,-34.76,-34.52,-34.15,-34.03,-34.15,-34.24,-33.84,-34.15,-33.91,-34.06,-33.63,-34.0,-33.42,-33.66,-33.45,-33.2,-33.6,-33.33,-33.39,-33.69,-33.33,-33.08,-33.29,-33.39,-33.05,-32.78,-32.78,-32.99,-33.17,-33.14,-33.14,-33.08,-32.96,-32.96,-32.9,-32.87,-32.84,-32.81,-32.68,-32.65,-32.71,-32.26,-32.44,-32.62,-32.53,-32.23,-31.98,-32.17,-31.92,-31.89,-31.71,-31.65,-31.37,-31.89,-31.4,-31.65,-31.52,-31.31,-31.62,-31.25,-31.13,-31.43,-31.25,-30.82,-31.1,-31.28,-31.28,-31.01,-30.85,-31.04,-31.16,-31.43,-31.52,-31.65,-31.71,-31.68,-31.71,-31.59,-31.49,-31.19,-31.22,-31.43,-31.8,-31.37,-31.52,-31.77,-31.86,-31.77,-31.8,-32.23,-31.95,-32.32,-32.1,-32.59,-32.2,-32.62,-32.41,-32.62,-32.81,-32.44,-32.9,-32.99,-32.71,-33.02,-33.11,-32.87,-32.9,-33.36,-33.48,-33.48,-33.33,-33.29,-33.36,-33.57,-33.75,-33.87,-34.03,-34.09,-34.12,-34.18,-34.27,-34.33,-34.48,-34.42,-34.91,-34.64,-34.79,-35.0,-35.22,-35.13,-34.91,-35.31,-35.1,-35.49,-35.16,-35.64,-35.19,-35.71,-35.43,-35.58,-35.83,-35.49,-35.89,-36.07,-35.71,-35.98,-36.19,-36.01,-35.92,-36.16,-36.53,-36.56,-36.5,-36.32,-36.22,-36.29,-36.16,-36.22,-36.35,-36.35,-36.35,-36.44,-36.59,-36.83,-36.87,-36.65,-37.11,-36.77,-36.68,-36.93,-37.11,-37.08,-36.68,-37.14,-36.87,-37.14,-36.99,-37.32,-36.93,-37.35,-37.08,-37.29,-37.38,-36.99,-37.41,-37.41,-37.14,-37.41,-37.54,-37.26,-37.14,-37.45,-37.6,-37.6,-37.48,-37.38,-37.35,-37.29,-37.29,-37.35,-37.38,-37.29,-37.26,-37.35,-37.45,-37.72,-37.48,-37.63,-37.66,-37.93,-37.87,-37.66,-37.6,-37.99,-38.02,-37.72,-38.21,-37.81,-38.24,-37.93,-38.21,-38.27,-37.99,-38.33,-38.06,-38.21,-38.45,-38.09,-38.12,-38.45,-38.24,-37.99,-38.18,-38.51,-38.64,-38.42,-38.24,-38.21,-38.12,-38.3,-38.33,-38.36,-38.33,-38.3,-38.39,-38.33,-38.42,-38.54,-38.54,-39.03,-38.64,-38.7,-38.94,-39.09,-39.0,-38.7,-39.09,-38.85,-39.06,-38.97,-39.22,-38.79,-39.25,-38.94,-39.25,-39.22,-38.94,-39.4,-39.22,-38.94,-39.28,-39.28,-38.97,-39.0,-39.28,-39.4,-39.22,-39.0,-38.88,-38.91,-39.03,-39.12,-39.22,-39.22,-39.15,-39.0,-38.88,-38.76,-38.76,-38.73,-38.94,-39.03,-39.15,-39.0,-38.85,-38.88,-39.25,-39.18,-38.91,-39.31,-38.82,-39.25,-38.85,-39.15,-39.12,-38.94,-39.28,-38.79,-39.09,-39.22,-38.79,-39.09,-39.31,-38.94,-38.91,-39.28,-39.31,-39.03,-38.82,-38.79,-38.94,-39.12,-39.22,-39.4,-39.28,-39.28,-39.25,-39.18,-39.09,-38.94,-38.94,-39.03,-39.34,-38.91,-39.03,-39.15,-39.22,-39.09,-38.85,-39.25,-39.09,-39.18,-39.25,-39.4,-39.15,-39.4,-38.91,-39.28,-39.06,-38.97,-39.37,-38.94,-39.03,-39.37,-39.06,-38.97,-39.22,-39.28,-39.03,-38.82,-38.82,-39.03,-39.15,-39.22,-39.28,-39.22,-39.12,-39.15,-39.18,-39.31,-39.28,-39.09,-39.03,-39.25,-38.88,-39.22,-39.09,-38.94,-38.91,-39.18,-39.34,-38.91,-39.37,-39.0,-39.34,-38.91,-39.46,-39.0,-39.31,-39.22,-38.91,-39.37,-39.09,-39.03,-39.43,-39.18,-38.97,-39.43,-39.49,-39.22,-39.09,-39.18,-39.4,-39.49,-39.55,-39.49,-39.55,-39.55,-39.64,-39.52,-39.73,-39.83,-39.83,-39.83,-39.76,-39.73,-39.49,-39.52,-39.76,-39.83,-39.73,-39.49,-39.67,-39.89,-39.61,-40.01,-39.61,-39.95,-39.7,-39.67,-39.83,-39.49,-39.89,-39.58,-39.43,-39.79,-39.58,-39.31,-39.67,-39.73,-39.37,-39.18,-39.43,-39.64,-39.67,-39.58,-39.46,-39.34,-39.25,-39.22,-39.15,-39.15,-39.22,-39.34,-39.43,-39.58,-39.46,-39.25,-39.58,-39.7,-39.43,-39.31,-39.34,-39.58,-39.43,-39.37,-39.67,-39.28,-39.52,-39.37,-39.4,-39.58,-39.22,-39.7,-39.37,-39.34,-39.64,-39.37,-39.34,-39.7,-39.61,-39.25,-39.58,-39.89,-39.86,-39.64,-39.43,-39.34,-39.4,-39.52,-39.7,-39.64,-39.7,-39.7,-39.64,-39.52,-39.49,-39.52,-39.58,-39.98,-39.79,-39.7,-39.95,-40.07,-40.1,-39.76,-40.01,-40.04,-39.95,-40.19,-40.1,-39.95,-40.19,-39.76,-40.28,-40.04,-39.92,-40.19,-39.95,-39.89,-40.16,-39.95,-39.76,-40.1,-40.16,-40.01,-39.83,-39.64,-39.7,-39.92,-40.01,-40.01,-39.95,-39.98,-39.92,-39.92,-39.83,-39.83,-39.73,-39.73,-39.98,-39.61,-39.98,-40.04,-39.98,-39.83,-39.86,-40.19,-39.83,-40.16,-39.98,-40.13,-39.83,-40.28,-39.89,-40.22,-40.07,-39.89,-40.19,-39.73,-39.73,-40.04,-39.7,-39.61,-39.98,-40.1,-39.76,-39.7,-39.79,-39.98,-40.07,-40.07,-40.07,-40.07,-40.13,-40.19,-40.19,-40.28,-40.41,-40.34,-40.34,-40.41,-40.19,-40.44,-40.19,-40.13,-40.28,-40.59,-40.56,-40.25,-40.59,-40.31,-40.77,-40.41,-40.83,-40.47,-40.77,-40.65,-40.47,-40.89,-40.56,-40.68,-40.92,-40.59,-40.59,-40.99,-40.89,-40.68,-40.71,-40.95,-41.05,-41.02,-40.92,-40.8,-40.65,-40.59,-40.59,-40.59,-40.5,-40.56,-40.62,-40.74,-40.77,-40.47,-40.59,-40.37,-40.68,-40.74,-40.65,-40.34,-40.5,-40.74,-40.41,-40.92,-40.41,-40.92,-40.56,-40.77,-40.77,-40.41,-40.8,-40.56,-40.5,-40.86,-40.74,-40.5,-40.8,-40.8,-40.59,-40.56,-40.89,-41.02,-40.92,-40.8,-40.65,-40.59,-40.5,-40.5,-40.53,-40.5,-40.44,-40.53,-40.65,-40.92,-40.86,-40.56,-40.99,-40.77,-40.53,-40.59,-40.65,-40.68,-40.25,-40.59,-40.5,-40.47,-40.59,-40.68,-40.31,-40.71,-40.22,-40.53,-40.56,-40.16,-40.53,-40.65,-40.28,-40.5,-40.65,-40.44,-40.16,-40.34,-40.53,-40.56,-40.47,-40.25,-40.16,-40.19,-40.13,-40.16,-40.22,-40.22,-40.19,-40.25,-40.44,-40.44,-40.34,-40.19,-40.37,-40.5,-40.34,-40.25,-40.16,-40.47,-40.37,-40.22,-40.47,-40.13,-40.34,-40.16,-40.28,-40.37,-39.98,-40.44,-40.22,-40.01,-40.44,-40.22,-40.13,-40.53,-40.44,-40.19,-40.22,-40.56,-40.59,-40.5,-40.34,-40.16,-40.28,-40.31,-40.31,-40.28,-40.31,-40.22,-40.28,-40.25,-40.31,-40.37,-40.16,-40.59,-40.16,-40.37,-40.56,-40.65,-40.28,-40.1,-40.53,-40.16,-40.53,-40.13,-40.62,-40.04,-40.41,-40.07,-40.19,-40.34,-39.86,-40.28,-40.19,-39.86,-40.22,-40.28,-40.01,-39.92,-40.16,-40.28,-40.13,-39.95,-39.86,-39.79,-39.86,-39.92,-40.04,-40.07,-40.07,-39.95,-39.89,-39.83,-39.89,-39.86,-40.04,-40.25,-40.31,-40.07,-40.04,-40.13,-40.44,-40.22,-40.13,-40.44,-40.07,-40.41,-40.07,-40.28,-40.31,-39.98,-40.44,-40.16,-40.19,-40.28,-39.89,-40.04,-40.34,-40.13,-39.92,-40.25,-40.53,-40.41,-40.19,-40.07,-40.16,-40.28,-40.31,-40.47,-40.53,-40.56,-40.53,-40.5,-40.34,-40.22,-40.22,-40.28,-40.74,-40.37,-40.62,-40.77,-40.74,-40.62,-40.47,-40.89,-40.74,-40.86,-40.8,-41.11,-40.8,-41.05,-40.59,-41.08,-40.95,-40.83,-41.17,-40.86,-40.89,-41.35,-41.2,-40.92,-41.23,-41.38,-41.17,-40.99,-40.92,-41.29,-41.35,-41.47,-41.56,-41.44,-41.41,-41.5,-41.56,-41.53,-41.5,-41.38,-41.32,-41.53,-41.29,-41.66,-41.38,-41.23,-41.29,-41.69,-41.63,-41.35,-41.75,-41.32,-41.63,-41.29,-41.78,-41.38,-41.75,-41.66,-41.47,-41.87,-41.56,-41.56,-41.93,-41.75,-41.56,-41.96,-42.05,-41.78,-41.56,-41.78,-41.96,-42.11,-42.08,-41.96,-41.93,-41.93,-41.87,-41.9,-41.99,-42.05,-42.27,-42.21,-42.21,-41.99,-41.9,-41.84,-42.14,-42.24,-42.21,-41.96,-42.14,-42.33,-41.93,-42.36,-42.05,-42.45,-42.14,-42.3,-42.45,-42.14,-42.57,-42.36,-42.24,-42.66,-42.36,-42.27,-42.6,-42.66,-42.45,-42.33,-42.57,-42.76,-42.79,-42.72,-42.66,-42.57,-42.51,-42.54,-42.51,-42.54,-42.54,-42.66,-42.79,-42.88,-42.91,-42.6,-42.85,-42.94,-42.76,-42.57,-42.76,-43.0,-42.82,-42.82,-43.03,-42.69,-42.88,-42.82,-42.79,-42.88,-42.57,-43.03,-42.76,-42.79,-43.15,-42.88,-42.79,-43.12,-43.0,-42.72,-42.82,-43.12,-43.15,-42.94,-42.66,-42.57,-42.57,-42.63,-42.79,-42.82,-42.82,-42.72,-42.6,-42.57,-42.51,-42.57,-42.63,-42.97,-42.69,-42.63,-42.91,-43.0,-43.09,-42.69,-43.0,-43.0,-42.91,-42.97,-43.06,-42.91,-43.09,-42.66,-43.21,-43.0,-43.0,-43.24,-42.88,-43.0,-43.27,-43.0,-42.82,-43.21,-43.21,-43.21,-42.94,-42.82,-42.85,-43.03,-43.18,-43.18,-43.21,-43.18,-43.15,-43.12,-43.0,-42.88,-42.76,-42.69,-43.03,-42.66,-43.03,-43.12,-42.91,-42.69,-42.91,-43.18,-42.76,-43.15,-42.88,-43.15,-42.66,-43.21,-42.88,-43.09,-43.12,-42.85,-43.3,-43.06,-42.85,-43.21,-43.12,-42.91,-43.21,-43.49,-43.27,-42.91,-42.94,-43.21,-43.37,-43.52,-43.52,-43.52,-43.55,-43.52,-43.55,-43.52,-43.58,-43.55,-43.37,-43.52,-43.37,-43.43,-43.15,-43.24,-43.43,-43.55,-43.33,-43.3,-43.55,-43.18,-43.64,-43.24,-43.64,-43.37,-43.43,-43.58,-43.21,-43.73,-43.55,-43.18,-43.67,-43.49,-43.18,-43.43,-43.67,-43.43,-43.21,-43.21,-43.43,-43.61,-43.61,-43.58,-43.55,-43.33,-43.37,-43.4,-43.4,-43.37,-43.46,-43.46,-43.46,-43.43,-43.0,-43.27,-43.46,-43.3,-43.06,-43.09,-43.4,-43.09,-43.24,-43.21,-43.09,-43.0,-43.18,-42.85,-43.24,-42.82,-43.03,-43.12,-42.85,-43.12,-43.18,-42.82,-42.94,-43.24,-43.03,-42.63,-42.66,-42.85,-43.0,-42.94,-42.82,-42.72,-42.63,-42.51,-42.51,-42.45,-42.51,-42.51,-42.66,-42.79,-42.69,-42.42,-42.6,-42.3,-42.42,-42.54,-42.6,-42.3,-42.27,-42.48,-42.08,-42.51,-42.05,-42.51,-42.21,-42.33,-42.42,-42.02,-42.48,-42.21,-42.05,-42.54,-42.27,-42.08,-42.45,-42.51,-42.24,-41.9,-42.11,-42.36,-42.42,-42.33,-42.24,-42.14,-42.02,-41.96,-41.99,-42.14,-42.24,-42.3,-42.39,-42.51,-42.42,-41.99,-42.54,-42.39,-42.21,-42.24,-42.39,-42.51,-42.08,-42.39,-42.27,-42.24,-41.99,-42.33,-41.9,-42.39,-42.11,-42.24,-42.27,-41.93,-42.39,-42.36,-42.02,-42.21,-42.39,-42.14,-41.99,-42.18,-42.45,-42.48,-42.36,-42.14,-41.99,-42.02,-42.08,-42.14,-42.33,-42.14,-42.11,-42.27,-42.36,-42.45,-42.14,-42.54,-42.08,-42.33,-42.45,-42.45,-42.27,-42.18,-42.6,-42.21,-42.63,-42.24,-42.79,-42.21,-42.63,-42.48,-42.54,-42.79,-42.36,-42.66,-42.76,-42.39,-42.57,-42.79,-42.54,-42.3,-42.51,-42.79,-42.79,-42.6,-42.39,-42.42,-42.42,-42.48,-42.48,-42.57,-42.51,-42.48,-42.42,-42.45,-42.6,-42.57,-42.57,-42.85,-42.79,-42.51,-42.51,-42.76,-42.91,-42.76,-42.69,-42.91,-42.57,-42.76,-42.6,-42.63,-42.82,-42.48,-42.97,-42.76,-42.57,-42.94,-42.69,-42.54,-42.94,-42.88,-42.72,-42.85,-43.03,-43.09,-42.91,-42.85,-42.82,-42.72,-42.82,-42.97,-42.94,-43.03,-42.91,-42.88,-42.76,-42.76,-42.76,-42.79,-43.15,-42.85,-43.06,-43.27,-43.03,-42.88,-42.85,-43.21,-42.85,-43.21,-42.94,-43.4,-43.03,-43.37,-42.94,-43.27,-43.27,-43.0,-43.58,-43.21,-43.06,-43.52,-43.43,-43.06,-43.3,-43.43,-43.49,-43.24,-43.12,-43.21,-43.43,-43.52,-43.67,-43.55,-43.49,-43.49,-43.46,-43.4,-43.37,-43.24,-43.12,-43.37,-43.12,-43.33,-43.12,-42.85,-43.0,-43.18,-43.21,-42.85,-43.21,-42.82,-43.18,-42.76,-43.15,-42.82,-43.06,-43.06,-42.69,-43.15,-42.91,-42.79,-43.09,-42.91,-42.63,-43.0,-43.15,-43.0,-42.63,-42.72,-42.91,-43.06,-43.09,-43.03,-42.88,-42.88,-42.82,-42.79,-42.91,-43.0,-43.0,-42.94,-42.91,-42.82,-42.51,-42.39,-42.69,-42.82,-42.69,-42.39,-42.51,-42.66,-42.24,-42.72,-42.36,-42.72,-42.36,-42.51,-42.54,-42.21,-42.57,-42.3,-42.18,-42.54,-42.3,-42.18,-42.51,-42.45,-42.08,-42.11,-42.39,-42.48,-42.45,-42.39,-42.24,-42.08,-42.11,-42.11,-42.05,-42.02,-42.11,-42.14,-42.3,-42.36,-42.18,-42.18,-42.27,-42.48,-42.27,-42.02,-41.96,-42.24,-42.11,-42.02,-42.24,-41.81,-42.14,-41.87,-42.05,-42.11,-41.78,-42.24,-41.96,-41.99,-42.3,-41.87,-42.08,-42.45,-42.27,-42.02,-42.33,-42.48,-42.42,-42.24,-42.02,-42.08,-42.14,-42.21,-42.3,-42.36,-42.24,-42.24,-42.21,-42.18,-42.05,-42.11,-42.21,-42.51,-42.24,-42.11,-42.36,-42.51,-42.54,-42.21,-42.39,-42.54,-42.45,-42.76,-42.51,-42.57,-42.66,-42.39,-42.79,-42.51,-42.57,-42.76,-42.42,-42.6,-42.88,-42.66,-42.39,-42.85,-42.82,-42.82,-42.54,-42.57,-42.72,-42.85,-42.88,-42.85,-42.88,-42.85,-42.82,-42.88,-42.88,-42.79,-42.54,-42.51,-42.85,-42.42,-42.76,-42.85,-42.72,-42.54,-42.66,-43.06,-42.66,-42.97,-42.69,-42.88,-42.54,-42.97,-42.63,-42.94,-42.85,-42.57,-43.0,-42.76,-42.57,-43.0,-42.94,-42.63,-42.88,-43.03,-43.0,-42.6,-42.63,-42.85,-43.09,-43.18,-43.21,-43.18,-43.21,-43.27,-43.24,-43.3,-43.24,-43.24,-43.09,-43.24,-43.15,-43.18,-42.88,-43.0,-43.21,-43.33,-43.0,-43.0,-43.27,-42.85,-43.4,-42.88,-43.37,-43.12,-43.21,-43.37,-42.97,-43.4,-43.27,-43.06,-43.49,-43.43,-43.06,-43.37,-43.37,-43.24,-42.94,-43.06,-43.27,-43.46,-43.49,-43.49,-43.43,-43.27,-43.27,-43.18,-43.3,-43.3,-43.46,-43.46,-43.46,-43.46,-43.03,-43.33,-43.4,-43.24,-43.06,-43.18,-43.55,-43.24,-43.37,-43.3,-43.33,-43.15,-43.4,-43.03,-43.49,-43.46,-43.18,-43.58,-43.33,-43.27,-43.61,-43.49,-43.18,-43.43,-43.79,-43.73,-43.46,-43.3,-43.4,-43.61,-43.73,-43.73,-43.79,-43.73,-43.76,-43.76,-43.79,-43.7,-43.61,-43.37,-43.33,-43.73,-43.61,-43.73,-43.43,-43.67,-43.79,-43.61,-43.61,-43.79,-43.58,-43.73,-43.85,-43.64,-43.98,-43.55,-43.7,-43.88,-43.49,-43.64,-43.91,-43.58,-43.52,-43.85,-43.79,-43.61,-43.4,-43.52,-43.73,-43.85,-43.79,-43.85,-43.76,-43.64,-43.67,-43.76,-43.85,-43.91,-43.88,-43.85,-43.58,-43.46,-43.46,-43.85,-43.46,-43.82,-43.82,-43.61,-43.3,-43.76,-43.7,-43.58,-43.76,-43.55,-43.33,-43.76,-43.27,-43.64,-43.7,-43.3,-43.61,-43.55,-43.24,-43.49,-43.67,-43.46,-43.12,-43.37,-43.76,-43.7,-43.55,-43.4,-43.33,-43.24,-43.21,-43.24,-43.24,-43.24,-43.3,-43.43,-43.58,-43.79,-43.76,-43.67,-43.7,-43.27,-43.73,-43.4,-43.27,-43.49,-43.61,-43.37,-43.46,-43.49,-43.4,-43.76,-43.3,-43.7,-43.24,-43.61,-43.3,-43.49,-43.55,-43.21,-43.58,-43.37,-43.12,-43.52,-43.49,-43.27,-43.18,-43.43,-43.58,-43.52,-43.4,-43.18,-43.15,-43.27,-43.21,-43.18,-43.15,-43.18,-43.24,-43.24,-43.24,-43.3,-43.06,-43.4,-43.24,-43.06,-43.12,-43.37,-43.52,-43.15,-43.24,-43.27,-43.09,-43.18,-43.12,-43.06,-43.3,-42.88,-43.4,-43.06,-42.97,-43.27,-43.0,-43.09,-43.3,-43.09,-42.97,-43.21,-43.33,-43.15,-42.91,-42.88,-43.03,-43.3,-43.33,-43.46,-43.43,-43.49,-43.46,-43.49,-43.33,-43.15,-43.06,-43.24,-43.43,-43.03,-43.09,-43.3,-43.43,-43.24,-42.91,-43.27,-43.18,-43.06,-43.27,-43.21,-43.27,-43.33,-42.97,-43.43,-43.12,-43.21,-43.52,-43.0,-43.27,-43.4,-43.12,-43.15,-43.46,-43.49,-43.24,-43.12,-43.21,-43.43,-43.58,-43.61,-43.49,-43.49,-43.49,-43.46,-43.49,-43.61,-43.58,-43.49,-43.46,-43.52,-43.12,-43.49,-43.49,-43.3,-43.24,-43.4,-43.7,-43.24,-43.55,-43.3,-43.46,-43.21,-43.52,-43.09,-43.46,-43.24,-43.3,-43.49,-43.03,-43.27,-43.49,-43.15,-43.18,-43.55,-43.58,-43.21,-43.15,-43.49,-43.64,-43.61,-43.49,-43.3,-43.33,-43.21,-43.24,-43.3,-43.37,-43.43,-43.55,-43.7,-43.61,-43.33,-43.67,-43.3,-43.24,-43.37,-43.61,-43.46,-43.12,-43.61,-43.3,-43.64,-43.46,-43.7,-43.24,-43.76,-43.4,-43.52,-43.76,-43.37,-43.76,-43.67,-43.4,-43.76,-43.79,-43.46,-43.49,-43.76,-43.82,-43.67,-43.46,-43.37,-43.37,-43.61,-43.61,-43.67,-43.79,-43.76,-43.7,-43.58,-43.43,-43.37,-43.43,-43.91,-43.4,-43.61,-43.79,-43.76,-43.58,-43.33,-43.73,-43.43,-43.61,-43.61,-43.52,-43.49,-43.73,-43.4,-43.82,-43.46,-43.61,-43.79,-43.33,-43.64,-43.79,-43.4,-43.4,-43.82,-43.73,-43.4,-43.3,-43.67,-43.82,-43.95,-43.95,-43.76,-43.7,-43.73,-43.61,-43.67,-43.7,-43.82,-43.85,-43.88,-43.85,-43.49,-43.67,-43.82,-43.91,-43.64,-43.49,-43.82,-43.82,-43.58,-43.98,-43.58,-43.91,-43.64,-43.88,-43.82,-43.58,-43.91,-43.49,-43.7,-43.85,-43.43,-43.76,-43.76,-43.46,-43.46,-43.7,-43.76,-43.61,-43.37,-43.27,-43.37,-43.52,-43.61,-43.73,-43.7,-43.7,-43.67,-43.67,-43.58,-43.55,-43.58,-43.88,-43.43,-43.76,-43.82,-43.7,-43.46,-43.52,-43.82,-43.52,-43.67,-43.58,-43.67,-43.43,-43.73,-43.3,-43.73,-43.49,-43.43,-43.64,-43.33,-43.64,-43.82,-43.43,-43.49,-43.79,-43.67,-43.46,-43.46,-43.7,-43.88,-43.85,-43.82,-43.67,-43.67,-43.55,-43.52,-43.46,-43.55,-43.61,-43.76,-43.79,-43.67,-43.33,-43.73,-43.73,-43.55,-43.33,-43.46,-43.67,-43.52,-43.4,-43.67,-43.24,-43.79,-43.4,-43.58,-43.58,-43.37,-43.73,-43.43,-43.67,-43.73,-43.3,-43.73,-43.82,-43.52,-43.55,-43.98,-43.95,-43.79,-43.52,-43.64,-43.79,-43.88,-44.1,-44.07,-44.07,-44.01,-44.1,-44.1,-44.07,-44.04,-43.91,-44.01,-43.58,-44.04,-43.95,-43.79,-43.61,-43.76,-44.01,-43.7,-43.82,-43.82,-43.76,-43.7,-43.82,-43.55,-43.95,-43.52,-43.85,-43.95,-43.58,-44.01,-43.98,-43.67,-44.07,-44.07,-43.88,-43.79,-44.07,-44.19,-44.13,-44.01,-43.91,-43.73,-43.82,-43.91,-43.85,-43.85,-43.85,-43.88,-43.98,-44.07,-44.04,-43.98,-44.28,-44.4,-44.19,-44.04,-44.16,-44.49,-44.43,-44.13,-44.62,-44.22,-44.74,-44.16,-44.59,-44.25,-44.46,-44.43,-44.1,-44.56,-44.28,-44.19,-44.59,-44.34,-44.1,-44.43,-44.59,-44.31,-44.04,-44.31,-44.46,-44.59,-44.53,-44.43,-44.28,-44.19,-44.13,-44.19,-44.25,-44.34,-44.37,-44.34,-44.28,-43.85,-44.37,-44.25,-43.91,-43.88,-44.1,-44.31,-43.98,-44.01,-44.19,-43.82,-44.07,-43.95,-43.88,-44.19,-43.7,-44.13,-43.91,-43.85,-44.16,-43.85,-43.85,-44.16,-43.95,-43.67,-43.88,-44.1,-44.04,-43.88,-43.67,-43.55,-43.7,-43.91,-43.91,-43.91,-43.95,-44.01,-43.91,-43.76,-43.58,-43.52,-43.79,-43.85,-43.88,-43.64,-43.55,-43.82,-43.98,-43.98,-43.64,-44.1,-43.64,-44.1,-43.58,-43.98,-43.67,-43.79,-43.76,-43.43,-43.88,-43.61,-43.49,-43.85,-43.61,-43.37,-43.67,-43.85,-43.61,-43.37,-43.33,-43.55,-43.7,-43.82,-43.85,-43.7,-43.73,-43.7,-43.67,-43.7,-43.7,-43.64,-43.58,-43.58,-43.67,-43.3,-43.58,-43.73,-43.73,-43.46,-43.37,-43.67,-43.52,-43.49,-43.46,-43.3,-43.27,-43.49,-43.12,-43.52,-43.3,-43.3,-43.58,-43.21,-43.3,-43.61,-43.3,-43.15,-43.61,-43.58,-43.4,-43.21,-43.24,-43.52,-43.61,-43.7,-43.67,-43.64,-43.67,-43.7,-43.7,-43.76,-43.67,-43.61,-43.49,-43.58,-43.49,-43.52,-43.18,-43.27,-43.52,-43.64,-43.43,-43.27,-43.64,-43.18,-43.73,-43.27,-43.73,-43.4,-43.61,-43.76,-43.43,-43.85,-43.7,-43.55,-43.98,-43.7,-43.4,-43.79,-43.85,-43.58,-43.4,-43.61,-43.85,-43.95,-43.85,-43.79,-43.7,-43.58,-43.58,-43.55,-43.61,-43.7,-43.82,-43.95,-43.88,-43.79,-43.61,-43.67,-43.82,-43.85,-43.61,-43.43,-43.82,-43.73,-43.46,-43.76,-43.43,-43.7,-43.64,-43.52,-43.73,-43.33,-43.73,-43.7,-43.33,-43.79,-43.67,-43.3,-43.73,-43.82,-43.58,-43.33,-43.61,-43.82,-43.88,-43.73,-43.58,-43.52,-43.46,-43.49,-43.46,-43.46,-43.52,-43.61,-43.73,-43.91,-43.95,-43.61,-44.07,-43.79,-43.7,-43.95,-44.16,-44.1,-43.76,-44.16,-44.01,-44.22,-44.16,-44.37,-44.01,-44.43,-44.04,-44.28,-44.4,-44.01,-44.37,-44.31,-44.01,-44.37,-44.49,-44.19,-44.04,-44.37,-44.43,-44.4,-44.25,-44.13,-44.16,-44.22,-44.28,-44.31,-44.28,-44.19,-44.22,-44.19,-44.13,-44.34,-44.22,-44.56,-44.25,-44.56,-44.59,-44.53,-44.22,-44.31,-44.59,-44.16,-44.53,-44.13,-44.49,-44.04,-44.49,-44.25,-44.4,-44.53,-44.16,-44.46,-44.46,-44.13,-44.56,-44.62,-44.25,-44.28,-44.59,-44.65,-44.53,-44.25,-44.25,-44.34,-44.56,-44.59,-44.68,-44.62,-44.65,-44.59,-44.46,-44.31,-44.13,-44.16,-44.4,-44.56,-44.59,-44.28,-44.31,-44.46,-44.56,-44.34,-44.22,-44.49,-44.19,-44.56,-44.16,-44.4,-44.31,-44.22,-44.53,-44.04,-44.49,-44.4,-44.04,-44.34,-44.4,-44.01,-44.13,-44.53,-44.43,-44.13,-43.98,-44.04,-44.25,-44.4,-44.49,-44.46,-44.49,-44.46,-44.49,-44.49,-44.56,-44.46,-44.43,-44.43,-44.49,-44.1,-44.4,-44.49,-44.49,-44.22,-44.22,-44.56,-44.37,-44.49,-44.4,-44.59,-44.31,-44.68,-44.22,-44.65,-44.49,-44.37,-44.65,-44.4,-44.4,-44.74,-44.56,-44.43,-44.77,-44.8,-44.71,-44.46,-44.46,-44.74,-44.92,-44.92,-44.92,-44.92,-44.86,-44.8,-44.89,-44.89,-44.86,-44.74,-44.59,-44.74,-44.68,-44.65,-44.37,-44.4,-44.65,-44.74,-44.56,-44.49,-44.8,-44.4,-44.89,-44.46,-44.77,-44.62,-44.53,-44.77,-44.31,-44.77,-44.74,-44.37,-44.77,-44.71,-44.34,-44.65,-44.77,-44.62,-44.34,-44.25,-44.53,-44.68,-44.68,-44.59,-44.56,-44.43,-44.37,-44.37,-44.37,-44.4,-44.56,-44.56,-44.53,-44.43,-44.1,-44.49,-44.59,-44.4,-44.16,-44.22,-44.53,-44.22,-44.34,-44.37,-44.31,-44.46,-44.53,-44.13,-44.59,-44.28,-44.31,-44.59,-44.22,-44.43,-44.62,-44.28,-44.34,-44.62,-44.62,-44.34,-44.28,-44.49,-44.62,-44.77,-44.71,-44.46,-44.4,-44.4,-44.43,-44.56,-44.59,-44.62,-44.71,-44.59,-44.59,-44.49,-44.46,-44.28,-44.56,-44.77,-44.53,-44.19,-44.4,-44.59,-44.25,-44.68,-44.34,-44.59,-44.43,-44.59,-44.68,-44.31,-44.74,-44.46,-44.28,-44.71,-44.71,-44.34,-44.62,-44.8,-44.59,-44.37,-44.46,-44.77,-44.86,-44.8,-44.74,-44.62,-44.59,-44.59,-44.62,-44.74,-44.83,-44.86,-44.95,-44.92,-44.89,-44.4,-44.86,-44.77,-44.53,-44.46,-44.77,-44.95,-44.46,-44.74,-44.65,-44.71,-44.49,-44.77,-44.4,-44.83,-44.46,-44.59,-44.77,-44.4,-44.59,-44.77,-44.31,-44.4,-44.65,-44.56,-44.16,-44.37,-44.62,-44.68,-44.62,-44.53,-44.31,-44.25,-44.25,-44.31,-44.31,-44.37,-44.46,-44.65,-44.74,-44.77,-44.56,-44.56,-44.4,-44.74,-44.8,-44.71,-44.43,-44.65,-44.83,-44.43,-44.92,-44.37,-44.83,-44.4,-44.65,-44.65,-44.46,-44.74,-44.4,-44.59,-44.71,-44.28,-44.46,-44.71,-44.43,-44.22,-44.49,-44.65,-44.62,-44.34,-44.22,-44.22,-44.49,-44.46,-44.53,-44.59,-44.59,-44.49,-44.43,-44.31,-44.46,-44.37,-44.59,-44.62,-44.83,-44.62,-44.53,-44.62,-44.95,-44.89,-44.65,-45.01,-44.65,-44.95,-44.68,-45.01,-44.98,-44.71,-45.07,-44.8,-45.01,-45.17,-44.71,-44.98,-45.2,-44.92,-44.86,-45.23,-45.35,-45.2,-45.01,-44.95,-44.98,-45.26,-45.35,-45.35,-45.41,-45.38,-45.41,-45.41,-45.23,-45.1,-45.01,-45.14,-45.41,-45.01,-45.07,-45.41,-45.41,-45.29,-44.92,-45.26,-45.2,-45.14,-45.38,-45.23,-45.23,-45.32,-45.01,-45.35,-45.01,-45.29,-45.38,-44.89,-45.29,-45.35,-45.01,-45.1,-45.47,-45.32,-45.1,-44.95,-45.1,-45.32,-45.32,-45.5,-45.38,-45.29,-45.2,-45.2,-45.17,-45.32,-45.32,-45.35,-45.29,-45.26,-44.86,-45.2,-45.26,-45.07,-44.77,-45.01,-45.35,-45.07,-45.29,-45.17,-45.26,-45.14,-45.23,-44.92,-45.35,-45.04,-45.26,-45.35,-44.89,-45.2,-45.29,-44.95,-45.04,-45.41,-45.29,-44.98,-44.86,-45.17,-45.26,-45.38,-45.26,-45.2,-45.07,-45.07,-44.98,-45.01,-45.07,-45.1,-45.17,-45.23,-45.26,-44.98,-45.2,-44.86,-44.98,-45.14,-45.23,-45.01,-44.83,-45.29,-44.83,-45.26,-44.86,-45.35,-44.92,-45.32,-45.04,-45.04,-45.29,-44.86,-45.14,-45.17,-44.8,-44.98,-45.2,-44.95,-44.71,-44.95,-45.2,-45.23,-44.98,-44.83,-44.74,-44.59,-44.65,-44.68,-44.71,-44.71,-44.65,-44.59,-44.68,-44.86,-44.71,-44.95,-44.86,-45.17,-45.1,-44.8,-44.68,-44.95,-45.1,-44.74,-45.1,-44.59,-45.01,-44.49,-44.86,-44.71,-44.62,-44.83,-44.46,-44.65,-44.89,-44.49,-44.83,-45.07,-44.74,-44.59,-44.95,-45.1,-44.95,-44.77,-44.62,-44.62,-44.77,-44.89,-44.98,-44.98,-44.95,-44.86,-44.83,-44.62,-44.59,-44.56,-44.71,-44.95,-44.92,-44.62,-44.65,-44.92,-45.07,-44.68,-44.8,-44.92,-44.74,-45.01,-44.86,-44.95,-45.04,-44.71,-45.07,-44.68,-44.86,-45.14,-44.65,-44.92,-45.14,-44.8,-44.71,-45.04,-45.1,-44.89,-44.62,-44.59,-44.74,-44.83,-44.89,-44.86,-44.86,-44.89,-44.92,-44.89,-44.83,-44.8,-44.53,-44.56,-44.8,-44.34,-44.71,-44.74,-44.65,-44.37,-44.43,-44.77,-44.43,-44.74,-44.46,-44.59,-44.28,-44.74,-44.31,-44.68,-44.59,-44.34,-44.8,-44.46,-44.37,-44.68,-44.56,-44.25,-44.46,-44.65,-44.59,-44.37,-44.25,-44.34,-44.59,-44.68,-44.65,-44.56,-44.59,-44.65,-44.65,-44.59,-44.56,-44.37,-44.28,-44.49,-44.46,-44.34,-44.1,-44.34,-44.49,-44.46,-44.19,-44.16,-44.4,-44.1,-44.46,-44.19,-44.53,-44.31,-44.28,-44.49,-44.13,-44.56,-44.49,-44.28,-44.65,-44.59,-44.31,-44.53,-44.68,-44.46,-44.19,-44.28,-44.46,-44.62,-44.59,-44.59,-44.46,-44.46,-44.46,-44.43,-44.46,-44.49,-44.59,-44.62,-44.62,-44.49,-44.04,-44.37,-44.59,-44.46,-44.28,-44.16,-44.46,-44.34,-44.28,-44.4,-44.19,-44.46,-44.34,-44.13,-44.4,-44.04,-44.31,-44.28,-43.95,-44.46,-44.31,-44.01,-44.25,-44.43,-44.19,-44.01,-44.19,-44.43,-44.43,-44.31,-44.25,-43.98,-43.95,-43.95,-43.91,-43.88,-44.01,-44.01,-44.28,-44.34,-44.28,-43.98,-44.37,-44.1,-43.88,-44.1,-44.31,-44.31,-43.88,-44.22,-44.13,-44.16,-44.16,-44.28,-43.95,-44.34,-43.91,-44.22,-44.16,-44.04,-44.34,-44.1,-43.91,-44.34,-44.28,-44.04,-44.19,-44.43,-44.53,-44.28,-44.07,-44.04,-44.07,-44.28,-44.31,-44.43,-44.4,-44.37,-44.25,-44.1,-43.98,-43.91,-43.98,-44.34,-43.98,-44.07,-44.25,-44.22,-44.1,-43.82,-44.25,-44.07,-44.04,-44.04,-43.98,-43.76,-44.04,-43.64,-44.04,-43.82,-43.79,-43.95,-43.67,-43.82,-44.1,-43.88,-43.64,-44.07,-44.13,-43.95,-43.79,-43.85,-44.1,-44.25,-44.34,-44.31,-44.31,-44.37,-44.31,-44.31,-44.37,-44.37,-44.25,-44.16,-44.34,-43.95,-44.31,-44.25,-43.91,-43.95,-44.25,-44.43,-44.04,-44.4,-44.25,-44.49,-44.13,-44.53,-44.07,-44.49,-44.37,-44.22,-44.56,-44.28,-44.34,-44.65,-44.34,-44.22,-44.53,-44.46,-44.34,-44.1,-44.28,-44.49,-44.59,-44.53,-44.62,-44.43,-44.43,-44.49,-44.56,-44.53,-44.59,-44.65,-44.74,-44.71,-44.49,-44.49,-44.28,-44.53,-44.8,-44.74,-44.49,-44.56,-44.83,-44.46,-44.86,-44.34,-44.74,-44.43,-44.65,-44.62,-44.31,-44.74,-44.59,-44.34,-44.77,-44.53,-44.37,-44.77,-44.8,-44.49,-44.37,-44.68,-44.95,-44.95,-44.8,-44.65,-44.62,-44.49,-44.49,-44.56,-44.56,-44.62,-44.77,-44.86,-44.89,-44.8,-44.4,-44.77,-44.71,-44.49,-44.46,-44.49,-44.89,-44.62,-44.62,-44.71,-44.65,-44.86,-44.68,-44.65,-44.92,-44.46,-44.86,-44.53,-44.43,-44.71,-44.37,-44.46,-44.77,-44.62,-44.31,-44.43,-44.65,-44.62,-44.43,-44.25,-44.1,-44.19,-44.28,-44.34,-44.4,-44.43,-44.4,-44.25,-44.07,-44.01,-44.01,-44.19,-44.4,-44.28,-44.04,-44.22,-44.34,-44.4,-44.04,-44.25,-44.28,-44.07,-44.25,-44.13,-44.1,-44.31,-43.95,-44.31,-44.04,-44.07,-44.31,-43.95,-44.1,-44.31,-44.16,-43.91,-44.07,-44.28,-44.13,-43.85,-43.76,-43.91,-44.13,-44.16,-44.22,-44.13,-44.19,-44.16,-44.13,-44.07,-43.95,-43.82,-43.88,-44.13,-43.76,-44.13,-44.16,-44.07,-43.79,-43.88,-44.1,-43.82,-44.1,-43.91,-44.22,-43.91,-44.31,-43.95,-44.34,-44.1,-44.04,-44.28,-43.98,-44.07,-44.31,-44.07,-43.91,-44.28,-44.22,-44.01,-43.82,-43.95,-44.25,-44.28,-44.25,-44.28,-44.07,-44.01,-44.13,-44.01,-44.01,-44.01,-44.01,-44.1,-44.07,-43.79,-44.01,-43.76,-43.61,-43.79,-43.98,-43.95,-43.64,-44.07,-43.67,-44.01,-43.61,-44.07,-43.64,-44.01,-43.98,-43.76,-44.07,-43.79,-43.88,-44.19,-43.79,-43.76,-44.07,-44.1,-43.79,-43.73,-43.98,-44.16,-44.25,-44.13,-43.98,-43.95,-43.88,-43.82,-43.79,-43.91,-44.01,-44.13,-44.16,-44.19,-43.91,-43.82,-43.82,-44.01,-44.1,-43.95,-43.64,-43.91,-43.95,-43.67,-44.1,-43.73,-44.07,-43.91,-43.85,-44.1,-43.67,-44.04,-43.91,-43.67,-44.1,-43.88,-43.61,-43.88,-43.98,-43.67,-43.52,-43.67,-43.85,-43.85,-43.85,-43.73,-43.52,-43.46,-43.43,-43.37,-43.3,-43.33,-43.49,-43.55,-43.7,-43.7,-43.27,-43.67,-43.3,-43.24,-43.43,-43.64,-43.52,-43.18,-43.61,-43.24,-43.52,-43.12,-43.61,-43.15,-43.55,-43.33,-43.33,-43.52,-43.06,-43.49,-43.61,-43.24,-43.4,-43.67,-43.58,-43.15,-43.3,-43.61,-43.58,-43.43,-43.27,-43.12,-43.0,-43.0,-43.03,-43.0,-43.0,-43.12,-43.21,-43.37,-43.4,-43.27,-43.0,-43.24,-43.43,-43.33,-43.06,-43.15,-43.43,-43.3,-43.15,-43.49,-43.15,-43.52,-43.37,-43.3,-43.43,-43.06,-43.49,-43.37,-43.18,-43.52,-43.27,-43.24,-43.52,-43.37,-42.97,-43.06,-43.33,-43.4,-43.18,-42.97,-42.88,-42.66,-42.76,-42.79,-42.85,-42.79,-42.79,-42.79,-42.79,-42.79,-42.82,-42.76,-43.15,-42.82,-42.85,-43.09,-43.12,-43.03,-42.69,-43.09,-42.85,-42.97,-42.79,-43.0,-42.63,-43.06,-42.57,-42.94,-42.91,-42.54,-42.94,-42.79,-42.51,-42.88,-42.94,-42.66,-42.79,-42.88,-43.03,-42.82,-42.63,-42.57,-42.66,-42.76,-42.82,-42.88,-42.88,-42.88,-42.76,-42.66,-42.57,-42.54,-42.54,-42.91,-42.69,-42.91,-42.91,-42.63,-42.57,-42.79,-42.91,-42.45,-42.85,-42.51,-43.0,-42.45,-42.91,-42.63,-42.88,-42.91,-42.54,-42.91,-42.82,-42.6,-42.88,-42.76,-42.42,-42.69,-42.76,-42.6,-42.27,-42.27,-42.48,-42.6,-42.63,-42.54,-42.48,-42.45,-42.42,-42.39,-42.39,-42.45,-42.45,-42.39,-42.39,-42.05,-42.24,-41.9,-41.84,-41.93,-42.14,-42.14,-41.75,-42.11,-41.75,-42.08,-41.63,-41.99,-41.6,-41.99,-41.87,-41.66,-41.96,-41.6,-41.66,-41.87,-41.53,-41.5,-41.84,-41.78,-41.44,-41.38,-41.66,-41.84,-41.78,-41.66,-41.47,-41.44,-41.41,-41.41,-41.35,-41.38,-41.47,-41.69,-41.81,-41.87,-41.6,-41.84,-41.53,-41.81,-41.93,-41.99,-41.69,-41.78,-42.08,-41.6,-41.99,-41.66,-42.05,-41.69,-41.99,-41.84,-41.72,-42.02,-41.6,-41.87,-41.96,-41.56,-41.87,-42.05,-41.81,-41.69,-41.93,-42.11,-41.99,-41.78,-41.69,-41.66,-41.78,-41.93,-41.9,-41.9,-41.87,-41.84,-41.72,-41.69,-41.6,-41.66,-41.96,-41.84,-42.05,-41.93,-41.75,-41.63,-41.99,-42.11,-41.75,-42.05,-41.66,-42.02,-41.6,-42.05,-41.72,-42.02,-42.08,-41.69,-42.14,-41.9,-41.75,-42.14,-42.11,-41.84,-42.02,-42.18,-42.14,-41.87,-41.87,-41.99,-42.11,-42.33,-42.27,-42.24,-42.24,-42.21,-44.01,-44.53,-44.95,-45.44,-45.78,-46.14,-46.39,-46.91,-46.91,-47.24,-47.79,-48.25,-48.37,-48.37,-49.01,-48.89,-49.62,-49.44,-50.11,-49.84,-50.42,-50.57,-50.69,-51.12,-50.96,-51.36,-51.76,-51.61,-51.85,-52.28,-52.28,-52.19,-52.43,-52.92,-53.16,-53.22,-53.19,-53.31,-53.41,-53.53,-53.74,-53.89,-54.02,-54.23,-54.41,-54.78,-55.05,-54.93,-55.39,-55.15,-55.54,-55.85,-56.0,-55.97,-55.91,-56.46,-56.27,-56.58,-56.52,-57.01,-56.76,-57.28,-57.01,-57.4,-57.53,-57.28,-57.86,-57.89,-57.65,-58.17,-58.32,-58.14,-58.32,-58.72,-58.84,-58.72,-58.69,-58.72,-58.96,-59.2,-59.45,-59.6,-59.66,-59.84,-59.84,-59.88,-59.88,-59.81,-60.0,-60.39,-60.03,-60.49,-60.67,-60.64,-60.58,-60.61,-61.0,-60.82,-61.0,-61.1,-61.28,-61.31,-61.43,-61.22,-61.77,-61.49,-61.83,-61.98,-61.65,-62.13,-62.19,-61.92,-62.32,-62.44,-62.41,-62.16,-62.38,-62.68,-62.84,-62.84,-62.74,-62.71,-62.68,-62.65,-62.71,-62.77,-62.93,-63.02,-63.17,-63.39,-63.29,-63.39,-63.42,-63.72,-63.84,-63.75,-63.54,-63.72,-64.06,-63.72,-64.15,-63.9,-64.21,-63.93,-64.3,-63.96,-64.45,-64.21,-64.39,-64.58,-64.27,-64.76,-64.73,-64.45,-64.91,-64.97,-64.64,-64.7,-65.06,-65.19,-65.12,-64.91,-64.88,-64.94,-65.06,-65.22,-65.28,-65.43,-65.4,-65.31,-65.25,-65.34,-65.7,-65.64,-65.89,-65.83,-65.64,-65.64,-65.86,-66.1,-65.92,-65.92,-66.25,-65.98,-66.41,-66.01,-66.41,-66.22,-66.41,-66.5,-66.25,-66.65,-66.38,-66.53,-66.74,-66.41,-66.56,-66.77,-66.68,-66.47,-66.68,-67.02,-66.99,-66.83,-66.65,-66.65,-66.77,-66.93,-67.05,-67.08,-67.02,-66.96,-66.93,-67.14,-67.32,-67.02,-67.14,-67.35,-67.5,-67.47,-67.35,-67.11,-67.57,-67.32,-67.44,-67.5,-67.38,-67.54,-67.5,-67.57,-67.66,-67.38,-67.78,-67.41,-67.78,-67.81,-67.44,-67.87,-67.96,-67.5,-67.84,-68.15,-68.08,-67.78,-67.81,-67.93,-68.18,-68.27,-68.33,-68.36,-68.33,-68.27,-68.42,-68.39,-68.45,-68.3,-68.3,-68.24,-68.51,-68.6,-68.48,-68.39,-68.24,-68.63,-68.63,-68.36,-68.82,-68.42,-68.85,-68.42,-68.85,-68.45,-68.88,-68.66,-68.7,-68.88,-68.54,-68.91,-68.85,-68.57,-68.91,-68.97,-68.66,-68.63,-68.97,-69.03,-68.94,-68.7,-68.6,-68.63,-68.79,-68.94,-68.91,-68.97,-68.94,-68.91,-69.0,-69.31,-68.85,-69.21,-69.24,-69.18,-69.03,-68.85,-69.09,-69.37,-68.97,-69.24,-69.12,-69.18,-69.24,-69.34,-69.03,-69.4,-69.0,-69.43,-69.06,-69.37,-69.46,-69.09,-69.49,-69.46,-69.03,-69.4,-69.55,-69.46,-69.18,-69.34,-69.61,-69.76,-69.67,-69.64,-69.55,-69.52,-69.46,-69.52,-69.52,-69.64,-69.52,-69.4,-69.7,-69.73,-69.73,-69.52,-69.43,-69.58,-69.85,-69.64,-69.49,-69.85,-69.61,-70.01,-69.55,-70.01,-69.64,-69.95,-69.82,-69.85,-70.1,-69.67,-70.07,-70.01,-69.7,-70.01,-70.1,-69.7,-69.89,-70.16,-70.1,-69.85,-69.7,-69.82,-70.01,-70.13,-70.19,-70.22,-70.19,-70.22,-70.13,-70.16,-70.28,-69.85,-70.25,-70.19,-70.13,-70.01,-69.89,-70.1,-70.37,-69.98,-70.22,-70.04,-70.04,-70.19,-70.01,-70.19,-70.19,-70.04,-70.25,-69.85,-70.34,-70.07,-70.04,-70.37,-70.01,-70.07,-70.4,-70.22,-69.98,-70.16,-70.37,-70.43,-70.22,-70.13,-70.01,-70.01,-69.98,-70.07,-70.04,-70.07,-70.04,-70.04,-70.4,-70.31,-70.53,-70.47,-70.31,-70.16,-70.13,-70.43,-70.56,-70.16,-70.62,-70.37,-70.59,-70.28,-70.56,-70.25,-70.65,-70.22,-70.77,-70.4,-70.47,-70.68,-70.25,-70.65,-70.65,-70.31,-70.5,-70.77,-70.62,-70.34,-70.4,-70.65,-70.77,-70.77,-70.68,-70.65,-70.62,-70.53,-70.59,-70.56,-70.68,-70.53,-70.47,-70.65,-70.83,-70.74,-70.65,-70.47,-70.5,-70.74,-70.74,-70.47,-70.83,-70.43,-70.77,-70.43,-70.83,-70.4,-70.83,-70.5,-70.74,-70.77,-70.53,-70.92,-70.62,-70.65,-70.95,-70.77,-70.56,-70.86,-70.95,-70.77,-70.56,-70.53,-70.8,-70.92,-71.01,-71.01,-71.01,-71.08,-71.01,-71.08,-71.04,-70.98,-70.62,-70.92,-71.08,-70.98,-70.92,-70.68,-70.71,-71.01,-70.92,-70.74,-71.04,-70.77,-71.17,-70.71,-71.2,-70.8,-71.17,-71.01,-70.95,-71.17,-70.77,-71.2,-71.11,-70.77,-71.2,-71.17,-70.83,-70.92,-71.26,-71.2,-71.04,-70.83,-70.8,-70.95,-71.04,-71.2,-71.26,-71.2,-71.14,-71.17,-71.23,-71.23,-70.89,-71.08,-71.26,-71.26,-71.32,-71.11,-70.89,-71.2,-71.26,-70.89,-71.23,-70.83,-71.32,-70.83,-71.29,-70.92,-71.2,-71.04,-70.98,-71.38,-70.86,-71.2,-71.32,-70.98,-71.17,-71.41,-71.2,-70.95,-71.2,-71.44,-71.38,-71.2,-71.01,-70.98,-70.92,-70.95,-71.01,-71.04,-70.98,-70.95,-71.04,-71.44,-70.98,-71.2,-71.29,-71.35,-71.38,-71.26,-70.95,-71.35,-71.29,-71.11,-71.44,-70.98,-71.44,-71.04,-71.41,-71.2,-71.23,-71.35,-71.08,-71.47,-71.14,-71.29,-71.44,-71.11,-71.23,-71.47,-71.26,-71.04,-71.26,-71.47,-71.44,-71.44,-71.23,-71.08,-71.04,-71.04,-70.98,-71.04,-71.04,-70.98,-71.17,-71.47,-71.26,-71.11,-71.11,-71.29,-71.47,-71.53,-71.26,-71.26,-71.5,-71.11,-71.44,-71.01,-71.47,-70.98,-71.5,-71.11,-71.41,-71.29,-71.26,-71.56,-71.17,-71.44,-71.53,-71.08,-71.38,-71.56,-71.38,-71.14,-71.32,-71.59,-71.56,-71.53,-71.44,-71.23,-71.2,-71.2,-71.2,-71.29,-71.26,-71.29,-71.41,-71.56,-71.59,-71.5,-71.29,-71.26,-71.44,-71.75,-71.62,-71.35,-71.84,-71.32,-71.81,-71.41,-71.81,-71.32,-71.75,-71.35,-71.66,-71.62,-71.44,-71.84,-71.41,-71.59,-71.81,-71.32,-71.47,-71.87,-71.75,-71.38,-71.35,-71.56,-71.84,-71.81,-71.78,-71.75,-71.62,-71.56,-71.53,-71.56,-71.69,-71.5,-71.41,-71.62,-71.72,-71.66,-71.53,-71.35,-71.32,-71.66,-71.59,-71.29,-71.69,-71.23,-71.62,-71.26,-71.62,-71.2,-71.62,-71.35,-71.5,-71.53,-71.2,-71.66,-71.47,-71.35,-71.75,-71.59,-71.29,-71.56,-71.78,-71.66,-71.38,-71.26,-71.44,-71.56,-71.69,-71.75,-71.78,-71.69,-71.72,-71.75,-71.72,-71.69,-71.26,-71.62,-71.75,-71.62,-71.53,-71.32,-71.32,-71.66,-71.66,-71.32,-71.78,-71.38,-71.81,-71.38,-71.78,-71.32,-71.75,-71.56,-71.56,-71.69,-71.35,-71.72,-71.56,-71.32,-71.69,-71.56,-71.26,-71.47,-71.69,-71.62,-71.44,-71.26,-71.35,-71.5,-71.59,-71.69,-71.66,-71.66,-71.66,-71.66,-71.66,-71.5,-71.44,-71.26,-71.5,-71.56,-71.66,-71.59,-71.26,-71.44,-71.62,-71.14,-71.59,-71.17,-71.59,-71.2,-71.62,-71.23,-71.62,-71.35,-71.5,-71.5,-71.2,-71.62,-71.47,-71.32,-71.69,-71.59,-71.2,-71.41,-71.69,-71.62,-71.56,-71.26,-71.2,-71.29,-71.41,-71.53,-71.5,-71.47,-71.53,-71.56,-71.59,-71.69,-71.56,-71.29,-71.47,-71.59,-71.66,-71.66,-71.44,-71.41,-71.66,-71.2,-71.81,-71.38,-71.78,-71.29,-71.72,-71.41,-71.69,-71.59,-71.44,-71.78,-71.35,-71.59,-71.75,-71.32,-71.5,-71.81,-71.62,-71.35,-71.41,-71.69,-71.81,-71.72,-71.56,-71.44,-71.32,-71.32,-71.32,-71.35,-71.44,-71.47,-71.35,-71.59,-71.53,-71.72,-71.62,-71.32,-71.38,-71.69,-71.56,-71.44,-71.72,-71.2,-71.56,-71.35,-71.56,-71.47,-71.38,-71.62,-71.23,-71.62,-71.5,-71.23,-71.72,-71.53,-71.26,-71.66,-71.75,-71.56,-71.29,-71.5,-71.72,-71.75,-71.69,-71.62,-71.53,-71.53,-71.5,-71.56,-71.56,-71.72,-71.78,-71.75,-71.5,-71.59,-71.35,-71.66,-71.72,-71.75,-71.5,-71.32,-71.75,-71.59,-71.44,-71.75,-71.41,-71.72,-71.56,-71.59,-71.69,-71.59,-71.59,-71.75,-71.41,-71.78,-71.44,-71.59,-71.78,-71.44,-71.41,-71.78,-71.72,-71.38,-71.26,-71.5,-71.66,-71.75,-71.69,-71.59,-71.53,-71.53,-71.5,-71.44,-71.56,-71.44,-71.47,-71.47,-71.75,-71.69,-71.62,-71.5,-71.29,-71.53,-71.66,-71.29,-71.59,-71.32,-71.53,-71.41,-71.59,-71.38,-71.66,-71.2,-71.62,-71.32,-71.59,-71.56,-71.32,-71.69,-71.56,-71.26,-71.62,-71.75,-71.47,-71.26,-71.44,-71.69,-71.72,-71.66,-71.59,-71.47
Sweep_12,130.0,-68.08,-68.48,-68.3,-68.05,-67.9,-67.96,-68.18,-68.33,-68.36,-68.36,-68.42,-68.39,-68.33,-68.33,-68.33,-68.36,-67.99,-68.21,-68.33,-68.39,-68.3,-68.15,-67.99,-68.3,-68.18,-68.21,-68.42,-68.15,-68.39,-68.15,-68.33,-68.33,-68.12,-68.42,-67.99,-68.39,-68.21,-68.02,-68.39,-68.24,-67.93,-68.27,-68.42,-68.27,-67.96,-68.12,-68.33,-68.39,-68.39,-68.36,-68.24,-68.21,-68.24,-68.18,-68.24,-68.27,-68.27,-68.12,-68.36,-68.3,-68.05,-67.9,-67.96,-68.27,-68.51,-68.12,-68.24,-68.33,-68.05,-68.33,-68.12,-68.36,-68.15,-68.12,-68.36,-68.02,-68.33,-68.18,-68.05,-68.42,-68.15,-68.05,-68.39,-68.3,-68.08,-68.08,-68.42,-68.45,-68.39,-68.21,-68.02,-67.93,-67.96,-68.02,-67.99,-68.02,-67.9,-67.99,-68.12,-68.45,-68.02,-68.12,-68.33,-68.39,-68.45,-68.36,-68.02,-68.39,-68.18,-68.36,-68.42,-68.36,-68.36,-68.42,-68.21,-68.48,-68.08,-68.48,-68.27,-68.15,-68.51,-68.08,-68.24,-68.54,-68.33,-68.08,-68.33,-68.51,-68.42,-68.27,-68.05,-68.02,-68.18,-68.3,-68.33,-68.39,-68.36,-68.36,-68.3,-68.3,-68.45,-67.99,-68.42,-68.45,-68.33,-68.15,-68.05,-68.39,-68.48,-68.02,-68.36,-68.18,-68.33,-68.21,-68.36,-68.12,-68.45,-68.02,-68.42,-68.24,-68.15,-68.42,-67.99,-68.36,-68.42,-67.96,-68.18,-68.45,-68.33,-68.15,-67.96,-68.21,-68.42,-68.48,-68.54,-68.48,-68.39,-68.39,-68.42,-68.48,-68.51,-68.39,-68.08,-68.39,-68.18,-67.99,-68.05,-68.3,-68.42,-68.36,-67.99,-68.42,-68.12,-68.51,-68.24,-68.39,-68.12,-68.45,-68.02,-68.45,-68.15,-68.3,-68.45,-68.05,-68.36,-68.36,-68.02,-68.33,-68.57,-68.33,-68.02,-68.18,-68.45,-68.51,-68.48,-68.36,-68.21,-68.08,-68.08,-68.02,-68.08,-68.21,-68.24,-68.02,-68.36,-68.08,-68.36,-68.48,-68.45,-68.27,-68.02,-68.36,-68.42,-67.99,-68.36,-67.93,-68.36,-67.81,-68.42,-67.96,-68.21,-68.21,-68.02,-68.39,-67.96,-68.24,-68.36,-67.96,-68.24,-68.39,-68.21,-67.96,-68.18,-68.48,-68.45,-68.45,-68.12,-68.02,-67.93,-68.05,-68.05,-68.12,-68.08,-68.02,-68.02,-68.21,-68.45,-68.39,-68.24,-68.08,-68.18,-68.36,-68.51,-68.18,-68.3,-68.45,-68.24,-68.51,-68.21,-68.42,-68.45,-68.33,-68.51,-68.12,-68.54,-68.27,-68.24,-68.54,-68.12,-68.27,-68.54,-68.39,-67.99,-68.3,-68.54,-68.48,-68.24,-68.05,-67.99,-68.05,-68.18,-68.18,-68.24,-68.15,-68.12,-68.05,-68.08,-68.42,-67.96,-68.27,-68.3,-68.39,-68.3,-68.02,-68.08,-68.42,-68.02,-68.3,-67.99,-68.27,-67.93,-68.24,-67.81,-68.33,-67.84,-68.18,-68.18,-67.87,-68.3,-68.02,-67.93,-68.27,-68.27,-67.87,-68.15,-68.3,-68.33,-68.12,-67.93,-67.93,-67.99,-68.12,-68.18,-68.24,-68.21,-68.18,-68.12,-68.05,-68.3,-68.27,-68.18,-67.9,-67.9,-68.02,-68.24,-68.27,-67.96,-68.15,-68.24,-67.93,-68.36,-67.9,-68.21,-67.99,-68.27,-68.08,-67.93,-68.3,-67.84,-68.05,-68.18,-67.75,-68.12,-68.21,-67.87,-67.9,-68.18,-68.27,-68.02,-67.84,-67.78,-67.9,-68.05,-68.15,-68.24,-68.21,-68.24,-68.18,-68.12,-68.02,-68.12,-67.75,-68.08,-68.21,-68.08,-67.96,-67.72,-67.84,-68.21,-67.81,-68.05,-67.78,-67.96,-67.9,-67.99,-67.78,-68.12,-67.72,-68.12,-67.87,-67.84,-68.02,-67.72,-67.87,-68.08,-67.84,-67.69,-68.08,-68.18,-67.99,-67.72,-67.75,-67.9,-68.12,-68.21,-68.18,-68.21,-68.18,-68.27,-68.24,-68.18,-68.33,-68.08,-68.12,-67.81,-67.84,-68.02,-68.12,-68.24,-67.93,-67.84,-68.21,-67.78,-68.3,-67.84,-68.27,-67.75,-68.15,-67.84,-68.08,-68.08,-67.84,-68.33,-67.87,-67.87,-68.21,-67.9,-67.93,-68.24,-68.21,-67.93,-67.81,-67.96,-68.12,-68.24,-68.18,-68.21,-68.12,-68.02,-68.02,-68.08,-68.12,-68.08,-68.12,-67.9,-67.96,-68.12,-68.15,-68.02,-67.87,-67.81,-68.18,-68.02,-67.9,-68.08,-67.69,-68.12,-67.84,-68.02,-67.99,-67.9,-68.18,-67.78,-68.18,-68.05,-67.87,-68.27,-68.02,-67.78,-68.21,-68.27,-67.9,-67.81,-68.05,-68.27,-68.3,-68.27,-68.12,-67.96,-67.9,-67.96,-67.96,-67.99,-68.05,-68.02,-67.93,-68.36,-68.02,-67.93,-67.99,-68.24,-68.36,-68.18,-67.87,-68.27,-68.08,-68.24,-68.15,-68.21,-68.08,-68.27,-67.96,-68.42,-67.93,-68.3,-68.18,-67.99,-68.33,-68.05,-67.93,-68.39,-68.21,-67.96,-68.12,-68.3,-68.42,-68.21,-68.05,-67.93,-67.87,-67.87,-67.93,-67.96,-67.99,-67.93,-67.9,-67.93,-68.36,-67.93,-68.27,-68.36,-68.3,-68.08,-67.9,-68.24,-68.33,-67.87,-68.33,-67.9,-68.24,-68.02,-68.3,-67.84,-68.27,-67.9,-68.24,-68.08,-67.93,-68.3,-68.05,-67.99,-68.42,-68.21,-67.87,-68.21,-68.36,-68.33,-68.08,-67.93,-68.05,-68.15,-68.27,-68.33,-68.42,-68.39,-68.42,-68.33,-68.27,-68.39,-68.27,-68.39,-68.12,-67.96,-68.02,-68.27,-68.33,-68.18,-67.99,-68.39,-68.05,-68.48,-67.99,-68.45,-67.96,-68.36,-68.15,-68.33,-68.3,-67.96,-68.39,-68.18,-68.05,-68.39,-68.3,-67.93,-68.27,-68.39,-68.3,-68.02,-68.05,-68.27,-68.36,-68.42,-68.42,-68.45,-68.36,-68.39,-68.39,-68.45,-68.42,-68.24,-68.08,-68.08,-68.33,-68.39,-68.36,-68.15,-68.05,-68.3,-68.36,-68.08,-68.39,-67.93,-68.42,-67.9,-68.33,-68.08,-68.18,-68.27,-67.9,-68.36,-68.21,-68.05,-68.39,-68.21,-67.96,-68.3,-68.36,-68.08,-67.93,-68.18,-68.36,-68.42,-68.33,-68.27,-68.18,-68.08,-68.12,-68.05,-68.12,-68.24,-68.08,-67.93,-68.33,-68.3,-68.12,-68.02,-68.08,-68.33,-68.48,-68.02,-68.36,-68.33,-68.21,-68.39,-68.18,-68.36,-68.33,-68.33,-68.45,-68.02,-68.51,-68.27,-68.21,-68.51,-68.21,-68.12,-68.48,-68.51,-68.15,-68.12,-68.42,-68.57,-68.48,-68.33,-68.15,-68.18,-68.08,-68.08,-68.08,-68.05,-68.05,-68.12,-68.12,-68.48,-68.05,-68.27,-68.42,-68.48,-68.45,-68.27,-68.21,-68.57,-68.12,-68.45,-68.12,-68.39,-68.08,-68.48,-68.08,-68.51,-68.15,-68.45,-68.45,-67.99,-68.51,-68.42,-68.18,-68.51,-68.54,-68.21,-68.15,-68.48,-68.63,-68.54,-68.33,-68.27,-68.21,-68.27,-68.27,-68.27,-68.24,-68.24,-68.21,-68.15,-68.39,-68.54,-68.63,-68.33,-68.27,-68.33,-68.6,-68.76,-68.39,-68.48,-68.63,-68.36,-68.7,-68.33,-68.63,-68.48,-68.57,-68.57,-68.3,-68.73,-68.33,-68.57,-68.7,-68.3,-68.54,-68.7,-68.48,-68.33,-68.7,-68.76,-68.63,-68.54,-68.33,-68.21,-68.36,-68.48,-68.48,-68.48,-68.48,-68.39,-68.36,-68.45,-68.88,-68.3,-68.63,-68.76,-68.66,-68.6,-68.33,-68.36,-68.7,-68.33,-68.63,-68.39,-68.51,-68.42,-68.63,-68.21,-68.66,-68.24,-68.63,-68.48,-68.3,-68.6,-68.36,-68.39,-68.66,-68.51,-68.27,-68.51,-68.7,-68.6,-68.42,-68.3,-68.42,-68.54,-68.73,-68.7,-68.79,-68.76,-68.73,-68.63,-68.63,-68.66,-68.57,-68.73,-68.36,-68.33,-68.45,-68.6,-68.7,-68.54,-68.42,-68.79,-68.36,-68.85,-68.39,-68.82,-68.36,-68.76,-68.54,-68.6,-68.66,-68.33,-68.85,-68.51,-68.42,-68.7,-68.57,-68.3,-68.63,-68.73,-68.57,-68.39,-68.39,-68.48,-68.63,-68.76,-68.85,-68.79,-68.79,-68.85,-68.79,-68.82,-68.79,-68.66,-68.39,-68.51,-68.73,-68.76,-68.73,-68.57,-68.33,-68.7,-68.6,-68.48,-68.63,-68.33,-68.73,-68.39,-68.57,-68.54,-68.45,-68.76,-68.27,-68.7,-68.6,-68.39,-68.79,-68.57,-68.3,-68.73,-68.76,-68.45,-68.39,-68.6,-68.82,-68.88,-68.82,-68.73,-68.63,-68.54,-68.54,-68.57,-68.66,-68.7,-68.66,-68.45,-68.85,-68.76,-68.57,-68.42,-68.51,-68.66,-68.91,-68.51,-68.73,-68.82,-68.6,-68.85,-68.6,-68.79,-68.7,-68.63,-68.76,-68.42,-68.85,-68.51,-68.57,-68.82,-68.51,-68.54,-68.91,-68.7,-68.42,-68.57,-68.79,-68.88,-68.79,-68.51,-68.33,-68.36,-68.39,-68.39,-68.45,-68.45,-68.33,-68.42,-68.45,-68.76,-68.39,-68.39,-68.63,-68.7,-68.76,-68.66,-68.33,-68.7,-68.54,-68.45,-68.57,-68.48,-68.7,-68.54,-68.48,-68.7,-68.3,-68.73,-68.39,-68.51,-68.73,-68.3,-68.54,-68.76,-68.36,-68.3,-66.04,-65.43,-64.61,-63.81,-63.17,-62.68,-62.29,-61.83,-61.34,-60.91,-60.46,-60.03,-59.81,-59.6,-59.05,-58.99,-58.32,-58.23,-57.98,-57.56,-56.98,-56.88,-56.73,-56.03,-56.12,-55.48,-55.6,-54.9,-54.84,-54.57,-53.99,-54.08,-53.47,-53.13,-53.1,-52.52,-52.09,-52.15,-51.76,-51.15,-50.81,-50.72,-50.51,-50.11,-49.59,-49.16,-48.74,-48.4,-48.0,-47.49,-47.15,-46.57,-45.99,-45.47,-44.71,-35.06,4.03,39.7,40.86,27.25,11.54,-3.97,-19.93,-34.67,-44.49,-49.9,-53.07,-54.44,-55.54,-55.91,-56.03,-56.21,-55.63,-55.82,-55.36,-54.75,-54.75,-54.23,-53.59,-53.47,-53.25,-52.8,-52.12,-51.73,-51.76,-51.48,-51.18,-50.69,-50.35,-49.96,-49.59,-49.38,-49.1,-48.92,-48.68,-48.46,-48.1,-47.94,-47.55,-47.24,-46.69,-46.69,-46.63,-46.3,-45.81,-45.68,-45.5,-44.92,-45.1,-44.56,-44.56,-44.22,-43.88,-44.04,-43.37,-43.3,-43.15,-42.57,-42.51,-42.39,-41.84,-41.47,-41.47,-41.32,-40.86,-40.31,-40.07,-39.92,-39.73,-39.37,-38.97,-38.42,-36.07,-22.4,-1.34,25.15,33.91,29.54,20.17,8.88,-3.05,-14.74,-26.67,-35.86,-41.78,-45.41,-48.16,-49.84,-50.51,-51.54,-51.48,-52.12,-51.79,-52.06,-51.82,-51.33,-51.45,-51.06,-50.57,-50.69,-50.26,-49.71,-49.77,-49.65,-49.04,-48.58,-48.49,-48.46,-48.28,-47.94,-47.61,-47.27,-47.09,-46.75,-46.48,-46.3,-46.14,-46.05,-45.99,-45.87,-45.53,-45.29,-44.89,-44.77,-44.83,-44.37,-44.04,-44.28,-43.76,-43.73,-43.33,-43.43,-42.91,-43.15,-42.66,-42.33,-42.48,-41.96,-41.75,-41.87,-41.41,-40.95,-41.2,-41.02,-40.56,-40.19,-40.37,-40.34,-40.13,-39.95,-39.64,-39.28,-39.03,-38.76,-38.6,-38.33,-38.18,-38.15,-37.93,-37.78,-37.51,-37.11,-36.71,-36.5,-35.74,-35.61,-35.34,-34.76,-34.03,-33.75,-33.05,-29.24,-18.4,-2.87,17.64,29.27,30.7,25.09,17.15,8.48,-1.65,-12.12,-21.97,-30.0,-36.04,-40.65,-43.76,-45.78,-47.0,-47.88,-48.74,-49.22,-49.59,-49.84,-49.87,-49.87,-49.8,-49.68,-49.47,-49.29,-48.95,-48.65,-48.43,-48.28,-47.97,-47.97,-47.67,-47.67,-47.42,-46.88,-46.88,-46.78,-46.23,-46.48,-45.84,-46.11,-45.44,-45.68,-45.14,-45.38,-44.83,-44.89,-44.71,-44.28,-44.62,-43.95,-43.98,-44.1,-43.58,-43.24,-43.37,-43.3,-42.97,-42.66,-42.33,-42.05,-41.93,-41.9,-41.78,-41.6,-41.5,-41.2,-40.95,-40.74,-40.62,-40.34,-40.25,-40.31,-40.04,-39.64,-39.55,-39.64,-39.67,-39.15,-39.09,-39.03,-38.6,-38.51,-38.12,-37.96,-37.75,-37.23,-37.54,-36.96,-36.68,-36.68,-36.1,-35.86,-35.92,-35.49,-35.06,-35.0,-35.06,-34.73,-34.12,-33.54,-33.14,-32.93,-32.65,-32.38,-31.95,-31.46,-30.73,-29.6,-25.63,-16.11,-2.9,13.92,24.96,28.59,26.06,20.9,13.95,5.98,-2.81,-11.08,-20.05,-27.13,-33.33,-37.29,-40.77,-43.06,-44.56,-46.14,-46.72,-47.61,-48.13,-47.94,-48.61,-48.65,-48.37,-48.49,-48.68,-48.55,-48.16,-47.94,-48.19,-48.07,-47.97,-47.73,-47.45,-47.21,-46.97,-46.84,-46.78,-46.63,-46.57,-46.26,-46.08,-45.78,-45.32,-45.56,-45.14,-44.71,-44.53,-44.74,-44.68,-44.01,-44.25,-43.79,-43.79,-43.33,-43.55,-42.94,-43.24,-42.91,-42.66,-42.85,-42.36,-42.36,-42.39,-42.05,-41.75,-41.99,-41.84,-41.35,-41.05,-41.11,-41.08,-40.95,-40.77,-40.56,-40.28,-40.07,-39.89,-39.7,-39.64,-39.61,-39.58,-39.58,-39.4,-39.09,-38.76,-38.73,-38.79,-38.64,-38.21,-37.9,-38.02,-37.93,-37.63,-37.75,-37.48,-37.45,-37.11,-36.68,-36.74,-36.04,-36.25,-36.01,-35.58,-35.77,-35.68,-35.06,-35.19,-35.19,-34.88,-34.39,-34.24,-34.27,-34.09,-33.75,-33.42,-33.02,-32.62,-32.23,-31.89,-31.4,-30.94,-30.7,-30.3,-29.79,-29.11,-27.95,-25.45,-17.52,-7.57,5.92,18.77,25.57,26.73,23.65,18.62,11.72,4.64,-3.23,-12.33,-20.29,-27.34,-33.14,-36.83,-39.61,-42.02,-43.37,-44.28,-45.35,-45.84,-45.84,-46.2,-46.66,-46.88,-46.78,-46.54,-46.39,-46.3,-46.26,-46.3,-46.17,-45.96,-45.81,-45.62,-45.44,-45.35,-45.29,-44.98,-45.29,-44.68,-44.77,-44.8,-44.65,-44.34,-43.98,-44.31,-43.82,-43.98,-43.73,-43.85,-43.43,-43.67,-43.12,-43.3,-43.06,-42.76,-43.0,-42.63,-42.36,-42.54,-42.3,-41.96,-42.05,-42.27,-42.05,-41.66,-41.41,-41.41,-41.44,-41.44,-41.41,-41.38,-41.35,-41.17,-41.02,-40.89,-40.71,-40.41,-40.31,-40.53,-40.07,-40.19,-39.95,-39.64,-39.49,-39.67,-39.55,-39.15,-39.46,-38.91,-39.12,-38.6,-38.88,-38.48,-38.51,-38.36,-37.93,-38.18,-37.93,-37.54,-37.78,-37.54,-37.08,-37.23,-37.29,-37.11,-36.77,-36.5,-36.59,-36.56,-36.59,-36.5,-36.44,-36.35,-36.19,-36.13,-36.04,-35.92,-35.89,-35.64,-35.58,-35.52,-35.13,-35.16,-35.28,-35.16,-34.82,-34.33,-34.64,-34.42,-34.27,-34.21,-34.12,-33.81,-33.84,-33.29,-33.57,-33.2,-33.05,-33.23,-32.87,-32.87,-33.14,-32.81,-32.44,-32.78,-32.96,-32.68,-32.2,-31.95,-31.86,-31.89,-31.83,-31.65,-31.62,-31.43,-31.28,-31.16,-30.82,-30.52,-30.18,-29.91,-29.88,-29.85,-29.57,-29.24,-29.17,-28.9,-28.56,-27.77,-27.37,-26.98,-25.82,-25.18,-23.16,-18.43,-10.96,-1.92,8.03,16.6,20.81,22.13,20.78,16.66,10.99,4.79,-1.95,-9.49,-16.88,-23.62,-29.36,-33.84,-36.99,-39.31,-41.05,-42.27,-43.18,-43.82,-44.43,-44.86,-45.35,-45.68,-45.99,-46.14,-45.87,-46.11,-45.87,-46.14,-46.26,-46.17,-45.87,-45.78,-45.99,-45.47,-45.81,-45.32,-45.62,-45.2,-45.35,-45.26,-44.89,-45.14,-44.65,-44.59,-44.8,-44.28,-44.25,-44.49,-44.28,-43.88,-43.91,-44.04,-43.98,-43.82,-43.58,-43.27,-43.09,-42.97,-42.85,-42.82,-42.66,-42.63,-42.54,-42.54,-42.63,-42.42,-42.05,-42.33,-42.21,-41.81,-41.56,-41.66,-41.66,-41.35,-41.26,-41.29,-40.89,-40.92,-40.77,-40.56,-40.74,-40.22,-40.59,-40.28,-39.98,-40.22,-39.86,-39.49,-39.79,-39.64,-39.22,-39.22,-39.43,-39.34,-39.09,-38.85,-38.6,-38.57,-38.6,-38.7,-38.7,-38.57,-38.48,-38.36,-38.12,-38.18,-38.18,-37.99,-38.33,-37.87,-38.02,-38.02,-37.84,-37.48,-37.35,-37.69,-37.2,-37.48,-37.05,-37.35,-36.8,-37.23,-36.96,-36.74,-36.9,-36.47,-36.5,-36.56,-36.19,-36.07,-36.32,-36.04,-35.61,-35.61,-35.68,-35.77,-35.61,-35.34,-35.16,-35.03,-34.91,-34.82,-34.79,-34.79,-34.76,-34.79,-34.88,-34.82,-34.79,-34.58,-34.27,-34.12,-34.3,-34.24,-34.06,-33.69,-33.94,-33.78,-33.45,-33.6,-33.11,-33.14,-33.02,-32.68,-32.84,-32.35,-32.53,-32.53,-32.04,-32.32,-32.29,-31.86,-31.56,-31.89,-31.62,-31.19,-30.98,-31.04,-31.28,-31.19,-31.07,-30.85,-30.73,-30.64,-30.55,-30.46,-30.4,-30.4,-30.24,-30.12,-30.03,-29.91,-29.45,-29.21,-29.33,-29.27,-29.02,-28.72,-28.93,-28.53,-28.38,-28.32,-28.23,-27.83,-28.02,-27.53,-27.89,-27.74,-27.56,-27.83,-27.62,-27.01,-27.31,-27.01,-26.43,-26.55,-26.58,-26.49,-26.03,-25.42,-25.15,-25.02,-24.93,-24.69,-24.41,-23.96,-23.47,-22.98,-22.22,-21.18,-20.14,-19.04,-17.36,-14.37,-8.09,-1.86,4.36,10.04,14.25,15.99,16.08,14.43,11.2,7.14,2.81,-3.39,-9.4,-15.17,-21.27,-26.28,-30.03,-33.6,-36.1,-37.69,-39.52,-40.86,-41.53,-42.18,-42.97,-43.7,-44.01,-44.1,-44.1,-44.25,-44.43,-44.62,-44.65,-44.71,-44.68,-44.56,-44.56,-44.53,-44.68,-44.77,-44.56,-44.95,-44.62,-44.56,-44.77,-44.92,-44.56,-44.28,-44.65,-44.28,-44.46,-44.13,-44.4,-43.79,-44.19,-43.76,-43.73,-43.85,-43.46,-43.67,-43.73,-43.27,-43.37,-43.49,-43.27,-43.0,-43.09,-43.24,-43.18,-42.97,-42.76,-42.48,-42.39,-42.3,-42.21,-42.18,-42.02,-42.05,-41.99,-42.11,-42.14,-42.18,-41.81,-42.21,-41.84,-41.6,-41.63,-41.75,-41.69,-41.23,-41.56,-41.23,-41.38,-40.99,-41.23,-40.83,-41.23,-40.8,-40.83,-40.99,-40.53,-40.74,-40.74,-40.22,-40.31,-40.5,-40.31,-39.98,-40.07,-40.34,-40.31,-40.25,-40.16,-39.95,-39.76,-39.64,-39.55,-39.52,-39.52,-39.58,-39.61,-39.73,-39.67,-39.58,-39.12,-39.43,-39.37,-39.06,-38.91,-39.0,-39.18,-38.76,-38.91,-38.82,-38.85,-38.64,-38.73,-38.12,-38.54,-38.24,-38.15,-38.42,-37.87,-37.9,-38.12,-37.69,-37.57,-37.75,-37.63,-37.23,-37.05,-37.11,-37.29,-37.23,-37.08,-36.87,-36.8,-36.71,-36.5,-36.47,-36.44,-36.35,-36.29,-36.16,-36.04,-36.07,-35.58,-35.92,-35.89,-35.52,-35.22,-35.19,-35.49,-35.06,-35.28,-34.97,-35.1,-34.73,-35.06,-34.61,-34.91,-34.79,-34.48,-34.73,-34.42,-34.3,-34.55,-34.48,-34.09,-34.3,-34.48,-34.36,-34.06,-33.87,-34.09,-34.21,-34.24,-34.21,-34.21,-34.24,-34.09,-34.12,-34.03,-33.87,-33.84,-33.54,-33.6,-33.72,-33.11,-33.39,-33.45,-33.2,-32.87,-32.87,-33.17,-32.87,-33.14,-32.87,-33.17,-32.75,-33.05,-32.62,-32.87,-32.84,-32.47,-32.78,-32.56,-32.1,-32.59,-32.5,-32.01,-31.92,-32.2,-32.14,-31.83,-31.56,-31.31,-31.34,-31.46,-31.49,-31.52,-31.46,-31.37,-31.25,-31.1,-31.07,-30.91,-30.88,-30.94,-31.34,-31.1,-31.4,-31.59,-31.49,-31.22,-31.34,-31.74,-31.37,-31.8,-31.37,-31.8,-31.4,-31.8,-31.74,-31.83,-32.1,-31.71,-32.07,-32.26,-31.77,-32.01,-32.32,-32.1,-31.98,-32.2,-32.56,-32.65,-32.47,-32.38,-32.35,-32.47,-32.62,-32.68,-32.75,-32.75,-32.81,-32.81,-32.78,-33.02,-33.08,-33.02,-33.42,-32.99,-33.02,-33.29,-33.45,-33.45,-33.11,-33.57,-33.26,-33.48,-33.11,-33.54,-33.26,-33.78,-33.51,-33.63,-33.84,-33.51,-33.78,-34.0,-33.6,-33.75,-33.97,-33.87,-33.45,-33.6,-33.91,-33.97,-33.91,-33.78,-33.72,-33.63,-33.54,-33.48,-33.42,-33.42,-33.45,-33.63,-33.63,-33.75,-33.75,-33.42,-33.78,-33.57,-33.45,-33.66,-33.78,-33.72,-33.42,-33.87,-33.51,-33.84,-33.48,-33.97,-33.54,-33.94,-33.75,-33.54,-33.87,-33.45,-33.57,-33.87,-33.63,-33.51,-33.87,-33.91,-33.63,-33.54,-33.91,-33.91,-34.03,-33.97,-33.87,-33.84,-33.78,-33.97,-34.03,-34.03,-34.06,-34.15,-34.3,-34.27,-34.15,-33.78,-34.24,-34.21,-33.91,-33.87,-34.24,-34.27,-33.91,-34.33,-34.15,-34.45,-34.21,-34.64,-34.18,-34.58,-34.33,-34.21,-34.52,-34.18,-34.15,-34.55,-34.24,-34.18,-34.42,-34.45,-34.24,-34.03,-34.12,-34.27,-34.36,-34.36,-34.3,-34.21,-34.06,-34.15,-34.03,-34.12,-34.18,-34.12,-34.15,-34.0,-34.27,-33.84,-34.24,-34.27,-34.12,-34.0,-34.33,-34.48,-34.12,-34.58,-34.15,-34.64,-34.24,-34.64,-34.39,-34.61,-34.73,-34.42,-34.85,-34.64,-34.39,-34.73,-34.64,-34.3,-34.52,-34.73,-34.67,-34.48,-34.36,-34.58,-34.79,-34.82,-34.97,-34.88,-34.91,-34.94,-35.0,-34.97,-34.94,-34.85,-34.7,-34.79,-35.13,-34.67,-34.97,-35.03,-34.85,-34.52,-34.64,-34.88,-34.52,-34.91,-34.58,-34.94,-34.52,-34.88,-34.64,-34.85,-35.03,-34.73,-35.06,-35.03,-34.79,-35.13,-35.19,-34.88,-34.91,-35.19,-35.28,-35.19,-34.91,-34.79,-34.82,-34.91,-35.0,-35.03,-35.1,-35.1,-35.03,-34.97,-34.76,-34.73,-34.73,-34.79,-35.19,-34.64,-34.97,-35.06,-34.97,-34.7,-34.64,-35.0,-34.64,-35.06,-34.64,-34.97,-34.42,-35.03,-34.73,-34.7,-35.0,-34.67,-34.79,-34.97,-34.61,-34.85,-35.13,-34.94,-34.76,-35.06,-35.25,-35.25,-35.03,-34.88,-34.73,-34.82,-34.88,-34.76,-34.82,-34.82,-34.64,-34.61,-34.61,-34.76,-34.73,-34.58,-34.94,-34.58,-34.73,-34.85,-34.85,-34.67,-34.55,-34.88,-34.45,-34.97,-34.52,-35.0,-34.64,-35.03,-35.0,-34.82,-35.22,-34.94,-34.94,-35.31,-34.97,-34.82,-35.16,-35.19,-34.85,-34.67,-35.03,-35.13,-35.19,-35.13,-34.97,-34.88,-34.82,-34.76,-34.82,-34.85,-34.85,-34.91,-34.97,-34.94,-34.85,-34.58,-34.79,-34.48,-34.61,-34.82,-34.85,-34.61,-34.61,-34.94,-34.52,-34.97,-34.42,-34.79,-34.7,-34.79,-35.03,-34.61,-35.0,-34.82,-34.61,-34.88,-34.82,-34.52,-34.73,-35.0,-34.76,-34.58,-34.55,-34.76,-34.85,-34.88,-34.82,-34.85,-34.85,-34.76,-34.82,-34.82,-34.91,-34.88,-34.82,-34.82,-34.94,-34.73,-34.91,-34.55,-34.64,-34.85,-35.03,-34.82,-34.73,-35.03,-34.61,-35.1,-34.73,-34.88,-34.85,-34.7,-35.13,-34.76,-34.88,-35.06,-34.67,-35.03,-35.16,-34.82,-34.79,-35.1,-35.13,-34.88,-34.82,-34.85,-35.06,-35.1,-35.22,-35.31,-35.34,-35.31,-35.31,-35.31,-35.22,-35.13,-34.94,-34.94,-35.19,-35.03,-35.22,-34.88,-34.85,-35.0,-35.13,-35.0,-34.73,-35.13,-34.64,-35.0,-34.64,-34.82,-34.82,-34.58,-35.03,-34.73,-34.82,-35.0,-34.7,-34.76,-35.06,-34.82,-34.58,-34.91,-35.13,-34.97,-34.79,-34.7,-34.82,-34.88,-35.0,-35.03,-35.19,-35.19,-35.1,-35.03,-34.85,-34.82,-34.82,-34.88,-35.1,-35.25,-35.34,-35.13,-34.94,-35.06,-35.22,-35.06,-34.88,-35.13,-34.82,-35.19,-35.1,-35.03,-35.22,-34.85,-35.31,-35.0,-34.85,-35.28,-35.1,-34.88,-35.28,-35.25,-34.88,-34.91,-35.28,-35.19,-35.13,-34.82,-34.61,-34.61,-34.64,-34.67,-34.7,-34.76,-34.7,-34.67,-34.64,-34.82,-34.97,-34.76,-35.1,-34.97,-35.22,-35.19,-35.06,-34.88,-35.13,-35.22,-34.97,-35.37,-34.94,-35.25,-34.94,-34.97,-35.06,-34.67,-35.1,-34.85,-34.76,-35.22,-34.91,-34.61,-35.0,-35.03,-34.82,-34.79,-35.0,-35.06,-34.97,-34.85,-34.64,-34.48,-34.52,-34.52,-34.45,-34.42,-34.39,-34.48,-34.67,-34.79,-34.82,-34.58,-34.73,-34.45,-34.76,-34.91,-34.73,-34.39,-34.58,-34.79,-34.52,-34.97,-34.52,-34.94,-34.55,-34.85,-34.82,-34.58,-35.06,-34.76,-34.67,-35.03,-34.79,-34.48,-34.91,-35.0,-34.82,-34.64,-34.94,-35.16,-35.16,-35.13,-34.94,-34.85,-34.79,-34.79,-34.7,-34.76,-34.76,-35.0,-35.13,-35.19,-35.22,-35.0,-35.31,-34.91,-35.0,-35.13,-35.16,-35.03,-34.79,-35.16,-34.73,-35.1,-34.7,-35.19,-34.97,-35.0,-35.22,-34.79,-35.22,-35.0,-34.79,-35.31,-35.19,-34.82,-35.13,-35.34,-35.25,-34.94,-34.91,-35.37,-35.34,-35.4,-35.34,-35.19,-35.16,-35.22,-35.25,-35.28,-35.25,-35.19,-35.13,-35.1,-35.16,-34.82,-35.03,-34.7,-34.64,-34.97,-34.97,-35.0,-34.82,-35.19,-34.82,-35.25,-34.79,-35.31,-34.97,-35.19,-35.25,-34.85,-35.19,-35.0,-34.79,-35.22,-35.1,-34.7,-35.0,-35.16,-35.03,-34.73,-34.73,-34.91,-35.06,-35.19,-35.13,-35.19,-35.13,-35.1,-35.16,-35.19,-35.19,-35.25,-35.22,-35.25,-35.31,-34.94,-35.28,-35.25,-34.97,-34.88,-35.25,-35.37,-35.03,-35.49,-35.03,-35.43,-34.97,-35.46,-35.1,-35.31,-35.37,-34.94,-35.31,-35.22,-34.97,-35.4,-35.43,-35.06,-35.22,-35.52,-35.43,-35.31,-35.1,-35.16,-35.37,-35.52,-35.68,-35.71,-35.68,-35.74,-35.71,-35.74,-35.64,-35.49,-35.28,-35.34,-35.77,-35.43,-35.83,-35.77,-35.52,-35.4,-35.71,-35.83,-35.52,-35.92,-35.64,-36.07,-35.74,-35.98,-35.71,-35.92,-36.04,-35.64,-36.1,-36.04,-35.86,-36.22,-36.19,-35.8,-35.86,-36.25,-36.19,-35.98,-35.8,-35.83,-35.86,-36.04,-36.19,-36.19,-36.25,-36.19,-36.1,-36.04,-35.98,-35.83,-35.68,-35.77,-36.07,-35.77,-35.77,-36.01,-36.13,-36.04,-35.68,-36.13,-35.89,-35.92,-35.95,-35.89,-35.8,-36.13,-35.71,-36.1,-35.89,-35.68,-36.07,-35.74,-35.71,-36.04,-35.86,-35.58,-35.89,-36.1,-36.01,-35.92,-35.74,-35.8,-35.92,-36.07,-36.16,-36.16,-36.13,-36.04,-35.95,-35.89,-35.77,-35.61,-35.52,-35.8,-35.86,-35.89,-35.58,-35.58,-35.86,-35.95,-35.8,-35.74,-36.01,-35.64,-35.89,-35.58,-35.8,-35.83,-35.55,-35.98,-35.71,-35.71,-35.98,-35.61,-35.74,-36.04,-35.8,-35.49,-35.77,-35.98,-35.95,-35.71,-35.49,-35.58,-35.71,-35.89,-36.01,-36.01,-36.01,-36.04,-35.95,-35.8,-35.68,-35.64,-35.52,-35.89,-35.71,-36.01,-35.83,-35.55,-35.64,-35.92,-35.98,-35.61,-35.98,-35.55,-35.98,-35.64,-35.77,-35.83,-35.61,-36.04,-35.71,-35.95,-36.1,-35.86,-35.98,-36.19,-36.07,-35.8,-35.98,-36.29,-36.25,-36.13,-35.89,-35.89,-35.89,-36.01,-36.07,-36.1,-36.1,-36.04,-36.01,-35.95,-35.95,-36.07,-35.98,-36.25,-36.16,-36.47,-36.41,-36.22,-35.95,-36.22,-36.41,-36.01,-36.44,-36.01,-36.56,-36.22,-36.44,-36.44,-36.16,-36.62,-36.22,-36.32,-36.68,-36.38,-36.41,-36.71,-36.62,-36.22,-36.38,-36.62,-36.68,-36.53,-36.41,-36.22,-36.1,-36.1,-36.16,-36.16,-36.04,-35.92,-35.86,-35.89,-36.01,-36.13,-35.83,-36.22,-35.8,-36.07,-36.1,-36.1,-35.92,-35.86,-36.16,-35.8,-36.13,-35.71,-36.16,-35.86,-36.1,-36.07,-35.8,-36.13,-35.86,-35.74,-36.01,-35.83,-35.61,-35.95,-35.92,-35.49,-35.52,-35.83,-35.92,-35.92,-35.8,-35.71,-35.55,-35.55,-35.55,-35.55,-35.61,-35.77,-35.95,-36.07,-36.16,-36.16,-35.8,-36.1,-35.8,-35.86,-36.04,-36.13,-36.01,-35.74,-36.22,-35.92,-36.29,-35.95,-36.44,-36.04,-36.44,-36.19,-36.19,-36.38,-36.01,-36.25,-36.5,-36.19,-36.29,-36.62,-36.47,-36.25,-36.35,-36.68,-36.8,-36.74,-36.59,-36.41,-36.41,-36.35,-36.5,-36.41,-36.41,-36.41,-36.5,-36.59,-36.74,-36.65,-36.44,-36.68,-36.8,-36.59,-36.47,-36.62,-36.83,-36.53,-36.59,-36.65,-36.41,-36.5,-36.53,-36.47,-36.77,-36.32,-36.68,-36.56,-36.22,-36.68,-36.44,-36.07,-36.47,-36.53,-36.16,-36.04,-36.35,-36.53,-36.41,-36.35,-36.25,-36.16,-36.1,-36.19,-36.25,-36.29,-36.22,-36.32,-36.41,-36.62,-36.65,-36.41,-36.77,-36.44,-36.71,-36.9,-36.8,-36.59,-36.53,-36.77,-36.41,-36.83,-36.44,-36.8,-36.44,-36.71,-36.65,-36.44,-36.9,-36.56,-36.62,-36.96,-36.71,-36.53,-36.93,-36.9,-36.59,-36.56,-36.93,-37.17,-37.08,-36.93,-36.74,-36.59,-36.59,-36.5,-36.62,-36.56,-36.65,-36.68,-36.9,-36.96,-36.87,-36.65,-37.08,-36.77,-36.77,-37.02,-37.14,-37.14,-36.77,-37.11,-36.87,-37.08,-36.77,-37.17,-36.8,-37.17,-36.99,-36.99,-37.17,-36.8,-37.05,-37.32,-36.87,-37.05,-37.26,-37.2,-36.93,-36.83,-37.23,-37.29,-37.23,-37.14,-37.02,-36.83,-36.83,-36.77,-36.74,-36.74,-36.87,-37.02,-37.14,-37.26,-37.14,-36.83,-37.17,-37.14,-36.96,-36.74,-36.87,-37.14,-36.77,-36.93,-36.93,-36.9,-36.83,-36.93,-36.53,-36.99,-36.56,-36.68,-36.74,-36.29,-36.65,-36.65,-36.25,-36.29,-36.53,-36.47,-36.22,-36.29,-36.53,-36.62,-36.56,-36.41,-36.32,-36.29,-36.22,-36.25,-36.35,-36.44,-36.56,-36.71,-36.74,-36.77,-36.71,-36.47,-36.62,-36.83,-36.68,-36.5,-36.38,-36.68,-36.65,-36.47,-36.62,-36.35,-36.5,-36.47,-36.19,-36.71,-36.32,-36.62,-36.71,-36.38,-36.71,-36.77,-36.32,-36.59,-36.8,-36.59,-36.38,-36.29,-36.53,-36.65,-36.65,-36.65,-36.56,-36.59,-36.47,-36.5,-36.59,-36.65,-36.77,-36.9,-36.93,-36.93,-36.74,-36.68,-36.44,-36.74,-36.93,-36.77,-36.5,-36.77,-36.9,-36.65,-36.93,-36.65,-36.96,-36.77,-36.68,-37.02,-36.53,-36.87,-36.83,-36.5,-36.87,-36.8,-36.53,-36.68,-36.96,-36.93,-36.5,-36.56,-36.8,-36.99,-36.99,-36.93,-36.96,-36.87,-36.87,-36.8,-36.83,-36.93,-37.05,-37.05,-37.05,-37.05,-36.77,-37.05,-36.62,-36.59,-36.9,-37.02,-36.99,-36.71,-37.23,-36.8,-37.23,-36.71,-37.02,-36.71,-36.96,-37.08,-36.62,-37.05,-36.93,-36.71,-37.11,-37.11,-36.77,-37.02,-37.17,-37.08,-36.83,-36.68,-36.87,-36.99,-37.05,-37.08,-37.02,-37.05,-36.99,-37.08,-37.11,-37.26,-37.14,-37.14,-37.02,-37.23,-36.8,-37.08,-36.96,-36.68,-36.71,-36.96,-37.14,-36.68,-37.17,-36.9,-37.26,-36.83,-37.23,-36.74,-37.17,-37.11,-36.87,-37.2,-37.02,-36.93,-37.29,-37.17,-36.99,-37.29,-37.41,-37.32,-37.08,-37.08,-37.32,-37.51,-37.51,-37.51,-37.51,-37.38,-37.45,-37.51,-37.54,-37.6,-37.66,-37.63,-37.66,-37.66,-37.29,-37.41,-37.69,-37.66,-37.51,-37.29,-37.72,-37.69,-37.57,-37.69,-37.57,-37.63,-37.81,-37.48,-37.81,-37.54,-37.63,-37.78,-37.45,-37.78,-37.93,-37.6,-37.66,-37.87,-37.87,-37.57,-37.41,-37.51,-37.69,-37.72,-37.69,-37.57,-37.48,-37.54,-37.48,-37.6,-37.57,-37.6,-37.63,-37.69,-37.63,-37.38,-37.63,-37.32,-37.41,-37.66,-37.78,-37.63,-37.26,-37.66,-37.26,-37.69,-37.32,-37.78,-37.32,-37.72,-37.6,-37.48,-37.87,-37.45,-37.51,-37.87,-37.54,-37.41,-37.78,-37.75,-37.48,-37.45,-37.63,-37.81,-37.75,-37.66,-37.51,-37.38,-37.2,-37.11,-37.08,-37.02,-37.05,-37.2,-37.29,-37.29,-37.05,-37.14,-37.02,-37.23,-37.32,-37.08,-36.9,-37.14,-37.2,-36.9,-37.2,-36.77,-37.11,-37.02,-37.02,-37.2,-36.74,-37.2,-37.02,-36.83,-37.11,-37.05,-36.65,-37.02,-37.11,-36.77,-36.62,-36.9,-37.2,-37.14,-37.02,-36.96,-36.8,-36.77,-36.71,-36.74,-36.87,-36.77,-36.9,-37.05,-37.2,-37.23,-36.9,-37.26,-36.96,-36.96,-37.08,-37.23,-37.23,-36.99,-37.38,-37.2,-37.41,-37.2,-37.51,-37.14,-37.57,-37.32,-37.38,-37.63,-37.23,-37.57,-37.6,-37.26,-37.48,-37.66,-37.48,-37.17,-37.41,-37.69,-37.81,-37.63,-37.51,-37.45,-37.38,-37.38,-37.41,-37.29,-37.35,-37.29,-37.41,-37.57,-37.72,-37.69,-37.72,-37.75,-37.9,-37.78,-37.51,-37.57,-37.87,-37.81,-37.57,-37.84,-37.45,-37.75,-37.63,-37.63,-37.72,-37.29,-37.84,-37.66,-37.48,-37.84,-37.6,-37.45,-37.72,-37.69,-37.38,-37.41,-37.69,-37.78,-37.69,-37.57,-37.38,-37.29,-37.35,-37.32,-37.17,-37.17,-37.23,-37.17,-37.26,-37.41,-37.51,-37.29,-37.69,-37.23,-37.45,-37.57,-37.54,-37.32,-37.23,-37.54,-37.14,-37.54,-37.2,-37.57,-37.11,-37.54,-37.11,-37.26,-37.41,-36.96,-37.38,-37.35,-36.87,-37.2,-37.2,-37.02,-36.9,-37.23,-37.32,-37.26,-37.02,-36.77,-36.83,-36.96,-37.02,-37.02,-37.11,-37.05,-36.93,-36.8,-36.87,-36.74,-36.68,-36.87,-36.96,-37.08,-36.93,-36.8,-36.99,-37.14,-37.11,-36.99,-37.2,-36.9,-37.23,-37.08,-37.2,-37.29,-36.96,-37.41,-37.11,-37.29,-37.54,-37.26,-37.41,-37.72,-37.6,-37.32,-37.54,-37.81,-37.72,-37.6,-37.41,-37.38,-37.51,-37.6,-37.6,-37.63,-37.51,-37.54,-37.38,-37.29,-37.23,-37.2,-37.29,-37.78,-37.35,-37.69,-37.72,-37.63,-37.26,-37.41,-37.69,-37.26,-37.75,-37.32,-37.75,-37.26,-37.72,-37.45,-37.57,-37.72,-37.29,-37.54,-37.72,-37.26,-37.54,-37.6,-37.29,-37.32,-37.66,-37.63,-37.41,-37.23,-37.14,-37.2,-37.32,-37.38,-37.35,-37.41,-37.41,-37.45,-37.29,-37.14,-36.99,-36.9,-37.2,-37.38,-37.23,-36.99,-37.08,-37.26,-37.29,-36.93,-37.2,-37.17,-36.9,-37.08,-36.93,-36.93,-37.08,-36.8,-37.29,-37.05,-37.05,-37.38,-37.08,-37.17,-37.6,-37.38,-37.14,-37.29,-37.57,-37.38,-37.14,-36.93,-36.96,-37.14,-37.29,-37.23,-37.38,-37.38,-37.48,-37.41,-37.32,-37.14,-37.02,-36.99,-37.32,-37.11,-37.51,-37.45,-37.26,-37.08,-37.38,-37.38,-37.02,-37.38,-36.96,-37.41,-36.96,-37.38,-36.99,-37.29,-37.29,-36.96,-37.45,-37.2,-37.02,-37.35,-37.2,-36.93,-37.23,-37.35,-37.23,-36.83,-36.87,-37.08,-37.23,-37.32,-37.45,-37.38,-37.38,-37.35,-37.35,-37.23,-37.35,-37.32,-37.14,-37.2,-36.99,-37.17,-36.83,-36.87,-37.05,-37.08,-37.08,-36.9,-37.23,-36.71,-37.14,-36.71,-37.26,-36.87,-37.17,-37.17,-36.87,-37.26,-37.05,-37.08,-37.38,-37.17,-36.9,-37.23,-37.29,-37.02,-36.99,-37.17,-37.38,-37.38,-37.26,-37.2,-37.17,-37.05,-36.99,-37.02,-37.17,-37.29,-37.35,-37.51,-37.6,-37.48,-37.14,-37.35,-37.51,-37.45,-37.2,-37.2,-37.45,-37.32,-37.14,-37.48,-37.05,-37.26,-37.11,-37.08,-37.29,-36.93,-37.35,-37.14,-36.96,-37.35,-37.14,-36.87,-37.26,-37.29,-36.96,-36.87,-37.14,-37.26,-37.29,-37.14,-37.08,-36.99,-36.9,-36.9,-36.83,-36.83,-36.83,-36.83,-36.96,-37.17,-37.05,-36.83,-37.29,-37.05,-36.8,-37.11,-37.29,-37.29,-36.96,-37.32,-37.08,-37.29,-37.05,-37.45,-37.02,-37.38,-37.02,-37.29,-37.38,-37.02,-37.29,-37.29,-36.99,-37.29,-37.45,-37.11,-36.99,-37.26,-37.51,-37.57,-37.41,-37.23,-37.08,-37.17,-37.08,-37.08,-37.02,-37.11,-37.11,-37.08,-37.17,-37.38,-37.32,-37.38,-37.54,-37.66,-37.45,-37.29,-37.23,-37.57,-37.45,-37.26,-37.54,-37.26,-37.57,-37.32,-37.2,-37.54,-37.11,-37.48,-37.35,-37.11,-37.51,-37.38,-37.05,-37.23,-37.35,-37.17,-36.9,-37.17,-37.38,-37.41,-37.38,-37.17,-37.05,-36.87,-36.87,-36.77,-36.74,-36.74,-36.9,-36.99,-37.11,-36.99,-36.9,-36.8,-36.8,-37.14,-37.14,-36.96,-36.65,-36.99,-37.02,-36.71,-37.05,-36.68,-36.93,-36.83,-36.8,-36.96,-36.47,-37.02,-36.93,-36.62,-36.99,-36.9,-36.59,-36.87,-37.08,-36.68,-36.53,-36.71,-36.96,-37.02,-36.96,-36.83,-36.74,-36.59,-36.53,-36.59,-36.44,-36.5,-36.56,-36.68,-36.71,-36.68,-36.38,-36.56,-36.29,-36.5,-36.65,-36.68,-36.56,-36.44,-36.77,-36.35,-36.8,-36.41,-36.93,-36.35,-36.59,-36.5,-36.32,-36.74,-36.38,-36.47,-36.74,-36.47,-36.32,-36.74,-36.71,-36.41,-36.35,-36.59,-36.8,-36.87,-36.71,-36.53,-36.5,-36.47,-36.35,-36.41,-36.47,-36.56,-36.68,-36.83,-36.96,-36.87,-36.56,-36.96,-36.93,-36.71,-36.68,-36.9,-37.08,-36.65,-36.8,-36.9,-36.74,-36.74,-36.87,-36.68,-37.05,-36.59,-37.02,-37.02,-36.8,-37.2,-37.08,-36.8,-37.05,-37.11,-36.93,-36.77,-36.93,-37.11,-37.11,-37.02,-36.8,-36.77,-36.65,-36.56,-36.59,-36.56,-36.53,-36.47,-36.47,-36.44,-36.65,-36.53,-36.71,-36.29,-36.65,-36.74,-36.77,-36.44,-36.44,-36.77,-36.32,-36.74,-36.41,-36.83,-36.32,-36.68,-36.56,-36.5,-36.74,-36.32,-36.59,-36.77,-36.35,-36.5,-36.74,-36.62,-36.38,-36.56,-36.77,-36.96,-36.83,-36.59,-36.5,-36.44,-36.5,-36.56,-36.53,-36.59,-36.56,-36.68,-36.83,-36.96,-36.96,-36.68,-37.02,-36.62,-37.05,-37.05,-36.8,-36.96,-37.14,-36.77,-37.11,-36.74,-36.9,-36.77,-36.68,-37.05,-36.74,-36.8,-37.14,-36.74,-36.87,-37.17,-37.05,-36.77,-37.02,-37.26,-37.2,-36.99,-36.87,-36.96,-37.05,-37.11,-37.2,-37.35,-37.35,-37.32,-37.32,-37.26,-37.11,-36.99,-37.11,-37.23,-37.26,-37.17,-37.54,-37.57,-37.23,-37.23,-37.48,-37.57,-37.23,-37.69,-37.23,-37.72,-37.32,-37.87,-37.48,-37.96,-37.54,-37.93,-37.57,-37.75,-37.78,-37.57,-37.96,-37.84,-37.6,-37.96,-38.15,-37.81,-37.57,-37.6,-37.87,-37.99,-38.06,-38.02,-38.06,-38.09,-38.02,-38.09,-38.12,-38.18,-38.21,-38.09,-38.15,-37.69,-38.12,-38.12,-37.9,-37.81,-37.99,-38.24,-37.87,-38.09,-37.96,-37.96,-37.87,-38.18,-37.84,-38.3,-37.9,-38.12,-38.21,-37.9,-38.27,-38.3,-37.99,-38.36,-38.54,-38.24,-38.06,-38.48,-38.64,-38.64,-38.48,-38.3,-38.21,-38.12,-38.15,-38.21,-38.24,-38.21,-38.24,-38.36,-38.54,-38.54,-38.39,-38.79,-38.57,-38.3,-38.33,-38.6,-38.7,-38.39,-38.36,-38.54,-38.24,-38.67,-38.39,-38.48,-38.42,-38.24,-38.6,-38.15,-38.48,-38.54,-38.15,-38.51,-38.45,-38.15,-38.24,-38.54,-38.45,-38.06,-37.99,-38.24,-38.36,-38.33,-38.3,-38.27,-38.21,-38.18,-38.15,-38.21,-38.21,-38.24,-38.24,-38.24,-37.96,-38.33,-38.18,-37.99,-38.18,-38.36,-38.42,-38.02,-38.42,-38.33,-38.3,-38.15,-38.42,-38.06,-38.42,-37.99,-38.27,-38.21,-37.96,-38.39,-38.21,-38.06,-38.45,-38.39,-38.12,-38.21,-38.57,-38.48,-38.36,-38.18,-38.09,-38.18,-38.3,-38.42,-38.48,-38.39,-38.33,-38.27,-38.15,-38.12,-38.06,-38.27,-38.33,-38.33,-38.15,-38.15,-38.36,-38.54,-38.39,-38.15,-38.57,-38.15,-38.6,-38.12,-38.51,-38.15,-38.51,-38.36,-38.12,-38.45,-38.06,-38.27,-38.42,-37.93,-38.15,-38.45,-38.42,-38.12,-38.02,-38.33,-38.42,-38.33,-38.15,-37.99,-37.93,-37.96,-37.96,-37.9,-37.96,-38.02,-38.02,-38.06,-38.02,-37.87,-38.18,-37.99,-37.78,-37.81,-37.96,-38.06,-37.72,-37.66,-37.81,-37.51,-37.66,-37.51,-37.69,-37.66,-37.41,-37.99,-37.48,-37.63,-37.75,-37.38,-37.72,-37.84,-37.51,-37.57,-37.84,-37.84,-37.54,-37.48,-37.63,-37.87,-37.87,-37.9,-38.06,-38.09,-38.02,-38.06,-38.15,-38.12,-38.06,-37.99,-38.02,-37.87,-37.9,-37.66,-37.75,-37.9,-38.12,-38.06,-37.72,-38.18,-37.81,-38.24,-37.99,-38.36,-37.9,-38.36,-38.09,-38.18,-38.39,-38.06,-38.36,-38.33,-38.06,-38.42,-38.51,-38.18,-38.12,-38.36,-38.48,-38.24,-38.21,-38.09,-38.15,-38.24,-38.3,-38.36,-38.39,-38.33,-38.27,-38.24,-38.12,-38.18,-38.36,-38.64,-38.57,-38.33,-38.48,-38.7,-38.7,-38.51,-38.48,-38.79,-38.36,-38.7,-38.18,-38.6,-38.48,-38.36,-38.67,-38.21,-38.7,-38.67,-38.36,-38.79,-38.76,-38.3,-38.67,-38.88,-38.76,-38.48,-38.48,-38.79,-38.88,-38.94,-38.88,-38.79,-38.82,-38.82,-38.85,-38.91,-38.97,-39.03,-39.09,-39.06,-38.88,-39.03,-38.76,-38.97,-39.12,-39.22,-39.03,-38.85,-39.22,-38.79,-39.18,-39.03,-39.34,-38.85,-39.28,-38.94,-39.15,-39.12,-38.76,-39.25,-39.06,-38.79,-39.12,-39.15,-38.82,-38.85,-39.28,-39.12,-38.88,-38.67,-38.7,-38.94,-39.09,-39.15,-39.18,-39.22,-39.25,-39.15,-39.15,-39.06,-38.91,-39.03,-39.12,-38.76,-38.67,-38.88,-39.0,-38.94,-38.64,-38.82,-39.0,-38.64,-39.03,-38.54,-38.88,-38.76,-38.82,-38.94,-38.57,-39.06,-38.85,-38.67,-39.12,-38.82,-38.64,-38.97,-38.97,-38.7,-38.57,-38.94,-39.15,-39.06,-38.88,-38.76,-38.7,-38.76,-38.7,-38.76,-38.73,-38.76,-38.82,-38.97,-39.03,-38.85,-39.18,-38.88,-39.06,-39.22,-39.25,-39.0,-38.91,-39.18,-38.94,-39.06,-39.0,-39.0,-38.91,-39.15,-38.79,-39.25,-38.85,-38.94,-39.12,-38.6,-38.85,-38.97,-38.6,-38.7,-39.0,-38.91,-38.67,-38.57,-38.91,-39.09,-39.12,-39.12,-39.09,-38.91,-38.91,-38.97,-39.0,-39.09,-39.18,-39.34,-39.28,-39.0,-39.12,-38.85,-39.06,-39.28,-39.43,-39.06,-38.85,-39.34,-38.97,-39.31,-38.91,-39.4,-38.94,-39.28,-38.88,-39.18,-39.12,-38.94,-39.34,-39.12,-38.97,-39.4,-39.25,-38.88,-39.18,-39.31,-39.12,-38.82,-38.82,-38.97,-39.12,-39.34,-39.4,-39.34,-39.31,-39.28,-39.25,-39.15,-39.06,-38.97,-39.09,-38.91,-38.94,-38.7,-38.82,-39.09,-39.12,-38.94,-38.7,-39.15,-38.7,-39.18,-38.79,-39.18,-38.85,-39.12,-38.94,-38.88,-39.15,-38.76,-39.03,-39.03,-38.64,-38.94,-39.06,-38.7,-38.67,-38.88,-39.03,-39.0,-38.73,-38.67,-38.6,-38.82,-38.91,-38.88,-38.97,-38.94,-38.88,-38.85,-38.7,-38.79,-38.91,-39.15,-39.0,-38.79,-38.91,-39.03,-39.09,-38.85,-38.88,-39.15,-38.7,-39.06,-38.64,-39.06,-38.73,-39.0,-38.97,-38.79,-39.15,-38.82,-38.88,-39.12,-38.73,-38.82,-39.18,-39.03,-38.64,-38.76,-38.97,-39.06,-39.06,-39.03,-38.85,-38.73,-38.73,-38.73,-38.73,-38.85,-38.91,-39.06,-39.18,-39.22,-38.91,-39.22,-38.79,-39.0,-39.18,-39.15,-39.12,-38.85,-39.22,-38.91,-39.22,-38.97,-39.28,-38.79,-39.18,-38.85,-39.06,-39.06,-38.67,-39.12,-38.97,-38.85,-39.09,-39.12,-38.79,-38.91,-39.18,-39.12,-39.0,-38.82,-38.82,-38.82,-38.88,-39.03,-39.0,-39.0,-38.97,-38.88,-38.85,-38.73,-38.6,-38.76,-39.0,-38.6,-38.76,-38.94,-38.91,-38.91,-38.6,-38.94,-38.82,-38.85,-38.79,-38.67,-38.7,-38.79,-38.54,-38.85,-38.54,-38.79,-38.94,-38.54,-38.79,-38.79,-38.42,-38.57,-38.88,-38.76,-38.54,-38.57,-38.79,-38.94,-38.97,-38.94,-38.85,-38.73,-38.7,-38.67,-38.64,-38.73,-38.76,-38.76,-38.73,-38.64,-38.39,-38.67,-38.76,-38.73,-38.51,-38.57,-38.82,-38.67,-38.6,-38.91,-38.67,-39.0,-38.91,-38.88,-39.18,-38.79,-39.25,-39.03,-38.94,-39.34,-39.15,-39.03,-39.34,-39.43,-39.12,-39.09,-39.4,-39.43,-39.37,-39.25,-39.06,-39.03,-39.09,-39.22,-39.18,-39.09,-39.15,-39.09,-39.12,-39.12,-39.18,-39.18,-39.55,-39.46,-39.22,-39.28,-39.58,-39.61,-39.28,-39.4,-39.49,-39.31,-39.43,-39.4,-39.4,-39.55,-39.12,-39.55,-39.25,-39.28,-39.61,-39.18,-39.34,-39.61,-39.4,-39.22,-39.58,-39.7,-39.55,-39.37,-39.18,-39.37,-39.55,-39.61,-39.7,-39.67,-39.76,-39.7,-39.61,-39.58,-39.43,-39.28,-39.37,-39.58,-39.31,-39.28,-39.58,-39.67,-39.52,-39.28,-39.58,-39.52,-39.34,-39.55,-39.55,-39.52,-39.58,-39.28,-39.67,-39.22,-39.4,-39.55,-39.25,-39.58,-39.61,-39.28,-39.4,-39.64,-39.49,-39.22,-39.06,-39.37,-39.52,-39.52,-39.49,-39.46,-39.31,-39.37,-39.31,-39.34,-39.43,-39.46,-39.49,-39.49,-39.46,-39.06,-39.43,-39.58,-39.43,-39.22,-39.25,-39.55,-39.34,-39.34,-39.46,-39.22,-39.4,-39.28,-39.12,-39.37,-38.94,-39.4,-39.25,-39.12,-39.43,-39.25,-39.06,-39.46,-39.43,-39.06,-39.03,-39.43,-39.49,-39.31,-39.18,-39.06,-39.06,-39.15,-39.22,-39.12,-39.18,-39.09,-39.06,-39.03,-39.12,-39.18,-39.15,-39.55,-39.37,-39.06,-39.18,-39.25,-39.43,-39.18,-39.12,-39.37,-38.97,-39.4,-39.03,-39.25,-39.15,-39.06,-39.28,-38.85,-39.22,-39.18,-38.79,-39.09,-39.12,-38.7,-38.76,-39.18,-39.03,-38.79,-38.67,-38.82,-39.03,-39.15,-39.18,-39.15,-39.06,-39.0,-39.0,-39.06,-39.09,-39.06,-39.06,-39.06,-39.12,-39.0,-38.57,-38.88,-39.09,-39.06,-38.88,-38.91,-39.31,-38.91,-39.37,-38.85,-39.34,-38.97,-39.15,-39.12,-38.91,-39.37,-38.94,-39.03,-39.25,-38.97,-38.88,-39.25,-39.06,-38.73,-38.79,-39.09,-39.31,-39.12,-38.88,-38.7,-38.57,-38.64,-38.57,-38.57,-38.54,-38.6,-38.7,-38.91,-38.91,-38.67,-38.97,-38.73,-39.06,-39.12,-39.12,-38.85,-38.67,-39.0,-38.64,-39.0,-38.76,-39.03,-38.6,-38.94,-38.64,-39.03,-38.97,-38.76,-39.18,-38.88,-38.82,-39.09,-38.91,-38.7,-38.97,-39.09,-38.91,-38.73,-38.64,-38.76,-39.0,-39.06,-39.12,-39.03,-39.03,-38.94,-39.03,-38.97,-38.97,-38.76,-38.79,-38.88,-38.36,-38.64,-38.76,-38.67,-38.45,-38.27,-38.6,-38.42,-38.36,-38.48,-38.21,-38.24,-38.3,-38.02,-38.42,-38.02,-38.3,-38.3,-38.02,-38.24,-38.09,-37.84,-38.18,-38.27,-37.96,-37.69,-38.06,-38.24,-38.18,-37.99,-37.78,-37.6,-37.72,-37.63,-37.57,-37.6,-37.57,-37.66,-37.6,-37.75,-37.72,-37.72,-37.93,-38.12,-37.78,-37.54,-37.63,-37.9,-37.87,-37.63,-38.02,-37.63,-37.96,-37.6,-37.84,-37.78,-37.57,-37.96,-37.51,-37.75,-37.96,-37.41,-37.72,-37.99,-37.66,-37.48,-37.78,-38.06,-37.84,-37.78,-37.66,-37.81,-37.93,-38.12,-38.15,-38.12,-38.12,-38.02,-37.99,-37.93,-37.75,-37.6,-37.78,-37.99,-37.87,-37.57,-37.66,-37.81,-37.87,-37.69,-37.63,-37.93,-37.51,-37.84,-37.38,-37.72,-37.48,-37.57,-37.69,-37.23,-37.63,-37.51,-37.26,-37.66,-37.45,-37.14,-37.41,-37.6,-37.32,-37.2,-37.41,-37.69,-37.78,-37.72,-37.54,-37.48,-37.48,-37.48,-37.51,-37.51,-37.63,-37.63,-37.87,-37.9,-37.63,-37.87,-37.48,-37.72,-37.87,-37.9,-37.66,-37.48,-37.87,-37.57,-37.99,-37.72,-38.09,-37.69,-38.15,-37.69,-37.93,-38.02,-37.72,-38.15,-38.09,-37.87,-38.3,-38.21,-37.9,-38.06,-38.39,-38.45,-38.27,-38.02,-37.99,-38.21,-38.3,-38.48,-38.48,-38.48,-38.42,-38.39,-38.36,-38.3,-38.24,-38.33,-38.54,-38.24,-38.33,-38.6,-38.67,-38.54,-38.27,-38.6,-38.57,-38.54,-38.73,-38.57,-38.76,-38.73,-38.57,-38.94,-38.48,-38.82,-38.88,-38.51,-38.91,-38.82,-38.33,-38.76,-38.91,-38.57,-38.48,-38.67,-38.91,-38.88,-38.79,-38.76,-38.51,-38.54,-38.48,-38.48,-38.57,-38.6,-38.73,-38.7,-38.91,-38.64,-38.57,-38.6,-38.82,-38.73,-38.6,-38.36,-38.67,-38.79,-38.33,-38.82,-38.42,-38.88,-38.36,-38.76,-38.45,-38.51,-38.7,-38.3,-38.73,-38.51,-38.24,-38.57,-38.48,-38.09,-38.21,-38.57,-38.57,-38.39,-38.12,-38.12,-38.36,-38.39,-38.45,-38.42,-38.39,-38.42,-38.45,-38.39,-38.42,-38.21,-38.27,-38.57,-38.18,-38.51,-38.42,-38.3,-38.09,-38.27,-38.51,-38.18,-38.36,-38.21,-38.3,-38.02,-38.33,-37.96,-38.36,-37.93,-38.09,-38.21,-37.78,-38.18,-38.27,-37.81,-38.12,-38.33,-38.24,-38.02,-38.15,-38.36,-38.48,-38.27,-38.33,-38.09,-38.02,-37.96,-37.87,-37.84,-37.84,-37.99,-38.15,-38.21,-38.12,-37.81,-38.33,-38.21,-37.99,-37.87,-38.21,-38.48,-38.21,-38.21,-38.3,-38.18,-38.24,-38.24,-38.06,-38.36,-37.99,-38.39,-38.27,-37.93,-38.33,-38.12,-38.02,-38.45,-38.42,-38.18,-38.27,-38.42,-38.39,-38.18,-37.87,-37.87,-37.87,-37.93,-38.02,-38.09,-38.09,-38.02,-37.99,-37.9,-37.84,-37.93,-37.93,-38.51,-38.09,-38.09,-38.24,-38.27,-38.15,-37.9,-38.24,-38.24,-38.15,-38.27,-38.3,-38.21,-38.42,-37.99,-38.39,-38.09,-38.18,-38.36,-37.87,-38.06,-38.21,-37.93,-37.87,-38.18,-38.15,-37.93,-37.81,-38.06,-38.27,-38.3,-38.36,-38.3,-38.39,-38.33,-38.36,-38.39,-38.27,-38.39,-38.36,-38.45,-38.45,-38.06,-38.27,-38.51,-38.45,-38.27,-38.09,-38.42,-38.45,-38.24,-38.51,-38.27,-38.6,-38.48,-38.48,-38.64,-38.21,-38.57,-38.39,-38.18,-38.51,-38.3,-38.12,-38.51,-38.51,-38.15,-38.18,-38.39,-38.45,-38.42,-38.21,-38.09,-37.93,-37.9,-37.78,-37.78,-37.87,-37.81,-37.66,-37.78,-37.9,-37.78,-37.84,-37.99,-38.18,-37.9,-37.78,-37.84,-38.09,-38.06,-37.87,-38.15,-37.66,-38.02,-37.6,-38.02,-37.84,-37.78,-38.06,-37.69,-38.06,-38.02,-37.66,-38.09,-38.12,-37.72,-37.96,-38.27,-38.24,-37.96,-37.81,-37.93,-38.15,-38.27,-38.36,-38.27,-38.3,-38.33,-38.36,-38.33,-38.36,-38.24,-38.18,-38.3,-38.02,-38.21,-37.99,-37.81,-37.96,-38.21,-38.21,-37.81,-38.18,-37.81,-38.18,-37.87,-38.24,-37.84,-38.24,-37.99,-38.06,-38.27,-37.93,-38.36,-38.36,-38.12,-38.42,-38.6,-38.36,-38.15,-38.33,-38.6,-38.57,-38.51,-38.33,-38.3,-38.39,-38.3,-38.33,-38.33,-38.27,-38.3,-38.42,-38.51,-38.48,-38.36,-38.7,-38.54,-38.3,-38.39,-38.64,-38.73,-38.39,-38.42,-38.57,-38.21,-38.51,-38.15,-38.54,-38.45,-38.36,-38.67,-38.21,-38.51,-38.57,-38.18,-38.51,-38.45,-38.09,-38.3,-38.6,-38.51,-38.21,-38.18,-38.45,-38.64,-38.6,-38.64,-38.64,-38.57,-38.48,-38.57,-38.64,-38.67,-38.73,-38.73,-38.76,-38.45,-38.73,-38.33,-38.3,-38.36,-38.57,-38.6,-38.18,-38.6,-38.64,-38.67,-38.57,-38.82,-38.42,-38.85,-38.42,-38.73,-38.73,-38.45,-38.85,-38.7,-38.48,-38.85,-38.88,-38.54,-38.57,-38.88,-38.88,-38.64,-38.51,-38.54,-38.6,-38.73,-38.85,-38.85,-38.97,-38.94,-38.91,-38.73,-38.6,-38.54,-38.7,-38.91,-38.64,-38.48,-38.7,-38.85,-38.88,-38.6,-38.67,-38.85,-38.48,-38.88,-38.45,-38.79,-38.73,-38.64,-38.82,-38.36,-38.76,-38.57,-38.33,-38.73,-38.57,-38.18,-38.64,-38.76,-38.57,-38.3,-38.51,-38.79,-38.79,-38.79,-38.76,-38.64,-38.64,-38.6,-38.57,-38.57,-38.54,-38.67,-38.64,-38.67,-38.33,-38.39,-38.15,-38.45,-38.7,-38.6,-38.39,-38.21,-38.6,-38.24,-38.73,-38.39,-38.7,-38.24,-38.64,-38.24,-38.36,-38.57,-37.99,-38.48,-38.42,-38.15,-38.45,-38.6,-38.24,-38.09,-38.48,-38.54,-38.33,-38.15,-38.09,-38.12,-38.3,-38.3,-38.39,-38.36,-38.42,-38.39,-38.27,-38.12,-38.02,-38.12,-38.48,-38.02,-38.42,-38.36,-38.18,-37.99,-37.93,-38.21,-37.96,-38.21,-38.02,-38.09,-37.87,-38.24,-37.84,-38.33,-38.06,-38.06,-38.27,-37.87,-38.06,-38.3,-37.96,-37.99,-38.27,-38.27,-37.96,-37.93,-38.21,-38.39,-38.48,-38.48,-38.36,-38.24,-38.3,-38.3,-38.42,-38.42,-38.51,-38.45,-38.54,-38.39,-38.09,-38.39,-38.42,-38.27,-38.21,-38.24,-38.51,-38.39,-38.42,-38.48,-38.21,-38.48,-38.33,-38.24,-38.42,-38.06,-38.48,-38.21,-38.12,-38.42,-38.12,-38.06,-38.48,-38.3,-38.06,-38.09,-38.42,-38.36,-38.24,-37.99,-37.99,-38.02,-38.21,-38.18,-38.3,-38.3,-38.27,-38.15,-38.09,-38.02,-38.02,-38.27,-38.33,-38.39,-38.12,-38.02,-38.24,-38.42,-38.42,-38.21,-38.57,-38.06,-38.39,-37.81,-38.24,-37.87,-38.09,-38.06,-37.78,-38.15,-37.87,-37.84,-38.21,-37.99,-37.78,-38.21,-38.3,-37.96,-40.25,-41.26,-42.18,-42.82,-43.33,-43.82,-44.16,-44.56,-45.01,-45.35,-45.81,-46.26,-46.78,-47.18,-47.49,-47.45,-48.22,-48.4,-48.46,-48.74,-49.29,-49.71,-49.71,-50.08,-50.42,-50.51,-51.06,-51.18,-51.39,-51.73,-51.64,-52.25,-52.22,-52.46,-52.92,-52.8,-53.13,-53.53,-53.56,-53.56,-54.05,-54.38,-54.44,-54.38,-54.57,-54.84,-55.33,-55.51,-55.69,-55.82,-55.97,-56.12,-56.27,-56.34,-56.43,-56.46,-56.82,-56.82,-57.1,-56.92,-57.01,-57.37,-57.71,-57.8,-57.65,-58.2,-57.92,-58.38,-58.07,-58.65,-58.41,-58.9,-58.87,-58.93,-59.3,-59.05,-59.54,-59.69,-59.42,-59.78,-60.09,-59.94,-59.94,-60.27,-60.61,-60.67,-60.58,-60.52,-60.49,-60.64,-60.82,-60.97,-61.1,-61.13,-61.19,-61.31,-61.34,-61.43,-61.65,-61.98,-62.1,-61.89,-61.95,-62.23,-62.5,-62.41,-62.35,-62.84,-62.5,-63.11,-62.81,-63.17,-62.99,-63.2,-63.32,-63.05,-63.51,-63.35,-63.51,-63.78,-63.54,-63.63,-63.96,-63.96,-63.75,-63.93,-64.27,-64.36,-64.39,-64.27,-64.21,-64.18,-64.27,-64.36,-64.45,-64.51,-64.54,-64.61,-64.7,-64.7,-65.09,-64.85,-65.25,-65.37,-65.37,-65.22,-65.09,-65.52,-65.49,-65.4,-65.73,-65.43,-65.77,-65.55,-65.83,-65.83,-65.86,-66.13,-65.73,-66.22,-66.13,-65.98,-66.47,-66.25,-66.1,-66.53,-66.59,-66.44,-66.28,-66.59,-66.89,-66.96,-66.86,-66.93,-66.83,-66.71,-66.74,-66.8,-66.96,-67.14,-67.11,-66.96,-67.47,-67.17,-67.17,-67.41,-67.44,-67.66,-67.63,-67.32,-67.6,-67.69,-67.6,-67.84,-67.69,-67.9,-67.75,-67.9,-67.96,-67.84,-68.18,-67.78,-68.24,-68.08,-67.93,-68.39,-68.21,-67.99,-68.39,-68.54,-68.33,-68.15,-68.33,-68.57,-68.63,-68.76,-68.73,-68.66,-68.63,-68.66,-68.63,-68.76,-68.7,-68.48,-68.91,-68.82,-68.63,-68.48,-68.63,-68.85,-69.03,-68.88,-68.73,-69.06,-68.57,-68.97,-68.7,-69.15,-68.7,-69.21,-68.76,-69.18,-68.97,-69.0,-69.18,-68.82,-69.24,-69.27,-68.82,-69.27,-69.4,-69.12,-69.03,-69.31,-69.52,-69.52,-69.46,-69.34,-69.24,-69.18,-69.24,-69.18,-69.37,-69.21,-69.4,-69.76,-69.4,-69.55,-69.7,-69.89,-69.92,-69.89,-69.58,-69.76,-69.95,-69.64,-70.04,-69.61,-70.07,-69.64,-70.07,-69.76,-70.04,-69.95,-69.85,-70.22,-69.79,-70.13,-70.22,-69.76,-70.1,-70.22,-70.04,-69.85,-70.19,-70.34,-70.37,-70.22,-69.95,-69.79,-69.95,-70.07,-70.1,-70.13,-70.01,-70.07,-70.43,-70.25,-70.5,-70.43,-70.25,-70.16,-70.16,-70.4,-70.62,-70.25,-70.53,-70.47,-70.22,-70.53,-70.28,-70.62,-70.37,-70.53,-70.53,-70.37,-70.77,-70.25,-70.68,-70.59,-70.28,-70.74,-70.56,-70.34,-70.59,-70.83,-70.74,-70.5,-70.4,-70.59,-70.8,-70.92,-70.92,-70.95,-70.98,-71.04,-71.04,-71.08,-70.74,-71.01,-70.65,-70.65,-70.71,-70.86,-71.11,-71.04,-70.74,-71.01,-71.04,-70.92,-71.17,-70.77,-71.23,-70.92,-71.11,-71.01,-70.98,-71.2,-70.74,-71.26,-71.01,-70.92,-71.26,-70.98,-70.89,-71.29,-71.26,-70.89,-70.89,-71.17,-71.32,-71.26,-71.23,-71.11,-70.98,-70.95,-70.95,-70.98,-71.01,-70.95,-71.32,-70.92,-71.26,-71.32,-71.5,-71.38,-71.17,-71.08,-71.38,-71.17,-71.2,-71.35,-71.08,-71.35,-71.14,-71.32,-71.23,-71.23,-71.44,-71.08,-71.56,-71.17,-71.29,-71.44,-71.2,-71.23,-71.56,-71.44,-71.17,-71.29,-71.59,-71.69,-71.59,-71.35,-71.26,-71.23,-71.23,-71.2,-71.29,-71.26,-71.23,-71.5,-71.59,-71.66,-71.35,-71.26,-71.32,-71.47,-71.59,-71.66,-71.29,-71.69,-71.44,-71.59,-71.56,-71.62,-71.56,-71.72,-71.41,-71.66,-71.35,-71.84,-71.53,-71.59,-71.87,-71.47,-71.53,-71.93,-71.59,-71.38,-71.66,-71.81,-71.78,-71.53,-71.38,-71.35,-71.53,-71.62,-71.78,-71.72,-71.78,-71.75,-71.81,-71.84,-71.56,-71.53,-71.81,-71.87,-71.93,-71.81,-71.56,-71.72,-71.9,-71.47,-71.9,-71.44,-71.87,-71.47,-71.9,-71.44,-71.87,-71.5,-71.84,-71.75,-71.5,-71.9,-71.62,-71.59,-72.05,-71.78,-71.5,-71.78,-72.02,-71.9,-71.66,-71.53,-71.66,-71.84,-72.02,-72.02,-71.99,-72.02,-72.08,-72.08,-72.05,-71.69,-72.02,-71.9,-71.69,-71.66,-71.78,-72.02,-72.05,-71.72,-72.02,-71.99,-71.99,-72.14,-71.93,-72.11,-72.02,-71.96,-72.11,-71.78,-72.24,-71.81,-72.08,-72.17,-71.84,-72.11,-72.2,-71.9,-71.93,-72.27,-72.24,-72.02,-71.81,-71.87,-72.02,-72.14,-72.24,-72.27,-72.2,-72.33,-72.24,-72.24,-72.27,-71.81,-72.11,-72.17,-72.2,-72.11,-71.96,-71.78,-72.14,-72.14,-71.87,-72.24,-71.78,-72.2,-71.75,-72.08,-71.75,-72.17,-71.78,-71.96,-72.02,-71.78,-72.14,-71.84,-71.81,-72.17,-71.96,-71.75,-72.05,-72.2,-72.05,-71.78,-71.75,-71.93,-72.17,-72.2,-72.24,-72.27,-72.3,-72.27,-72.3,-72.27,-71.99,-72.17,-71.87,-71.96,-72.05,-72.2,-72.3,-72.17,-71.9,-72.3,-72.17,-72.33,-72.33,-72.14,-72.27,-72.17,-72.27,-72.3,-72.05,-72.39,-72.05,-72.33,-72.27,-72.05,-72.36,-72.3,-71.99,-72.3,-72.45,-72.27,-72.05,-71.99,-72.3,-72.42,-72.45,-72.45,-72.39,-72.36,-72.36,-72.39,-72.42,-72.27,-72.08,-72.33,-72.48,-72.39,-72.33,-72.08,-72.08,-72.36,-72.39,-72.02,-72.45,-71.96,-72.33,-72.05,-72.42,-72.05,-72.39,-71.93,-72.33,-72.08,-72.17,-72.45,-71.99,-72.33,-72.42,-71.96,-72.24,-72.45,-72.27,-72.08,-72.08,-72.33,-72.42,-72.45,-72.42,-72.39,-72.24,-72.27,-72.27,-72.24,-72.3,-72.11,-72.54,-72.14,-72.24,-72.33,-72.48,-72.48,-72.42,-72.11,-72.48,-72.3,-72.27,-72.51,-72.27,-72.51,-72.24,-72.42,-72.33,-72.36,-72.51,-72.14,-72.57,-72.33,-72.27,-72.57,-72.14,-72.27,-72.54,-72.48,-72.14,-72.2,-72.45,-72.6,-72.54,-72.33,-72.27,-72.14,-72.14,-72.02,-72.05,-71.99,-72.08,-72.27,-72.3,-72.48,-72.39,-72.24,-72.17,-72.08,-72.33,-72.42,-72.02,-72.33,-72.08,-72.14,-72.2,-72.17,-72.08,-72.14,-71.96,-72.24,-71.81,-72.3,-71.99,-71.96,-72.2,-71.84,-72.05,-72.3,-72.05,-71.84,-72.05,-72.27,-72.17,-72.02,-71.84,-71.87,-71.87,-71.99,-72.05,-72.05,-71.96,-72.08,-72.2,-72.08,-72.11,-71.81,-71.81,-71.93,-72.02,-72.2,-72.05,-71.81,-72.2,-71.9,-72.17,-72.05,-72.14,-72.02,-72.11,-71.9,-72.17,-71.87,-72.2,-71.87,-72.02,-72.11,-71.78,-72.14,-72.11,-71.78,-71.87,-72.11,-72.17,-71.9,-71.72,-71.78,-71.93,-72.08,-72.17,-72.17,-72.14,-72.2,-72.11,-72.11,-72.11,-71.84,-71.87,-72.11,-72.14,-72.05,-72.05,-71.72,-71.93,-72.08,-71.72,-72.08,-71.72,-72.05,-71.81,-72.02,-71.66,-71.99,-71.66,-71.96,-71.72,-71.96,-72.05,-71.69,-71.99,-72.05,-71.69,-71.93,-72.11,-71.99,-71.72,-71.84,-72.08,-72.24,-72.17,-72.14,-71.93,-71.96,-71.99,-72.05,-72.08,-71.96,-71.75,-72.14,-72.08,-71.96,-71.78,-71.78,-71.87,-72.17,-72.11,-71.78,-72.24,-71.87,-72.17,-71.87,-72.24,-71.87,-72.24,-71.81,-72.39,-71.93,-72.08,-72.2,-71.81,-72.14,-72.11,-71.75,-72.08,-72.24,-71.93,-71.84,-72.11,-72.2,-72.24,-72.11,-71.93,-71.81,-71.72,-71.81,-71.75,-71.81,-71.72,-71.78,-72.17,-71.81,-71.96,-72.11,-72.17,-72.2,-71.99,-71.75,-72.14,-72.05,-71.96,-72.08,-71.75,-72.14,-71.78,-72.11,-71.84,-71.9,-71.93,-71.72,-72.08,-71.66,-71.81,-72.02,-71.62,-71.84,-72.05,-71.75,-71.56,-71.78,-71.96,-71.99,-71.81,-71.62,-71.5,-71.47,-71.41,-71.44,-71.44,-71.44,-71.44,-71.62,-71.93,-71.78,-71.53,-71.47,-71.56,-71.62,-71.84,-71.59,-71.32,-71.69,-71.47,-71.72,-71.44,-71.59,-71.38,-71.66,-71.26,-71.78,-71.23,-71.72,-71.44,-71.38,-71.72,-71.32,-71.35,-71.53,-71.32,-71.17,-71.41,-71.66,-71.53,-71.32,-71.23,-71.14,-71.32,-71.41,-71.44,-71.59,-71.44,-71.29,-71.35,-71.26,-71.08,-70.95,-71.08,-71.14,-71.11,-71.08,-70.74,-70.86,-71.08,-70.5,-70.83,-70.53,-70.71,-70.4,-70.62,-70.25,-70.62,-70.13,-70.56,-70.28,-70.13,-70.47,-70.04,-70.16,-70.37,-70.13
Sweep_14,170.0,-67.6,-67.84,-67.99,-67.57,-68.08,-67.66,-68.12,-67.69,-68.12,-67.66,-68.08,-67.75,-67.87,-68.05,-67.63,-68.05,-67.9,-67.57,-67.96,-68.08,-67.81,-67.69,-67.99,-68.15,-68.05,-67.87,-67.78,-67.72,-67.78,-67.78,-67.87,-67.84,-67.81,-67.78,-68.05,-68.12,-68.15,-67.9,-67.81,-67.78,-68.08,-68.21,-68.12,-67.81,-68.24,-67.84,-68.21,-67.93,-68.15,-67.84,-68.15,-67.81,-68.21,-67.84,-68.27,-68.15,-67.87,-68.24,-68.08,-67.87,-68.36,-68.36,-67.93,-67.9,-68.08,-68.33,-68.27,-68.15,-67.96,-67.96,-67.9,-67.96,-67.99,-68.02,-68.05,-68.08,-68.33,-68.05,-68.42,-68.36,-68.27,-68.15,-67.99,-68.18,-68.39,-68.12,-68.3,-68.42,-68.18,-68.45,-68.21,-68.45,-68.3,-68.33,-68.48,-68.15,-68.57,-68.21,-68.3,-68.54,-68.27,-68.27,-68.51,-68.45,-68.15,-68.24,-68.51,-68.57,-68.48,-68.3,-68.18,-68.12,-68.12,-68.21,-68.15,-68.08,-68.05,-68.24,-68.57,-68.18,-68.36,-68.51,-68.57,-68.57,-68.51,-68.15,-68.51,-68.42,-68.27,-68.54,-68.24,-68.51,-68.15,-68.48,-68.3,-68.39,-68.36,-68.12,-68.51,-68.21,-68.39,-68.54,-68.18,-68.36,-68.66,-68.42,-68.12,-68.3,-68.57,-68.63,-68.51,-68.36,-68.27,-68.21,-68.15,-68.18,-68.15,-68.18,-68.21,-68.3,-68.6,-68.36,-68.15,-68.24,-68.42,-68.51,-68.66,-68.45,-68.3,-68.6,-68.3,-68.76,-68.3,-68.73,-68.33,-68.79,-68.33,-68.73,-68.51,-68.48,-68.7,-68.33,-68.63,-68.66,-68.33,-68.63,-68.76,-68.48,-68.36,-68.54,-68.76,-68.7,-68.7,-68.51,-68.36,-68.27,-68.3,-68.3,-68.36,-68.33,-68.27,-68.63,-68.57,-68.82,-68.7,-68.54,-68.48,-68.36,-68.66,-68.76,-68.33,-68.73,-68.42,-68.73,-68.45,-68.66,-68.39,-68.73,-68.36,-68.76,-68.39,-68.63,-68.7,-68.39,-68.82,-68.6,-68.36,-68.7,-68.82,-68.57,-68.36,-68.57,-68.82,-68.85,-68.76,-68.7,-68.57,-68.45,-68.48,-68.42,-68.48,-68.51,-68.45,-68.7,-68.48,-68.79,-68.85,-68.82,-68.76,-68.51,-68.51,-68.91,-68.51,-68.82,-68.79,-68.82,-68.76,-68.76,-68.73,-68.88,-68.51,-68.94,-68.45,-68.91,-68.76,-68.54,-68.97,-68.73,-68.51,-68.85,-68.85,-68.6,-68.48,-68.73,-68.88,-69.03,-68.88,-68.73,-68.63,-68.6,-68.57,-68.54,-68.7,-68.66,-68.51,-68.88,-68.57,-68.57,-68.7,-68.82,-68.88,-68.88,-68.6,-68.85,-68.91,-68.54,-68.88,-68.54,-68.85,-68.42,-68.88,-68.6,-68.79,-68.76,-68.42,-68.91,-68.57,-68.73,-68.91,-68.54,-68.63,-68.94,-68.76,-68.48,-68.66,-68.88,-68.94,-68.91,-68.73,-68.54,-68.57,-68.54,-68.42,-68.48,-68.45,-68.48,-68.63,-68.76,-68.88,-68.82,-68.7,-68.57,-68.51,-68.79,-68.88,-68.45,-68.94,-68.6,-68.97,-68.6,-68.97,-68.6,-68.94,-68.51,-68.97,-68.6,-68.79,-68.94,-68.54,-68.91,-68.82,-68.51,-68.97,-68.91,-68.7,-68.48,-68.7,-68.88,-68.91,-68.82,-68.66,-68.6,-68.48,-68.51,-68.45,-68.45,-68.54,-68.45,-68.85,-68.45,-68.76,-68.79,-68.85,-68.85,-68.63,-68.48,-68.85,-68.57,-68.63,-68.66,-68.54,-68.66,-68.54,-68.63,-68.66,-68.51,-68.76,-68.33,-68.79,-68.57,-68.42,-68.91,-68.6,-68.48,-68.82,-68.85,-68.51,-68.45,-68.66,-68.85,-68.85,-68.79,-68.73,-68.57,-68.57,-68.51,-68.51,-68.6,-68.6,-68.42,-68.82,-68.51,-68.42,-68.54,-68.66,-68.85,-68.79,-68.45,-68.7,-68.79,-68.57,-68.91,-68.48,-68.85,-68.54,-68.79,-68.54,-68.73,-68.82,-68.51,-68.91,-68.57,-68.6,-68.94,-68.7,-68.48,-68.91,-68.85,-68.63,-68.45,-68.66,-68.82,-68.91,-68.91,-68.85,-68.66,-68.57,-68.57,-68.57,-68.63,-68.51,-68.36,-68.76,-68.63,-68.42,-68.33,-68.3,-68.51,-68.79,-68.48,-68.45,-68.7,-68.27,-68.79,-68.3,-68.73,-68.3,-68.7,-68.54,-68.51,-68.73,-68.3,-68.73,-68.48,-68.33,-68.76,-68.54,-68.3,-68.57,-68.76,-68.54,-68.3,-68.27,-68.54,-68.66,-68.73,-68.76,-68.76,-68.73,-68.7,-68.73,-68.79,-68.73,-68.24,-68.7,-68.63,-68.54,-68.42,-68.3,-68.48,-68.76,-68.51,-68.51,-68.79,-68.51,-68.85,-68.36,-68.82,-68.36,-68.73,-68.54,-68.57,-68.76,-68.33,-68.73,-68.51,-68.39,-68.73,-68.63,-68.36,-68.54,-68.73,-68.6,-68.33,-68.33,-68.39,-68.66,-68.7,-68.76,-68.7,-68.66,-68.79,-68.7,-68.82,-68.6,-68.3,-68.42,-68.63,-68.7,-68.63,-68.48,-68.27,-68.48,-68.7,-68.27,-68.73,-68.27,-68.6,-68.21,-68.6,-68.18,-68.7,-68.3,-68.57,-68.36,-68.3,-68.66,-68.24,-68.45,-68.66,-68.3,-68.27,-68.54,-68.57,-68.42,-68.21,-68.3,-68.48,-68.54,-68.6,-68.82,-68.66,-68.66,-68.63,-68.57,-68.6,-68.33,-68.6,-68.24,-68.24,-68.33,-68.39,-68.6,-68.51,-68.15,-68.54,-68.36,-68.57,-68.51,-68.42,-68.54,-68.51,-68.39,-68.63,-68.27,-68.63,-68.3,-68.48,-68.57,-68.21,-68.57,-68.63,-68.24,-68.33,-68.63,-68.63,-68.36,-68.3,-68.3,-68.6,-68.6,-68.66,-68.66,-68.73,-68.73,-68.7,-68.63,-68.66,-68.27,-68.63,-68.63,-68.48,-68.33,-68.18,-68.33,-68.6,-68.45,-68.39,-68.6,-68.18,-68.6,-68.18,-68.6,-68.24,-68.54,-68.39,-68.36,-68.51,-68.21,-68.63,-68.42,-68.3,-68.63,-68.57,-68.24,-68.57,-68.7,-68.51,-68.21,-68.27,-68.39,-68.57,-68.63,-68.73,-68.76,-68.7,-68.63,-68.57,-68.76,-68.6,-68.51,-68.27,-68.45,-68.66,-68.66,-68.63,-68.33,-68.33,-68.76,-68.3,-68.63,-68.54,-68.54,-68.45,-68.66,-68.39,-68.73,-68.27,-68.73,-68.33,-68.48,-68.66,-68.24,-68.57,-68.66,-68.27,-68.39,-68.66,-68.63,-68.24,-68.21,-68.36,-68.57,-68.63,-68.63,-68.63,-68.54,-68.57,-68.54,-68.6,-68.45,-68.21,-68.63,-68.45,-68.27,-68.18,-68.24,-68.45,-68.66,-68.39,-68.42,-68.57,-68.15,-68.57,-68.18,-68.63,-68.18,-68.57,-68.33,-68.42,-68.45,-68.15,-68.57,-68.36,-68.24,-68.6,-68.42,-68.15,-68.54,-68.66,-68.39,-68.21,-68.21,-68.42,-68.6,-68.66,-68.6,-68.6,-68.54,-68.54,-68.57,-68.57,-68.48,-68.27,-68.42,-68.57,-68.6,-68.54,-68.39,-68.21,-68.51,-68.6,-68.18,-68.66,-68.36,-68.66,-68.36,-68.7,-68.3,-68.73,-68.27,-68.73,-68.51,-68.54,-68.7,-68.27,-68.66,-68.7,-68.39,-68.48,-68.79,-68.7,-68.42,-68.3,-68.39,-68.6,-68.7,-68.73,-68.73,-68.66,-68.7,-68.66,-68.73,-68.79,-68.33,-68.73,-68.36,-68.36,-68.57,-68.66,-68.82,-68.6,-68.24,-68.63,-68.42,-68.51,-68.57,-68.51,-68.6,-68.45,-68.48,-68.57,-68.33,-68.73,-68.27,-68.6,-68.54,-68.3,-68.7,-68.57,-68.3,-68.51,-68.7,-68.57,-68.27,-68.21,-68.48,-68.73,-68.73,-68.66,-68.7,-68.7,-68.7,-68.66,-68.76,-68.63,-68.24,-68.66,-68.54,-68.39,-68.27,-68.42,-68.51,-68.66,-68.36,-68.48,-68.7,-68.42,-68.73,-68.33,-68.63,-68.45,-68.51,-68.57,-68.36,-68.79,-68.27,-68.63,-68.6,-68.27,-68.63,-68.66,-68.3,-68.42,-68.7,-68.73,-68.48,-68.3,-68.33,-68.57,-68.66,-68.7,-68.73,-68.73,-68.76,-68.7,-68.79,-68.73,-68.3,-68.7,-68.7,-68.57,-68.45,-68.27,-68.36,-68.63,-68.48,-68.45,-68.63,-68.18,-68.7,-68.24,-68.63,-68.21,-68.63,-68.45,-68.48,-68.7,-68.27,-68.63,-68.48,-68.3,-68.73,-68.57,-68.3,-68.57,-68.76,-68.63,-68.39,-68.33,-68.36,-68.48,-68.66,-68.7,-68.76,-68.76,-68.76,-68.73,-68.73,-68.76,-68.39,-68.36,-68.6,-68.7,-68.76,-68.7,-68.33,-68.42,-68.66,-68.27,-68.76,-68.39,-68.66,-68.36,-68.73,-68.36,-68.79,-68.36,-68.66,-68.6,-68.42,-68.73,-68.39,-68.51,-68.76,-68.42,-68.27,-68.63,-68.7,-68.45,-68.24,-68.21,-68.42,-68.57,-68.63,-68.7,-68.63,-68.66,-68.7,-68.66,-68.7,-68.27,-68.63,-68.42,-68.24,-68.21,-68.27,-68.57,-68.66,-68.18,-68.54,-68.42,-68.27,-68.48,-68.36,-68.48,-68.36,-68.33,-68.51,-68.18,-68.51,-68.18,-68.48,-68.51,-68.18,-68.57,-68.63,-68.21,-68.36,-68.63,-68.63,-68.39,-68.24,-68.27,-68.48,-68.51,-68.63,-68.7,-68.63,-68.66,-68.63,-68.57,-68.6,-68.21,-68.6,-68.6,-68.51,-68.36,-68.27,-68.27,-68.63,-65.06,-64.06,-63.51,-62.32,-61.95,-60.97,-60.61,-60.03,-59.17,-59.08,-58.26,-57.74,-57.59,-56.82,-56.27,-56.06,-55.63,-54.93,-54.44,-54.26,-53.89,-53.44,-52.92,-52.37,-51.79,-51.39,-50.96,-50.51,-50.02,-49.56,-49.16,-48.8,-48.22,-47.55,-47.58,-46.72,-46.23,-45.78,-45.2,-44.28,-41.26,-14.8,32.2,44.22,34.09,18.49,2.84,-13.73,-29.05,-40.92,-47.76,-51.27,-53.74,-54.57,-54.9,-55.42,-55.05,-54.75,-54.75,-54.41,-53.71,-53.01,-52.7,-52.37,-52.03,-51.61,-51.06,-50.57,-50.08,-49.65,-49.22,-48.74,-48.31,-47.7,-47.42,-47.06,-46.39,-45.96,-45.84,-45.47,-44.98,-44.43,-44.07,-43.88,-43.09,-43.3,-42.51,-42.57,-41.78,-41.72,-41.29,-40.65,-40.56,-39.73,-39.52,-39.37,-38.45,-38.06,-37.9,-37.08,-36.13,-34.09,-21.79,-4.0,21.39,32.59,29.85,20.75,9.8,-1.89,-14.19,-25.57,-34.36,-40.31,-44.4,-46.91,-48.31,-49.04,-49.87,-50.35,-50.32,-50.17,-50.02,-50.08,-49.93,-49.32,-49.35,-48.58,-48.68,-48.03,-47.91,-47.55,-46.81,-46.81,-46.11,-45.99,-45.87,-45.07,-44.98,-44.8,-44.22,-43.7,-43.76,-43.52,-43.0,-42.45,-41.96,-41.69,-41.53,-41.14,-40.99,-40.65,-40.34,-40.07,-39.7,-39.25,-38.82,-38.6,-38.51,-37.99,-37.9,-37.35,-36.83,-36.62,-36.53,-36.29,-35.49,-35.52,-34.97,-35.0,-34.33,-34.3,-33.42,-33.54,-32.75,-31.89,-30.67,-22.64,-12.21,2.87,19.99,28.02,27.62,23.04,16.11,8.0,-0.95,-10.68,-20.23,-28.26,-34.42,-38.73,-41.72,-43.67,-45.04,-45.99,-46.51,-46.81,-46.97,-47.21,-47.52,-46.97,-47.18,-47.12,-46.88,-46.51,-46.11,-46.3,-45.93,-45.59,-45.44,-44.98,-44.77,-44.68,-44.1,-44.19,-43.49,-43.55,-43.33,-42.79,-42.94,-42.6,-42.02,-42.05,-42.02,-41.5,-41.05,-41.02,-40.92,-40.74,-40.44,-40.07,-39.86,-39.49,-39.15,-38.97,-38.73,-38.57,-38.3,-38.36,-38.02,-37.6,-37.48,-37.17,-37.17,-36.96,-36.56,-36.13,-36.13,-36.1,-35.49,-35.77,-35.19,-35.28,-34.64,-34.73,-34.09,-34.09,-33.78,-33.33,-33.48,-33.05,-32.62,-32.78,-32.38,-31.89,-31.95,-31.74,-31.28,-30.79,-30.55,-30.49,-30.43,-30.24,-29.88,-29.6,-29.24,-28.81,-28.41,-27.83,-27.1,-26.03,-23.44,-16.63,-7.78,3.42,15.11,22.98,25.54,24.2,19.38,13.31,5.68,-2.35,-11.17,-19.07,-26.52,-31.92,-35.58,-38.91,-40.77,-42.14,-43.49,-43.95,-44.68,-45.35,-45.29,-45.35,-45.81,-45.9,-45.53,-45.23,-45.29,-45.35,-45.29,-45.14,-44.98,-44.8,-44.53,-44.34,-44.22,-43.98,-43.79,-43.61,-43.37,-43.0,-42.85,-42.36,-42.27,-42.21,-41.96,-41.72,-41.2,-41.38,-40.8,-41.02,-40.37,-40.5,-39.76,-39.98,-39.52,-39.34,-39.28,-38.76,-38.82,-38.73,-38.24,-38.33,-38.24,-37.78,-37.48,-37.57,-37.54,-37.23,-36.83,-36.5,-36.25,-36.13,-35.95,-35.86,-35.71,-35.55,-35.19,-34.88,-34.58,-34.36,-34.24,-34.33,-33.66,-33.26,-33.23,-33.2,-32.93,-32.2,-32.07,-31.92,-31.37,-31.4,-30.73,-30.46,-30.03,-29.39,-29.3,-28.35,-28.02,-27.13,-25.21,-20.29,-12.88,-3.57,7.17,16.78,22.77,24.66,22.74,18.25,12.45,6.01,-0.95,-8.45,-15.69,-22.09,-27.62,-31.92,-35.1,-37.66,-39.55,-40.95,-41.66,-42.82,-43.06,-43.43,-43.73,-44.16,-44.31,-44.16,-44.22,-44.34,-44.07,-44.25,-43.98,-43.82,-43.7,-43.27,-43.43,-42.82,-42.85,-42.72,-42.14,-42.27,-42.14,-41.6,-41.5,-41.53,-41.32,-40.77,-40.62,-40.56,-40.62,-40.47,-40.25,-40.04,-39.7,-39.58,-39.31,-39.12,-39.0,-38.82,-38.64,-38.45,-37.81,-37.9,-37.48,-37.11,-37.08,-37.14,-36.96,-36.5,-36.59,-36.13,-36.16,-35.71,-35.74,-35.16,-35.43,-34.91,-34.94,-34.91,-34.33,-34.64,-34.42,-33.91,-34.03,-33.94,-33.57,-33.36,-33.33,-33.29,-32.96,-32.71,-32.26,-32.1,-31.92,-31.86,-31.52,-31.28,-30.98,-30.55,-30.33,-30.15,-29.91,-29.57,-30.0,-29.3,-29.45,-29.63,-29.57,-29.39,-28.93,-29.17,-28.9,-28.87,-28.84,-28.75,-28.5,-28.66,-28.14,-28.5,-28.11,-27.95,-27.8,-27.13,-27.13,-26.92,-26.21,-25.91,-26.06,-25.88,-25.36,-24.87,-24.66,-24.32,-24.2,-23.86,-23.38,-23.07,-22.58,-22.0,-21.33,-20.42,-19.26,-17.97,-16.39,-13.82,-8.45,-2.32,3.72,9.4,14.04,16.97,17.3,16.51,13.7,10.16,5.22,0.03,-6.1,-12.3,-17.79,-23.28,-27.62,-30.73,-33.94,-36.1,-37.41,-38.97,-40.1,-40.53,-40.92,-41.69,-42.05,-42.27,-42.27,-42.27,-42.45,-42.63,-42.85,-42.79,-42.72,-42.63,-42.54,-42.36,-42.14,-42.02,-41.9,-42.11,-41.56,-41.75,-41.63,-41.44,-41.05,-40.83,-41.05,-40.44,-40.53,-40.1,-40.41,-39.73,-40.04,-39.52,-39.7,-39.58,-39.06,-39.34,-39.0,-38.67,-38.91,-38.79,-38.24,-38.33,-38.57,-38.27,-37.87,-37.6,-37.51,-37.26,-37.08,-37.02,-36.8,-36.62,-36.44,-36.44,-36.47,-36.53,-36.41,-36.16,-36.13,-35.58,-35.83,-35.28,-35.16,-35.31,-35.31,-34.85,-34.76,-34.76,-34.33,-34.27,-34.12,-33.69,-34.0,-33.45,-33.57,-33.57,-33.02,-33.14,-33.29,-32.9,-32.68,-32.96,-32.93,-32.5,-32.01,-31.89,-32.07,-32.01,-31.95,-31.77,-31.43,-31.19,-31.13,-30.91,-30.7,-30.64,-30.49,-30.18,-29.85,-29.6,-29.69,-29.24,-29.3,-28.9,-28.35,-28.35,-28.35,-27.86,-27.74,-27.65,-27.28,-27.56,-27.16,-27.31,-26.79,-27.1,-26.76,-26.76,-26.46,-26.0,-26.09,-25.51,-25.39,-25.42,-25.05,-24.54,-24.41,-24.23,-23.59,-22.92,-22.19,-21.36,-20.69,-19.78,-18.55,-17.06,-13.46,-8.24,-2.5,3.05,8.24,12.36,14.8,16.6,15.93,14.13,11.11,6.96,1.92,-3.2,-9.28,-14.59,-20.14,-24.2,-28.47,-31.22,-33.72,-35.77,-36.87,-38.54,-39.31,-40.07,-41.02,-41.23,-41.63,-42.36,-42.48,-42.33,-42.39,-42.85,-42.91,-42.91,-42.6,-42.39,-42.33,-42.27,-42.24,-42.18,-42.05,-41.93,-41.81,-41.72,-41.63,-41.32,-41.63,-41.11,-41.02,-41.02,-41.02,-40.86,-40.31,-40.37,-40.31,-39.98,-40.1,-39.7,-39.79,-39.61,-39.31,-39.55,-39.0,-39.22,-38.97,-38.57,-38.85,-38.7,-38.24,-38.3,-38.39,-38.06,-37.78,-37.66,-37.84,-37.87,-37.81,-37.57,-37.29,-37.2,-36.96,-36.87,-36.71,-36.68,-36.62,-36.5,-36.32,-35.98,-36.1,-35.58,-35.43,-35.46,-35.52,-35.4,-34.85,-35.16,-34.94,-34.85,-34.67,-34.58,-34.39,-34.55,-34.03,-34.39,-34.09,-33.87,-34.12,-33.6,-33.66,-33.81,-33.45,-33.33,-33.54,-33.51,-33.2,-32.93,-32.78,-32.96,-33.02,-33.05,-32.99,-32.93,-32.78,-32.71,-32.5,-32.41,-32.26,-32.2,-32.2,-31.83,-31.86,-31.46,-31.34,-31.31,-31.34,-31.22,-30.7,-30.88,-30.64,-30.67,-30.4,-30.27,-29.97,-30.18,-29.54,-29.82,-29.57,-29.3,-29.57,-29.21,-28.93,-29.3,-29.21,-28.78,-28.9,-28.93,-28.84,-28.63,-28.38,-28.5,-28.44,-28.32,-28.29,-28.32,-28.2,-28.05,-27.89,-27.86,-27.68,-27.68,-27.86,-27.5,-27.71,-27.4,-27.19,-27.19,-27.47,-27.68,-27.34,-27.62,-27.5,-27.56,-27.53,-27.77,-27.56,-28.08,-27.74,-28.14,-28.35,-28.08,-28.44,-28.32,-28.17,-28.53,-28.59,-28.23,-28.26,-28.69,-28.81,-28.66,-28.53,-28.38,-28.44,-28.59,-28.87,-29.02,-28.96,-28.87,-28.81,-28.78,-28.78,-28.87,-29.3,-28.96,-29.27,-29.33,-29.17,-28.99,-28.99,-29.24,-28.84,-29.08,-29.08,-29.33,-29.21,-29.45,-29.02,-29.48,-29.24,-29.36,-29.54,-29.14,-29.39,-29.54,-29.14,-29.33,-29.51,-29.39,-29.17,-29.42,-29.75,-29.85,-29.79,-29.69,-29.51,-29.45,-29.42,-29.36,-29.3,-29.3,-29.36,-29.54,-29.63,-29.36,-29.54,-29.3,-29.69,-29.72,-29.63,-29.51,-29.51,-29.82,-29.39,-29.75,-29.3,-29.66,-29.24,-29.69,-29.42,-29.48,-29.51,-29.27,-29.66,-29.48,-29.3,-29.72,-29.48,-29.24,-29.6,-29.88,-29.63,-29.36,-29.39,-29.66,-29.82,-29.88,-29.82,-29.88,-29.91,-29.91,-29.97,-29.97,-30.0,-29.79,-29.82,-30.03,-29.63,-30.03,-30.09,-29.88,-29.79,-29.66,-29.91,-29.82,-29.72,-29.88,-29.66,-29.88,-29.69,-29.66,-29.85,-29.39,-29.88,-29.66,-29.51,-30.09,-29.75,-29.69,-30.03,-29.94,-29.63,-29.69,-30.0,-30.06,-29.79,-29.6,-29.42,-29.42,-29.54,-29.63,-29.85,-29.94,-30.0,-29.91,-29.88,-29.88,-29.85,-30.21,-30.0,-30.3,-30.3,-30.09,-29.91,-30.18,-30.46,-30.06,-30.43,-30.3,-30.46,-30.24,-30.52,-30.15,-30.7,-30.27,-30.3,-30.55,-30.15,-30.46,-30.43,-30.09,-30.27,-30.46,-30.24,-29.94,-30.12,-30.36,-30.52,-30.4,-30.21,-30.0,-29.91,-29.85,-29.85,-29.85,-29.91,-30.0,-30.15,-30.24,-30.06,-29.97,-30.15,-30.33,-30.3,-30.15,-30.09,-30.33,-30.52,-30.12,-30.61,-30.27,-30.79,-30.36,-30.76,-30.55,-30.58,-30.76,-30.4,-30.67,-30.43,-30.18,-30.67,-30.7,-30.3,-30.52,-30.76,-30.58,-30.33,-30.12,-30.24,-30.43,-30.43,-30.4,-30.27,-30.27,-30.27,-30.18,-30.12,-30.09,-30.03,-29.91,-30.03,-29.6,-29.97,-30.0,-29.91,-29.6,-29.57,-29.97,-29.88,-29.85,-30.03,-29.94,-30.0,-30.0,-29.82,-30.12,-29.79,-30.3,-30.09,-29.91,-30.4,-30.21,-30.15,-30.52,-30.49,-30.09,-30.21,-30.55,-30.64,-30.46,-30.43,-30.27,-30.21,-30.27,-30.33,-30.36,-30.3,-30.21,-30.12,-30.12,-30.24,-30.33,-30.67,-30.61,-30.91,-30.85,-30.67,-30.43,-30.67,-30.88,-30.4,-30.82,-30.52,-30.79,-30.3,-30.67,-30.21,-30.64,-30.58,-30.3,-30.64,-30.3,-30.43,-30.7,-30.4,-30.3,-30.58,-30.58,-30.18,-30.15,-30.36,-30.61,-30.64,-30.64,-30.49,-30.36,-30.36,-30.33,-30.36,-30.36,-30.36,-30.36,-30.4,-30.21,-29.97,-30.15,-30.27,-30.12,-29.94,-29.85,-30.03,-30.06,-29.57,-30.0,-29.51,-29.79,-29.48,-29.72,-29.69,-29.42,-29.91,-29.66,-29.6,-29.82,-29.51,-29.57,-29.85,-29.79,-29.51,-29.63,-29.97,-29.94,-29.88,-29.69,-29.66,-29.63,-29.75,-29.79,-29.91,-29.94,-29.91,-29.94,-29.91,-29.97,-30.03,-30.06,-30.43,-30.33,-30.06,-30.21,-30.3,-30.4,-30.12,-30.18,-30.27,-30.03,-30.49,-30.36,-30.36,-30.61,-30.3,-30.64,-30.4,-30.49,-30.61,-30.27,-30.36,-30.64,-30.36,-30.24,-30.49,-30.58,-30.49,-30.18,-29.94,-29.91,-29.97,-30.06,-30.15,-30.06,-30.03,-30.03,-29.88,-29.82,-29.6,-29.36,-29.36,-29.72,-29.21,-29.3,-29.48,-29.51,-29.36,-29.08,-29.27,-29.17,-29.08,-29.14,-28.9,-28.96,-29.08,-28.84,-29.21,-28.84,-29.02,-29.14,-28.66,-29.11,-29.24,-28.87,-28.93,-29.3,-29.27,-28.96,-28.9,-29.24,-29.39,-29.36,-29.36,-29.3,-29.21,-29.33,-29.33,-29.33,-29.45,-29.63,-29.75,-29.69,-29.66,-29.33,-29.66,-29.79,-29.54,-29.33,-29.39,-29.66,-29.39,-29.48,-29.45,-29.6,-29.66,-29.88,-29.54,-30.09,-29.69,-30.06,-30.18,-29.75,-30.18,-30.18,-29.79,-30.06,-30.21,-29.94,-29.63,-29.88,-30.06,-30.15,-29.97,-29.82,-29.69,-29.54,-29.45,-29.48,-29.51,-29.66,-29.72,-29.79,-29.94,-29.91,-29.63,-30.15,-29.72,-29.82,-30.15,-30.36,-30.21,-29.91,-30.3,-29.94,-30.18,-29.85,-30.15,-29.69,-30.24,-29.82,-30.03,-30.06,-29.66,-30.09,-30.0,-29.79,-30.15,-30.21,-29.94,-29.85,-30.12,-30.21,-30.09,-29.91,-29.79,-29.82,-29.91,-30.03,-30.06,-30.09,-30.06,-29.97,-29.75,-29.75,-29.72,-29.75,-30.21,-29.85,-30.18,-30.15,-30.09,-29.75,-29.88,-30.12,-29.85,-30.24,-29.88,-30.33,-29.94,-30.3,-29.85,-30.12,-30.18,-29.75,-30.27,-30.09,-29.94,-30.43,-30.43,-30.0,-30.27,-30.43,-30.36,-30.15,-30.18,-30.33,-30.55,-30.7,-30.7,-30.73,-30.67,-30.73,-30.82,-30.76,-30.73,-30.64,-30.52,-30.7,-30.4,-30.67,-30.46,-30.33,-30.46,-30.67,-30.79,-30.52,-30.91,-30.49,-30.91,-30.46,-30.94,-30.49,-30.91,-30.7,-30.43,-30.82,-30.61,-30.55,-30.82,-30.55,-30.27,-30.64,-30.64,-30.36,-30.21,-30.4,-30.67,-30.67,-30.55,-30.3,-30.27,-30.27,-30.21,-30.18,-30.24,-30.49,-30.61,-30.73,-30.61,-30.36,-30.46,-30.24,-30.46,-30.64,-30.79,-30.52,-30.55,-30.94,-30.58,-30.94,-30.58,-31.1,-30.67,-30.98,-30.88,-30.76,-31.1,-30.76,-30.98,-30.94,-30.55,-30.61,-30.94,-30.76,-30.49,-30.58,-30.91,-31.07,-30.88,-30.79,-30.73,-30.58,-30.52,-30.52,-30.43,-30.55,-30.55,-30.58,-30.64,-30.82,-30.67,-30.85,-30.91,-31.13,-30.91,-30.73,-30.76,-31.07,-30.98,-30.7,-31.04,-30.52,-30.91,-30.58,-30.94,-30.79,-30.49,-30.79,-30.36,-30.4,-30.58,-30.18,-30.33,-30.61,-30.36,-30.12,-30.4,-30.61,-30.61,-30.3,-30.09,-30.12,-30.12,-30.18,-30.27,-30.3,-30.21,-30.15,-30.09,-29.91,-29.79,-29.88,-29.94,-30.27,-30.06,-29.79,-30.06,-30.24,-30.3,-29.94,-30.15,-30.21,-30.12,-30.27,-30.15,-30.15,-30.36,-29.94,-30.43,-30.18,-30.15,-30.4,-30.18,-30.09,-30.46,-30.27,-30.0,-30.3,-30.46,-30.46,-30.3,-30.15,-30.24,-30.4,-30.43,-30.52,-30.49,-30.55,-30.55,-30.52,-30.43,-30.24,-30.09,-30.06,-30.52,-30.15,-30.46,-30.46,-30.27,-30.12,-30.27,-30.55,-30.21,-30.67,-30.4,-30.67,-30.43,-30.94,-30.49,-30.76,-30.79,-30.43,-30.79,-30.55,-30.43,-30.76,-30.61,-30.43,-30.67,-30.82,-30.7,-30.43,-30.36,-30.61,-30.76,-30.94,-30.94,-30.85,-30.76,-30.82,-30.82,-30.94,-30.85,-30.82,-30.73,-30.79,-30.64,-30.64,-30.46,-30.61,-30.82,-30.94,-30.79,-30.64,-30.98,-30.61,-31.07,-30.76,-31.22,-30.94,-31.16,-31.34,-30.94,-31.43,-31.19,-31.04,-31.43,-31.25,-30.98,-31.31,-31.4,-31.07,-30.88,-31.19,-31.43,-31.49,-31.62,-31.4,-31.34,-31.31,-31.19,-31.28,-31.34,-31.4,-31.46,-31.56,-31.62,-31.49,-31.19,-31.46,-31.71,-31.74,-31.46,-31.31,-31.71,-31.68,-31.49,-31.71,-31.28,-31.46,-31.25,-31.22,-31.46,-31.07,-31.49,-31.52,-31.22,-31.52,-31.43,-31.22,-31.62,-31.74,-31.43,-31.25,-31.59,-31.65,-31.71,-31.56,-31.56,-31.46,-31.28,-31.28,-31.28,-31.31,-31.43,-31.56,-31.65,-31.8,-31.8,-31.49,-31.89,-31.52,-31.49,-31.59,-31.83,-31.98,-31.59,-31.92,-31.71,-31.95,-31.89,-31.89,-31.62,-32.01,-31.68,-31.95,-31.98,-31.68,-32.04,-31.86,-31.62,-31.98,-32.07,-31.74,-31.62,-31.98,-32.01,-31.92,-31.65,-31.46,-31.46,-31.49,-31.59,-31.59,-31.59,-31.56,-31.49,-31.31,-31.37,-31.4,-31.22,-31.65,-31.34,-31.74,-31.86,-31.86,-31.62,-31.52,-31.83,-31.37,-31.74,-31.4,-31.65,-31.25,-31.71,-31.46,-31.65,-31.74,-31.4,-31.92,-31.77,-31.56,-31.86,-31.77,-31.37,-31.59,-31.77,-31.59,-31.34,-31.22,-31.43,-31.62,-31.8,-32.01,-31.8,-31.89,-32.07,-32.01,-31.95,-31.92,-31.8,-31.68,-31.95,-31.62,-31.95,-31.74,-31.56,-31.46,-31.74,-31.92,-31.59,-32.07,-31.77,-32.1,-31.8,-32.2,-31.71,-32.2,-32.01,-31.74,-32.04,-31.71,-31.77,-32.04,-31.77,-31.52,-32.01,-32.04,-31.65,-31.68,-31.59,-31.83,-31.89,-31.89,-31.86,-31.8,-31.65,-31.59,-31.62,-31.74,-31.89,-31.98,-31.86,-31.89,-31.74,-31.8,-31.43,-31.62,-31.77,-31.86,-31.56,-31.62,-31.89,-31.46,-31.89,-31.37,-31.8,-31.59,-31.77,-31.74,-31.4,-31.92,-31.71,-31.65,-32.07,-31.86,-31.65,-32.1,-32.14,-31.8,-31.74,-32.07,-32.2,-32.23,-32.14,-32.01,-31.86,-31.77,-31.83,-31.86,-31.92,-31.92,-32.04,-32.23,-32.38,-32.26,-31.98,-32.2,-32.41,-32.26,-32.07,-32.2,-32.5,-32.38,-32.35,-32.59,-32.38,-32.68,-32.62,-32.53,-32.71,-32.26,-32.65,-32.47,-32.2,-32.62,-32.32,-32.01,-32.44,-32.47,-32.14,-31.95,-32.14,-32.29,-32.26,-32.14,-31.98,-31.8,-31.83,-31.83,-31.89,-31.8,-31.83,-31.83,-31.83,-32.01,-31.98,-31.74,-32.07,-31.65,-31.71,-32.01,-32.1,-32.01,-31.77,-32.17,-31.83,-32.04,-31.8,-32.1,-31.71,-32.04,-32.01,-31.92,-32.2,-31.8,-32.01,-32.2,-31.89,-31.86,-32.17,-32.1,-31.8,-31.92,-32.23,-32.32,-32.1,-32.01,-31.8,-31.74,-31.74,-31.77,-31.65,-31.68,-31.71,-31.71,-31.8,-31.98,-31.83,-31.59,-32.07,-31.92,-31.65,-31.71,-32.01,-32.04,-31.71,-31.89,-31.89,-31.92,-31.92,-32.01,-31.62,-31.95,-31.4,-31.77,-31.71,-31.43,-31.83,-31.62,-31.37,-31.62,-31.52,-31.34,-31.16,-31.4,-31.56,-31.56,-31.43,-31.28,-31.16,-31.1,-31.04,-30.94,-30.94,-30.82,-30.85,-30.91,-30.98,-31.01,-30.79,-31.01,-30.82,-31.13,-31.16,-31.16,-30.94,-31.1,-31.37,-30.88,-31.19,-30.61,-31.04,-30.61,-30.88,-30.67,-30.61,-30.91,-30.52,-30.91,-30.91,-30.46,-30.88,-30.94,-30.64,-30.55,-30.79,-30.88,-30.88,-30.58,-30.46,-30.46,-30.55,-30.64,-30.61,-30.61,-30.61,-30.64,-30.52,-30.3,-30.18,-30.15,-30.36,-30.46,-30.49,-30.21,-30.24,-30.4,-30.61,-30.43,-30.46,-30.67,-30.43,-30.76,-30.64,-30.73,-30.82,-30.64,-31.1,-30.85,-30.88,-31.25,-30.88,-30.82,-31.16,-31.04,-30.73,-30.91,-31.1,-31.19,-31.04,-30.82,-30.79,-30.94,-30.82,-30.91,-31.04,-31.13,-31.04,-31.01,-30.98,-30.91,-30.98,-30.98,-31.37,-31.25,-31.52,-31.46,-31.28,-31.16,-31.49,-31.62,-31.22,-31.71,-31.25,-31.52,-31.16,-31.56,-31.59,-31.34,-31.8,-31.52,-31.68,-31.98,-31.65,-31.77,-32.04,-32.07,-31.68,-31.74,-32.07,-32.23,-32.1,-31.89,-31.8,-31.83,-31.86,-31.89,-31.98,-31.98,-31.92,-31.83,-31.92,-31.95,-32.04,-31.89,-32.26,-31.92,-32.17,-32.32,-32.23,-31.89,-31.89,-32.26,-31.77,-32.17,-31.77,-32.14,-31.59,-31.98,-31.83,-31.65,-32.01,-31.59,-31.77,-31.8,-31.46,-31.46,-31.77,-31.65,-31.43,-31.46,-31.74,-31.83,-31.86,-31.65,-31.56,-31.56,-31.62,-31.65,-31.65,-31.65,-31.62,-31.52,-31.56,-31.77,-31.86,-31.59,-31.98,-31.68,-31.59,-31.83,-31.92,-31.83,-31.46,-31.89,-31.56,-31.89,-31.59,-31.92,-31.49,-32.1,-31.77,-31.89,-32.04,-31.71,-32.07,-32.1,-31.83,-32.14,-32.26,-32.1,-31.89,-32.1,-32.35,-32.41,-32.38,-32.26,-32.07,-32.07,-32.07,-32.17,-32.14,-32.2,-32.17,-32.2,-32.47,-32.56,-32.62,-32.29,-32.65,-32.5,-32.29,-32.32,-32.47,-32.71,-32.32,-32.5,-32.44,-32.59,-32.62,-32.87,-32.56,-33.05,-32.65,-32.96,-33.05,-32.68,-33.05,-33.08,-32.68,-32.96,-33.2,-32.99,-32.81,-33.02,-33.26,-33.33,-33.26,-33.14,-32.99,-32.93,-32.96,-32.9,-32.96,-33.02,-33.14,-33.11,-33.36,-33.42,-33.23,-33.08,-33.14,-33.42,-33.42,-33.26,-33.11,-33.36,-33.48,-33.26,-33.6,-33.17,-33.42,-33.26,-33.2,-33.39,-32.93,-33.36,-33.17,-32.99,-33.33,-33.14,-32.9,-33.11,-33.17,-32.81,-32.78,-33.02,-33.14,-33.14,-32.99,-32.81,-32.78,-32.62,-32.53,-32.53,-32.5,-32.53,-32.5,-32.65,-32.9,-32.75,-32.41,-32.78,-32.41,-32.53,-32.68,-32.9,-32.62,-32.41,-32.84,-32.41,-32.84,-32.47,-32.99,-32.44,-32.84,-32.75,-32.53,-32.9,-32.59,-32.68,-33.05,-32.71,-32.53,-33.02,-32.96,-32.65,-32.5,-32.71,-32.9,-32.96,-32.93,-32.75,-32.59,-32.59,-32.5,-32.53,-32.65,-32.75,-32.84,-32.81,-32.84,-32.71,-32.29,-32.62,-32.35,-32.17,-32.47,-32.65,-32.65,-32.32,-32.75,-32.32,-32.59,-32.17,-32.65,-32.35,-32.53,-32.62,-32.2,-32.62,-32.53,-32.26,-32.71,-32.68,-32.38,-32.5,-32.75,-32.59,-32.38,-32.41,-32.5,-32.65,-32.75,-32.68,-32.59,-32.59,-32.56,-32.59,-32.62,-32.68,-32.65,-32.53,-32.44,-32.62,-32.38,-32.65,-32.53,-32.41,-32.44,-32.71,-32.75,-32.38,-32.84,-32.59,-33.05,-32.62,-33.05,-32.71,-33.08,-33.08,-32.84,-33.23,-33.08,-32.99,-33.42,-33.23,-32.99,-33.45,-33.48,-33.29,-32.93,-32.93,-33.23,-33.29,-33.29,-33.2,-33.2,-33.2,-33.26,-33.29,-33.42,-33.45,-33.39,-33.36,-33.29,-33.29,-32.87,-33.08,-33.36,-33.33,-33.08,-32.99,-33.33,-33.11,-33.26,-33.23,-33.17,-33.05,-33.29,-32.81,-33.23,-33.02,-32.93,-33.36,-33.02,-33.05,-33.39,-33.26,-32.96,-33.17,-33.26,-33.2,-32.99,-32.9,-32.93,-33.14,-33.17,-33.17,-33.17,-33.14,-33.11,-33.17,-33.17,-33.02,-32.9,-32.78,-32.96,-33.23,-32.75,-32.96,-33.11,-33.23,-33.05,-32.9,-33.29,-32.96,-33.2,-32.99,-33.33,-32.84,-33.26,-32.87,-33.08,-33.14,-32.71,-33.02,-32.9,-32.65,-32.99,-33.05,-32.75,-32.65,-32.87,-33.02,-32.71,-32.47,-32.44,-32.41,-32.47,-32.59,-32.65,-32.68,-32.65,-32.53,-32.41,-32.44,-32.44,-32.5,-32.41,-32.93,-32.56,-32.65,-32.84,-32.9,-32.78,-32.71,-33.05,-32.81,-33.05,-32.84,-33.17,-32.75,-33.29,-33.02,-33.14,-33.39,-33.02,-33.29,-33.39,-32.99,-33.26,-33.36,-33.17,-33.02,-33.23,-33.51,-33.39,-33.2,-33.02,-33.08,-33.14,-33.14,-33.26,-33.17,-33.14,-33.05,-32.96,-32.9,-33.05,-33.08,-33.05,-33.48,-33.33,-33.05,-33.11,-33.29,-33.36,-33.14,-33.39,-33.26,-33.29,-33.36,-33.48,-32.99,-33.51,-33.08,-33.23,-33.42,-33.02,-33.39,-33.33,-33.02,-33.14,-33.29,-33.14,-32.81,-32.81,-33.11,-33.17,-33.02,-32.87,-32.68,-32.59,-32.5,-32.5,-32.41,-32.47,-32.47,-32.65,-32.84,-32.96,-32.81,-32.53,-32.9,-32.65,-32.23,-32.17,-32.41,-32.53,-32.14,-32.38,-32.2,-32.26,-32.1,-32.35,-31.92,-32.35,-32.04,-32.07,-32.26,-31.89,-32.07,-32.32,-31.8,-31.77,-32.04,-31.92,-31.59,-31.4,-31.74,-32.01,-32.1,-32.01,-31.95,-31.83,-31.74,-31.77,-31.77,-31.8,-31.89,-31.92,-31.89,-31.92,-31.92,-31.56,-31.83,-31.98,-31.89,-31.62,-31.56,-31.92,-31.71,-31.8,-31.74,-31.8,-31.56,-31.83,-31.37,-31.86,-31.59,-31.52,-31.8,-31.49,-31.56,-31.86,-31.56,-31.43,-31.86,-31.92,-31.71,-31.49,-31.56,-31.77,-31.92,-31.89,-31.86,-31.89,-31.95,-31.95,-31.98,-32.04,-32.01,-31.95,-31.83,-31.92,-32.07,-31.77,-31.83,-32.04,-32.04,-31.92,-31.62,-32.14,-31.98,-31.92,-32.01,-31.98,-32.04,-32.32,-31.89,-32.29,-32.07,-32.04,-32.41,-31.98,-32.01,-32.38,-32.14,-31.98,-32.32,-32.44,-32.32,-32.17,-32.2,-32.38,-32.56,-32.68,-32.78,-32.71,-32.68,-32.71,-32.78,-32.78,-32.75,-32.53,-32.41,-32.62,-32.78,-32.62,-32.53,-32.75,-32.99,-32.96,-32.71,-32.84,-32.96,-32.75,-33.11,-32.87,-32.96,-32.99,-32.65,-32.96,-32.71,-32.75,-33.08,-32.56,-32.68,-32.84,-32.53,-32.26,-32.53,-32.56,-32.32,-32.14,-31.92,-32.01,-32.14,-32.32,-32.44,-32.44,-32.5,-32.35,-32.32,-32.26,-32.14,-32.01,-31.95,-32.17,-32.38,-32.38,-32.04,-32.04,-32.23,-32.29,-32.14,-32.26,-32.44,-32.04,-32.35,-32.14,-32.26,-32.38,-31.98,-32.56,-32.23,-32.35,-32.65,-32.26,-32.32,-32.65,-32.44,-32.14,-32.35,-32.56,-32.47,-32.2,-32.17,-32.1,-32.32,-32.44,-32.56,-32.44,-32.5,-32.53,-32.56,-32.53,-32.32,-32.26,-32.32,-32.59,-32.35,-32.75,-32.65,-32.56,-32.41,-32.59,-32.75,-32.38,-32.81,-32.32,-32.84,-32.44,-32.78,-32.62,-32.56,-32.99,-32.62,-32.71,-33.02,-32.62,-32.68,-33.02,-33.05,-32.65,-32.71,-33.02,-33.23,-33.08,-32.93,-32.93,-32.9,-32.96,-33.02,-33.05,-32.99,-32.93,-32.93,-32.99,-33.14,-33.2,-32.84,-33.02,-33.08,-33.33,-33.33,-33.08,-32.96,-33.33,-33.33,-33.02,-33.36,-32.9,-33.14,-32.99,-32.99,-33.14,-32.75,-33.26,-33.17,-32.84,-33.2,-32.99,-32.65,-32.99,-33.17,-32.99,-32.68,-32.87,-33.14,-33.2,-33.17,-33.08,-33.05,-32.93,-32.99,-32.96,-32.87,-33.11,-33.17,-33.26,-33.42,-33.36,-33.36,-33.23,-33.17,-33.54,-33.6,-33.42,-33.17,-33.51,-33.45,-33.33,-33.54,-33.42,-33.36,-33.51,-33.14,-33.66,-33.26,-33.33,-33.6,-33.2,-33.48,-33.63,-33.39,-33.29,-33.69,-33.75,-33.51,-33.42,-33.39,-33.57,-33.69,-33.78,-33.78,-33.75,-33.72,-33.72,-33.75,-33.69,-33.72,-33.57,-33.48,-33.57,-33.94,-33.42,-33.81,-33.94,-33.81,-33.57,-33.57,-33.97,-33.48,-33.72,-33.48,-33.72,-33.45,-33.87,-33.42,-33.6,-33.78,-33.39,-33.78,-33.63,-33.29,-33.78,-33.81,-33.48,-33.42,-33.84,-33.87,-33.84,-33.6,-33.51,-33.54,-33.78,-33.87,-33.87,-33.91,-33.91,-33.78,-33.69,-33.54,-33.45,-33.48,-33.51,-33.94,-33.51,-33.66,-33.87,-33.84,-33.63,-33.51,-33.87,-33.42,-33.84,-33.54,-33.91,-33.39,-33.81,-33.78,-33.66,-34.0,-33.63,-33.72,-34.0,-33.6,-33.57,-33.87,-33.84,-33.57,-33.51,-33.75,-33.78,-33.72,-33.63,-33.54,-33.42,-33.42,-33.42,-33.39,-33.33,-33.33,-33.42,-33.54,-33.66,-33.72,-33.48,-33.51,-33.33,-33.75,-33.81,-33.66,-33.36,-33.66,-33.66,-33.36,-33.6,-33.26,-33.48,-33.45,-33.11,-33.54,-33.2,-33.42,-33.51,-33.14,-33.51,-33.54,-33.17,-33.29,-33.6,-33.6,-33.26,-33.26,-33.48,-33.57,-33.66,-33.63,-33.66,-33.63,-33.69,-33.66,-33.69,-33.69,-33.84,-33.87,-33.75,-33.91,-33.84,-33.66,-33.57,-33.75,-34.0,-33.84,-33.45,-33.78,-33.63,-33.57,-33.69,-33.84,-33.69,-33.81,-33.48,-33.91,-33.78,-33.48,-34.06,-34.0,-33.66,-34.09,-34.15,-33.75,-33.87,-34.24,-34.45,-34.21,-34.03,-33.87,-33.81,-33.91,-33.91,-33.94,-33.94,-33.94,-33.84,-33.81,-33.81,-33.91,-34.0,-33.84,-34.21,-33.81,-34.21,-34.36,-34.24,-34.0,-34.03,-34.3,-33.87,-34.33,-33.75,-34.18,-33.94,-33.94,-34.03,-33.6,-34.03,-33.78,-33.51,-33.91,-33.6,-33.42,-33.66,-33.84,-33.6,-33.36,-33.57,-33.78,-33.87,-33.72,-33.51,-33.36,-33.26,-33.14,-33.17,-33.23,-33.29,-33.39,-33.42,-33.48,-33.42,-33.36,-33.2,-33.17,-33.39,-33.33,-33.14,-32.93,-33.26,-33.17,-33.2,-33.36,-33.36,-33.39,-33.63,-33.08,-33.57,-33.42,-33.17,-33.57,-33.36,-33.39,-33.75,-33.54,-33.29,-33.54,-33.78,-33.69,-33.39,-33.33,-33.36,-33.6,-33.69,-33.66,-33.69,-33.63,-33.69,-33.72,-33.72,-33.54,-33.39,-33.2,-33.33,-33.72,-33.33,-33.78,-33.84,-33.66,-33.33,-33.48,-33.75,-33.39,-33.84,-33.33,-33.63,-33.26,-33.69,-33.42,-33.33,-33.66,-33.36,-33.45,-33.75,-33.42,-33.45,-33.78,-33.69,-33.33,-33.48,-33.78,-33.81,-33.75,-33.57,-33.45,-33.36,-33.39,-33.33,-33.23,-33.2,-33.17,-33.2,-33.26,-33.45,-33.54,-33.33,-33.42,-33.2,-33.45,-33.48,-33.36,-33.14,-33.36,-33.39,-33.11,-33.48,-33.02,-33.45,-33.26,-33.14,-33.51,-33.11,-33.45,-33.54,-33.23,-33.63,-33.6,-33.23,-33.2,-33.54,-33.39,-33.02,-33.02,-33.11,-33.29,-33.36,-33.29,-33.14,-33.11,-33.05,-33.11,-33.17,-33.2,-33.33,-33.33,-33.29,-33.2,-33.29,-32.9,-33.14,-33.36,-33.33,-33.08,-32.93,-33.33,-33.05,-33.17,-33.17,-33.11,-32.99,-33.26,-32.93,-33.29,-33.08,-33.05,-33.29,-32.96,-32.96,-33.23,-33.02,-32.71,-32.99,-33.17,-33.05,-32.78,-32.75,-32.87,-33.02,-33.11,-33.11,-33.08,-33.08,-33.14,-33.08,-33.08,-33.02,-32.96,-32.65,-32.93,-33.02,-32.71,-32.75,-32.99,-33.02,-32.93,-32.65,-32.99,-32.84,-32.9,-32.96,-33.05,-32.87,-33.2,-32.71,-33.08,-32.93,-32.68,-33.11,-32.93,-32.78,-33.14,-33.08,-32.78,-32.81,-33.05,-33.05,-32.9,-32.56,-32.44,-32.65,-32.65,-32.75,-32.84,-32.87,-32.87,-32.75,-32.68,-32.68,-32.62,-32.71,-32.75,-33.17,-32.59,-32.68,-32.99,-32.99,-32.81,-32.5,-32.9,-32.56,-32.78,-32.44,-32.87,-32.44,-32.81,-32.62,-32.5,-32.78,-32.47,-32.59,-32.71,-32.44,-32.47,-32.71,-32.75,-32.35,-32.47,-32.71,-32.84,-32.78,-32.59,-32.44,-32.35,-32.26,-32.29,-32.32,-32.26,-32.38,-32.44,-32.56,-32.68,-32.62,-32.26,-32.44,-32.17,-32.41,-32.62,-32.68,-32.2,-32.2,-32.5,-32.04,-32.5,-32.1,-32.5,-32.2,-32.26,-32.38,-32.07,-32.41,-32.38,-32.07,-32.35,-32.47,-32.14,-32.32,-32.59,-32.62,-32.2,-32.07,-32.41,-32.59,-32.62,-32.56,-32.59,-32.56,-32.65,-32.59,-32.56,-32.62,-32.87,-32.78,-32.62,-32.75,-32.56,-32.5,-32.14,-32.29,-32.44,-32.44,-32.01,-32.04,-32.26,-31.86,-32.1,-31.89,-31.92,-32.17,-31.65,-32.04,-31.77,-31.8,-32.01,-31.74,-31.77,-32.04,-31.95,-31.65,-31.86,-32.04,-31.95,-31.74,-31.62,-31.52,-31.59,-31.68,-31.74,-31.8,-31.77,-31.77,-31.8,-31.74,-31.74,-31.71,-31.86,-31.8,-32.23,-31.89,-31.92,-32.23,-32.32,-32.23,-31.83,-32.1,-31.83,-32.23,-32.04,-32.32,-31.98,-32.35,-32.1,-32.17,-32.47,-32.1,-32.29,-32.38,-32.14,-32.23,-32.44,-32.29,-32.04,-32.01,-32.38,-32.47,-32.41,-32.29,-32.2,-32.07,-32.04,-31.92,-31.95,-32.04,-32.04,-32.2,-32.29,-32.5,-32.44,-32.2,-32.2,-32.07,-32.35,-32.44,-32.44,-32.04,-32.32,-32.44,-32.07,-32.38,-32.07,-32.32,-32.38,-32.04,-32.32,-32.04,-32.07,-32.29,-31.92,-32.14,-32.38,-32.14,-31.98,-32.29,-32.41,-32.29,-32.07,-32.14,-32.29,-32.5,-32.56,-32.65,-32.78,-32.65,-32.65,-32.65,-32.56,-32.38,-32.29,-32.29,-32.41,-32.75,-32.38,-32.53,-32.68,-32.75,-32.5,-32.32,-32.68,-32.44,-32.78,-32.59,-32.99,-32.47,-32.99,-32.62,-32.78,-33.08,-32.59,-32.84,-33.02,-32.62,-32.84,-33.2,-32.96,-32.65,-32.93,-33.17,-33.29,-33.14,-32.99,-32.99,-32.96,-32.96,-32.99,-33.11,-33.11,-33.14,-33.2,-33.26,-33.42,-33.51,-33.36,-33.6,-33.39,-33.69,-33.72,-33.6,-33.42,-33.75,-33.78,-33.63,-33.84,-33.66,-33.66,-33.87,-33.39,-33.84,-33.66,-33.48,-34.03,-33.78,-33.6,-34.09,-34.09,-33.69,-33.75,-33.97,-34.06,-33.87,-33.63,-33.6,-33.63,-33.69,-33.72,-33.78,-33.63,-33.54,-33.51,-33.6,-33.87,-34.09,-33.97,-34.0,-34.15,-33.72,-34.15,-34.12,-33.75,-33.94,-34.3,-33.81,-34.06,-33.87,-34.12,-33.72,-34.18,-33.75,-33.91,-34.18,-33.84,-34.0,-34.12,-33.91,-33.78,-34.12,-34.12,-33.81,-33.63,-33.78,-34.03,-34.21,-34.03,-33.97,-33.91,-33.81,-33.75,-33.72,-33.87,-33.84,-33.94,-34.03,-33.97,-33.75,-33.57,-33.66,-33.97,-33.45,-33.75,-33.81,-33.6,-33.33,-33.66,-33.45,-33.48,-33.42,-33.51,-33.2,-33.66,-33.39,-33.45,-33.69,-33.33,-33.48,-33.75,-33.6,-33.29,-33.54,-33.72,-33.54,-33.33,-33.6,-33.72,-33.6,-33.29,-33.48,-33.78,-33.87,-33.91,-33.94,-33.91,-33.81,-33.94,-34.0,-34.0,-33.91,-33.91,-34.09,-33.66,-34.03,-33.94,-33.69,-33.6,-33.84,-34.09,-33.57,-34.03,-33.69,-34.12,-33.66,-34.12,-33.72,-33.94,-33.97,-33.66,-34.15,-33.94,-33.72,-34.21,-34.18,-33.84,-34.06,-34.3,-34.15,-33.87,-33.72,-33.91,-34.03,-34.15,-34.12,-34.12,-34.15,-34.21,-34.24,-34.12,-34.03,-33.97,-33.78,-33.81,-33.87,-33.51,-33.72,-33.91,-33.84,-33.6,-33.36,-33.78,-33.57,-33.63,-33.51,-33.57,-33.29,-33.72,-33.33,-33.69,-33.57,-33.39,-33.78,-33.51,-33.29,-33.69,-33.51,-33.14,-33.51,-33.66,-33.6,-33.33,-33.2,-33.2,-33.36,-33.48,-33.51,-33.6,-33.66,-33.66,-33.54,-33.48,-33.39,-33.2,-33.11,-33.14,-33.39,-33.14,-33.2,-33.51,-33.57,-33.39,-33.02,-33.42,-33.23,-33.29,-33.42,-33.54,-33.14,-33.6,-33.14,-33.48,-33.48,-33.2,-33.63,-33.42,-33.23,-33.63,-33.6,-33.26,-33.2,-33.54,-33.66,-33.54,-33.29,-33.11,-33.17,-33.26,-33.29,-33.42,-33.36,-33.36,-33.11,-33.05,-33.11,-33.14,-33.2,-33.11,-33.57,-33.45,-33.26,-33.48,-33.6,-33.54,-33.23,-33.45,-33.36,-33.2,-33.11,-33.23,-32.87,-33.29,-32.9,-33.14,-33.17,-32.84,-33.29,-33.29,-32.96,-33.29,-33.39,-33.17,-33.02,-33.26,-33.42,-33.45,-33.26,-33.14,-32.93,-32.9,-32.93,-32.93,-32.84,-32.75,-32.75,-32.81,-32.93,-32.99,-32.93,-32.62,-33.11,-32.99,-32.78,-32.75,-32.87,-33.14,-32.9,-33.17,-33.14,-33.17,-33.2,-33.39,-33.02,-33.54,-33.23,-33.42,-33.42,-33.05,-33.54,-33.48,-33.17,-33.45,-33.63,-33.42,-33.17,-33.26,-33.48,-33.54,-33.42,-33.23,-33.11,-33.05,-32.93,-32.99,-32.99,-32.99,-32.96,-33.02,-33.11,-33.08,-32.93,-32.68,-33.05,-33.11,-33.02,-32.81,-32.78,-33.14,-32.96,-32.99,-33.08,-32.87,-32.96,-32.99,-32.65,-32.99,-32.68,-32.9,-32.99,-32.59,-32.84,-32.96,-32.65,-32.78,-33.05,-33.02,-32.71,-32.56,-32.93,-33.14,-33.17,-33.11,-32.99,-32.93,-32.9,-32.84,-32.93,-33.02,-32.99,-33.11,-33.08,-33.14,-33.02,-32.62,-32.96,-33.14,-33.02,-32.87,-32.75,-33.17,-33.08,-33.05,-33.26,-33.26,-33.33,-33.39,-33.02,-33.54,-33.2,-33.33,-33.42,-33.08,-33.45,-33.6,-33.23,-33.42,-33.63,-33.63,-33.45,-33.33,-33.6,-33.81,-33.84,-33.87,-33.75,-33.75,-33.75,-33.75,-33.72,-33.72,-33.84,-33.78,-33.78,-33.84,-33.54,-33.69,-33.29,-33.45,-33.69,-33.84,-33.63,-33.48,-33.84,-33.36,-33.72,-33.29,-33.69,-33.66,-33.48,-33.66,-33.2,-33.54,-33.63,-33.26,-33.66,-33.75,-33.42,-33.54,-33.94,-33.84,-33.6,-33.42,-33.6,-34.0,-34.15,-34.15,-34.15,-34.18,-34.12,-34.18,-34.18,-34.21,-34.12,-34.03,-33.91,-34.15,-34.12,-34.12,-33.91,-33.84,-34.12,-34.27,-34.06,-33.84,-34.18,-33.87,-34.33,-33.94,-34.21,-34.09,-34.03,-34.3,-33.84,-34.18,-34.21,-33.81,-34.15,-34.24,-33.81,-33.84,-34.06,-34.06,-33.75,-33.57,-33.6,-33.75,-33.94,-33.94,-34.03,-34.09,-34.0,-33.94,-33.94,-33.87,-33.75,-33.54,-33.48,-33.72,-33.29,-33.63,-33.57,-33.33,-33.26,-33.6,-33.6,-33.14,-33.6,-33.17,-33.63,-33.26,-33.54,-33.54,-33.23,-33.66,-33.33,-33.51,-33.72,-33.36,-33.33,-33.66,-33.57,-33.26,-33.45,-33.72,-33.84,-33.63,-33.54,-33.42,-33.42,-33.42,-33.45,-33.57,-33.51,-33.36,-33.29,-33.39,-33.42,-33.54,-33.54,-33.48,-33.6,-33.78,-33.66,-33.42,-33.45,-33.84,-33.75,-33.69,-33.91,-33.66,-33.91,-33.72,-33.6,-33.91,-33.51,-33.87,-33.75,-33.48,-33.87,-33.78,-33.6,-33.84,-34.0,-33.63,-33.51,-33.81,-34.03,-34.09,-34.0,-33.87,-33.84,-33.75,-33.75,-33.78,-33.81,-33.94,-34.0,-34.15,-34.3,-34.33,-34.18,-34.18,-34.09,-34.27,-34.3,-34.15,-33.94,-34.15,-34.12,-33.78,-34.21,-33.91,-34.09,-34.06,-33.87,-34.15,-33.66,-34.03,-34.09,-33.72,-33.87,-34.0,-33.63,-33.78,-34.03,-34.0,-33.66,-33.81,-34.03,-34.21,-34.39,-34.3,-34.27,-34.12,-34.12,-34.09,-34.12,-34.21,-34.27,-34.24,-34.3,-34.21,-34.33,-34.0,-34.03,-34.27,-34.3,-34.12,-33.78,-34.18,-34.06,-34.06,-34.21,-34.18,-34.09,-34.3,-33.84,-34.36,-34.15,-34.06,-34.52,-34.15,-34.09,-34.36,-34.42,-34.06,-34.12,-34.39,-34.33,-34.18,-33.87,-33.78,-33.78,-33.91,-34.09,-34.03,-34.0,-34.0,-33.84,-33.75,-33.63,-33.66,-33.78,-33.75,-33.87,-33.87,-34.03,-34.03,-33.72,-33.57,-33.97,-33.84,-33.6,-33.81,-33.48,-33.66,-33.48,-33.57,-33.75,-33.29,-33.66,-33.54,-33.17,-33.57,-33.48,-33.14,-33.48,-33.6,-33.45,-33.14,-33.39,-33.57,-33.72,-33.72,-33.57,-33.51,-33.42,-33.39,-33.39,-33.36,-33.42,-33.51,-33.6,-33.66,-33.72,-33.51,-33.23,-33.45,-33.57,-33.45,-33.2,-33.08,-33.48,-33.29,-33.42,-33.42,-33.42,-33.33,-33.54,-33.17,-33.69,-33.42,-33.29,-33.63,-33.29,-33.23,-33.66,-33.48,-33.17,-33.45,-33.57,-33.36,-33.17,-33.11,-33.39,-33.57,-33.63,-33.63,-33.6,-33.51,-33.57,-33.54,-33.51,-33.48,-33.39,-33.14,-33.08,-33.42,-32.93,-33.23,-33.23,-33.11,-32.87,-33.2,-33.29,-32.81,-33.23,-32.81,-33.2,-32.75,-33.2,-32.96,-32.87,-33.11,-32.68,-33.05,-33.14,-32.68,-33.05,-33.29,-33.08,-32.9,-33.23,-33.48,-33.36,-33.26,-33.08,-33.08,-33.11,-33.29,-33.29,-33.39,-33.26,-33.23,-33.08,-32.99,-33.2,-33.48,-33.39,-33.57,-33.54,-33.81,-33.72,-33.54,-33.63,-34.06,-33.84,-33.78,-33.97,-33.81,-33.91,-33.84,-33.69,-34.0,-33.66,-33.91,-34.0,-33.57,-33.94,-33.97,-33.51,-33.66,-33.87,-33.78,-33.42,-33.29,-33.66,-33.75,-33.78,-33.78,-33.72,-33.63,-33.81,-33.78,-33.78,-33.87,-34.0,-34.09,-34.09,-34.06,-34.09,-33.6,-34.12,-34.12,-33.87,-33.72,-34.03,-34.03,-33.75,-34.27,-33.81,-34.21,-33.84,-34.3,-34.06,-33.94,-34.27,-33.91,-34.09,-34.39,-34.06,-34.21,-34.55,-34.45,-34.12,-34.3,-34.67,-34.67,-34.64,-34.39,-34.24,-34.21,-34.27,-34.39,-34.45,-34.45,-34.36,-34.27,-34.36,-34.45,-34.64,-34.61,-34.3,-34.76,-34.42,-34.27,-34.48,-34.64,-34.48,-34.24,-34.7,-34.33,-34.85,-34.48,-34.94,-34.55,-34.64,-34.79,-34.45,-34.73,-34.64,-34.3,-34.64,-34.61,-34.36,-34.42,-34.73,-34.7,-34.39,-34.3,-34.39,-34.58,-34.7,-34.79,-34.82,-34.79,-34.82,-34.82,-34.85,-34.94,-34.85,-34.64,-34.58,-34.7,-34.94,-34.58,-34.79,-34.97,-35.06,-34.82,-34.7,-35.06,-34.61,-34.91,-34.58,-34.94,-34.52,-34.88,-34.73,-34.64,-35.16,-34.64,-34.73,-35.03,-34.76,-34.76,-35.13,-35.19,-34.88,-34.79,-35.0,-35.13,-35.16,-35.16,-35.13,-35.1,-34.97,-34.88,-34.94,-35.06,-35.1,-35.19,-35.4,-35.34,-35.31,-35.31,-34.88,-35.25,-35.37,-35.16,-34.91,-35.0,-35.31,-34.91,-35.19,-35.1,-35.37,-34.97,-35.31,-34.91,-35.31,-35.25,-34.91,-35.31,-35.28,-35.03,-35.31,-35.37,-35.06,-35.1,-35.34,-35.28,-35.25,-34.94,-34.85,-34.97,-35.16,-35.19,-35.16,-35.1,-35.16,-35.1,-35.1,-35.0,-34.85,-34.82,-34.88,-35.13,-35.1,-35.37,-35.22,-35.0,-35.28,-35.58,-35.43,-35.28,-35.49,-35.19,-35.25,-35.28,-35.13,-35.4,-34.94,-35.25,-35.31,-34.88,-35.22,-35.19,-34.91,-35.03,-35.19,-35.0,-34.76,-34.73,-34.94,-35.06,-35.0,-34.97,-34.82,-34.79,-34.73,-34.76,-34.76,-34.79,-34.88,-34.94,-35.06,-34.94,-35.1,-34.7,-35.03,-34.82,-34.76,-34.91,-35.22,-35.1,-34.79,-35.16,-34.73,-35.25,-34.76,-35.22,-34.88,-35.0,-35.13,-34.73,-35.16,-34.94,-34.58,-35.0,-35.03,-34.67,-34.76,-35.1,-35.03,-34.76,-34.64,-34.7,-34.88,-34.97,-35.1,-35.03,-35.0,-34.94,-34.94,-34.94,-34.91,-34.79,-34.52,-34.3,-34.7,-34.48,-34.67,-34.36,-34.09,-34.27,-34.58,-34.33,-34.27,-34.48,-34.18,-34.42,-34.27,-34.12,-34.45,-34.03,-34.39,-34.21,-34.0,-34.42,-34.24,-34.09,-34.45,-34.36,-34.0,-33.81,-34.09,-34.3,-34.33,-34.18,-34.15,-34.0,-33.91,-33.91,-33.91,-33.97,-33.97,-33.97,-34.0,-34.15,-34.18,-34.3,-34.0,-34.42,-34.09,-33.97,-34.15,-34.39,-34.27,-33.94,-34.3,-33.91,-34.42,-34.06,-34.48,-33.97,-34.36,-34.33,-34.09,-34.48,-34.24,-34.15,-34.42,-34.3,-34.06,-34.33,-34.36,-34.24,-33.87,-34.03,-34.24,-34.36,-34.33,-34.33,-34.21,-34.24,-34.24,-34.27,-34.42,-34.52,-34.45,-34.42,-34.39,-34.48,-34.21,-34.48,-34.15,-34.09,-34.3,-34.45,-34.09,-34.12,-34.36,-33.97,-34.24,-33.94,-34.03,-34.18,-33.75,-34.15,-33.91,-33.75,-33.97,-33.72,-33.6,-34.03,-34.06,-33.72,-33.84,-34.24,-34.3,-34.21,-33.94,-33.84,-33.87,-33.94,-33.91,-33.81,-33.81,-33.69,-33.57,-33.51,-33.54,-33.66,-33.66,-33.42,-33.75,-33.26,-33.45,-33.69,-33.81,-33.69,-33.42,-33.78,-33.29,-33.78,-33.29,-33.66,-33.23,-33.33,-33.57,-33.14,-33.54,-33.45,-33.26,-33.75,-33.72,-33.39,-33.66,-33.87,-33.63,-33.29,-33.36,-33.48,-33.6,-33.63,-33.57,-33.57,-33.51,-33.51,-33.48,-33.48,-33.57,-33.54,-33.48,-33.36,-33.2,-33.29,-33.05,-32.96,-33.05,-33.14,-33.02,-32.75,-33.05,-32.78,-32.81,-32.65,-32.71,-32.5,-32.81,-32.41,-32.78,-32.87,-32.5,-32.87,-32.68,-32.35,-32.81,-32.84,-32.56,-32.5,-32.84,-32.99,-32.78,-32.62,-32.41,-32.38,-32.47,-32.47,-32.59,-32.59,-32.59,-32.5,-32.44,-32.44,-32.56,-32.68,-32.5,-32.71,-32.53,-32.93,-32.81,-32.65,-32.41,-32.65,-32.87,-32.53,-33.05,-32.71,-33.08,-32.84,-33.02,-33.2,-32.87,-33.33,-33.17,-32.96,-33.42,-33.36,-33.08,-33.42,-33.57,-33.36,-33.17,-33.26,-33.57,-33.63,-33.66,-33.63,-33.57,-33.54,-33.54,-33.51,-33.54,-33.6,-33.69,-33.84,-33.91,-33.75,-33.69,-33.48,-33.54,-33.78,-33.75,-33.54,-33.29,-33.75,-33.57,-33.57,-33.69,-33.66,-33.48,-33.81,-33.33,-33.69,-33.48,-33.48,-33.75,-33.45,-33.54,-33.87,-33.75,-33.45,-33.66,-33.91,-33.72,-33.36,-33.42,-33.51,-33.63,-33.78,-33.78,-33.78,-33.81,-33.84,-33.78,-33.63,-33.45,-33.23,-33.08,-33.26,-33.57,-33.2,-33.51,-33.72,-33.6,-33.42,-33.42,-33.75,-33.33,-33.75,-36.62,-38.02,-38.48,-39.7,-40.13,-40.8,-41.66,-41.87,-42.69,-43.33,-43.49,-44.1,-44.8,-45.07,-45.14,-45.68,-46.36,-46.72,-46.81,-47.09,-47.33,-47.7,-47.97,-48.34,-48.58,-48.86,-49.16,-49.38,-49.71,-50.11,-50.45,-50.51,-50.99,-51.03,-51.57,-51.88,-52.0,-51.91,-52.4,-52.8,-52.64,-53.28,-53.01,-53.62,-53.65,-53.96,-54.29,-54.05,-54.75,-54.87,-54.66,-55.39,-55.36,-55.3,-55.76,-56.12,-56.15,-56.06,-56.3,-56.7,-56.95,-57.13,-57.25,-57.28,-57.37,-57.56,-57.65,-57.89,-58.01,-58.26,-58.41,-58.56,-58.72,-58.78,-58.65,-58.78,-59.05,-59.33,-59.2,-59.11,-59.6,-59.6,-59.57,-59.88,-60.0,-60.06,-60.33,-60.15,-60.67,-60.39,-60.58,-60.94,-60.67,-60.88,-61.31,-61.07,-61.0,-61.4,-61.65,-61.58,-61.4,-61.52,-61.8,-62.04,-62.23,-62.32,-62.38,-62.5,-62.5,-62.68,-62.71,-62.84,-62.81,-62.77,-63.08,-63.17,-62.96,-62.93,-63.23,-63.45,-63.48,-63.2,-63.45,-63.72,-63.48,-63.87,-63.6,-63.93,-63.96,-63.9,-64.33,-63.93,-64.33,-64.39,-64.09,-64.67,-64.61,-64.3,-64.79,-64.91,-64.7,-64.64,-64.97,-65.22,-65.25,-65.22,-65.06,-64.97,-64.94,-65.06,-65.12,-65.19,-65.22,-65.28,-65.46,-65.64,-65.46,-65.92,-65.58,-65.61,-65.89,-66.1,-66.19,-65.98,-66.01,-66.25,-65.98,-66.44,-66.07,-66.59,-66.22,-66.59,-66.53,-66.38,-66.77,-66.41,-66.74,-66.83,-66.44,-66.8,-66.96,-66.62,-66.71,-66.99,-67.11,-66.99,-66.8,-66.77,-66.96,-67.2,-67.32,-67.38,-67.41,-67.47,-67.5,-67.6,-67.5,-67.54,-67.57,-67.44,-67.38,-67.63,-67.75,-67.84,-67.75,-67.41,-67.84,-67.72,-67.78,-67.84,-67.78,-67.9,-67.96,-67.81,-68.18,-67.75,-68.24,-68.02,-67.93,-68.39,-68.05,-68.15,-68.48,-68.27,-68.08,-68.42,-68.51,-68.54,-68.39,-68.27,-68.33,-68.54,-68.7,-68.76,-68.82,-68.82,-68.79,-68.73,-68.63,-68.88,-68.63,-68.82,-68.6,-68.42,-68.51,-68.7,-68.94,-68.7,-68.51,-68.82,-68.45,-69.0,-68.57,-69.06,-68.66,-69.06,-68.88,-68.94,-69.12,-68.79,-69.18,-69.12,-68.91,-69.34,-69.27,-68.91,-69.12,-69.4,-69.37,-69.09,-69.0,-69.15,-69.27,-69.46,-69.52,-69.52,-69.55,-69.58,-69.58,-69.58,-69.61,-69.58,-69.21,-69.52,-69.67,-69.67,-69.64,-69.49,-69.46,-69.85,-69.64,-69.58,-69.73,-69.58,-69.82,-69.61,-69.7,-69.76,-69.55,-69.95,-69.52,-69.98,-69.89,-69.52,-70.01,-70.01,-69.61,-70.07,-70.13,-69.95,-69.73,-69.76,-70.04,-70.19,-70.25,-70.22,-70.19,-70.19,-70.19,-70.25,-70.25,-70.31,-70.28,-69.92,-70.34,-70.34,-70.13,-70.04,-70.07,-70.43,-70.43,-70.07,-70.47,-70.31,-70.47,-70.43,-70.43,-70.34,-70.59,-70.22,-70.65,-70.28,-70.62,-70.47,-70.25,-70.65,-70.56,-70.28,-70.62,-70.68,-70.4,-70.34,-70.56,-70.77,-70.74,-70.68,-70.56,-70.53,-70.37,-70.37,-70.4,-70.43,-70.5,-70.53,-70.53,-70.83,-70.53,-70.65,-70.83,-70.89,-70.89,-70.77,-70.56,-71.01,-70.65,-70.89,-70.65,-70.86,-70.68,-70.95,-70.56,-71.08,-70.65,-70.89,-70.95,-70.65,-71.04,-70.98,-70.74,-71.11,-71.11,-70.77,-70.8,-71.11,-71.23,-71.17,-71.01,-70.83,-70.83,-70.83,-70.89,-70.95,-70.92,-70.86,-70.83,-70.86,-71.2,-71.26,-71.35,-71.26,-71.04,-70.95,-71.11,-71.47,-71.23,-71.14,-71.44,-70.98,-71.5,-71.01,-71.44,-71.23,-71.35,-71.41,-71.14,-71.59,-71.14,-71.41,-71.5,-71.08,-71.41,-71.53,-71.32,-71.14,-71.5,-71.62,-71.5,-71.32,-71.11,-71.11,-71.04,-71.23,-71.29,-71.32,-71.35,-71.26,-71.14,-71.29,-71.59,-71.2,-71.35,-71.56,-71.62,-71.56,-71.38,-71.29,-71.72,-71.32,-71.59,-71.41,-71.53,-71.41,-71.66,-71.32,-71.75,-71.26,-71.69,-71.47,-71.35,-71.75,-71.41,-71.47,-71.78,-71.56,-71.35,-71.59,-71.81,-71.69,-71.5,-71.44,-71.44,-71.47,-71.69,-71.72,-71.75,-71.81,-71.75,-71.66,-71.5,-71.84,-71.59,-71.84,-71.72,-71.47,-71.47,-71.59,-71.9,-71.84,-71.47,-71.93,-71.53,-71.96,-71.56,-71.99,-71.59,-72.05,-71.5,-71.99,-71.87,-71.75,-72.02,-71.62,-71.81,-72.02,-71.75,-71.66,-72.05,-71.93,-71.72,-71.53,-71.72,-71.9,-72.08,-72.02,-71.9,-71.93,-71.96,-71.87,-71.93,-71.99,-71.96,-71.56,-71.99,-71.59,-71.56,-71.81,-71.87,-71.99,-71.78,-71.62,-72.05,-71.59,-71.96,-71.62,-72.02,-71.53,-71.93,-71.53,-71.99,-71.62,-71.81,-71.9,-71.56,-72.02,-71.93,-71.59,-71.96,-72.08,-71.78,-71.62,-71.87,-72.08,-72.08,-71.99,-71.87,-71.78,-71.69,-71.62,-71.59,-71.59,-71.66,-71.69,-71.56,-72.05,-71.66,-71.96,-72.08,-72.02,-71.93,-71.75,-71.87,-72.08,-71.66,-72.08,-71.87,-72.27,-71.81,-72.2,-71.78,-72.24,-71.84,-72.11,-72.08,-71.84,-72.17,-71.99,-71.75,-72.17,-72.11,-71.75,-71.78,-72.11,-72.14,-71.96,-71.75,-71.72,-71.75,-71.81,-71.93,-71.93,-71.96,-71.93,-71.87,-71.81,-72.08,-71.81,-72.11,-71.93,-71.72,-71.69,-71.84,-72.05,-72.02,-71.69,-72.11,-71.69,-72.08,-71.72,-72.11,-71.66,-72.05,-71.75,-72.02,-72.02,-71.75,-72.11,-71.87,-71.75,-72.08,-71.96,-71.66,-71.99,-72.17,-71.96,-71.75,-71.69,-71.87,-72.08,-72.08,-72.17,-72.24,-72.24,-72.24,-72.27,-72.17,-72.36,-72.02,-72.05,-71.75,-72.02,-72.08,-72.14,-72.02,-71.75,-71.9,-72.08,-71.78,-72.3,-71.81,-72.27,-71.81,-72.2,-71.99,-72.11,-72.17,-71.84,-72.33,-71.99,-71.87,-72.27,-72.02,-71.81,-72.14,-72.27,-71.9,-71.78,-71.93,-72.17,-72.24,-72.17,-72.08,-72.05,-71.99,-72.05,-71.96,-72.14,-72.14,-71.93,-71.78,-72.08,-72.24,-72.08,-71.96,-71.81,-71.84,-72.14,-72.02,-71.9,-72.17,-71.78,-72.17,-71.75,-72.11,-71.93,-72.05,-72.11,-71.78,-72.17,-71.75,-71.99,-72.2,-71.78,-71.9,-72.11,-71.93,-71.75,-71.99,-72.2,-72.2,-71.99,-71.9,-71.81,-71.81,-71.81,-71.87,-71.87,-71.78,-71.72,-71.75,-72.05,-72.17,-72.17,-71.87,-71.84,-71.9,-72.08,-72.24,-71.96,-71.93,-72.17,-71.81,-72.2,-71.81,-72.14,-71.81,-72.08,-71.93,-71.9,-72.14,-71.96,-72.05,-71.99,-71.69,-72.05,-72.05,-71.59,-71.72,-72.02,-71.99,-71.84,-71.56,-71.56,-71.69,-71.84,-71.93,-71.99,-72.02,-71.93,-72.02,-71.87,-71.9,-72.08,-71.72,-71.84,-71.96,-72.05,-72.02,-71.9,-71.69,-72.08,-71.9,-71.78,-71.93,-71.66,-71.96,-71.72,-71.87,-71.9,-71.72,-71.96,-71.56,-71.99,-71.87,-71.69,-72.02,-71.84,-71.56,-71.96,-72.14,-71.84,-71.59,-71.75,-72.02,-72.11,-72.11,-72.02,-71.93,-71.84,-71.81,-71.81,-71.87,-71.96,-71.72,-71.75,-71.78,-71.96,-72.02,-71.93,-71.81,-71.59,-71.96,-71.93,-71.56,-72.08,-71.72,-72.11,-71.78,-72.11,-71.84,-72.02,-72.02,-71.81,-72.2,-71.81,-71.99,-72.08,-71.72,-71.96,-72.14,-71.96,-71.56,-71.99,-72.11,-72.17,-71.93,-71.78,-71.66,-71.62,-71.72,-71.69,-71.72,-71.75,-71.66,-71.69,-71.99,-71.96,-72.08,-71.81,-71.69,-71.69,-71.9,-72.14,-71.9,-71.78,-72.05,-71.62,-72.08,-71.62,-72.11,-71.66,-71.99,-71.78,-71.93,-72.08,-71.56,-72.08,-71.84,-71.72,-72.11,-71.93,-71.66,-71.99,-72.17,-71.99,-71.72,-71.66,-71.9,-72.02,-72.08,-72.14,-72.14,-72.14,-72.17,-72.14,-72.08,-72.14,-71.9,-72.05,-71.72,-71.78,-71.93,-72.08,-72.2,-71.9,-71.78,-72.17,-71.75,-72.24,-71.78,-72.17,-71.69,-72.2,-71.72,-72.14,-71.93,-71.84,-72.2,-71.66,-71.87,-71.93,-71.59,-71.81,-72.05,-71.93,-71.62,-71.75,-71.99,-72.11,-72.02,-71.9,-71.75,-71.72,-71.62,-71.53,-71.59,-71.66,-71.66,-71.41,-71.75,-71.44,-71.72,-71.87,-71.93,-71.75,-71.47,-71.62,-71.78,-71.35,-71.69,-71.2,-71.66,-71.29,-71.69,-71.26,-71.72,-71.41,-71.5,-71.72,-71.26,-71.69,-71.69,-71.35,-71.72,-71.75,-71.38,-71.29,-71.59,-71.62,-71.66,-71.47,-71.35,-71.29,-71.32,-71.26,-71.29,-71.29,-71.29,-71.29,-71.26,-71.5,-71.66,-71.62,-71.41,-71.35,-71.29,-71.5,-71.66,-71.5,-71.35,-71.66
Sweep_16,210.0,-68.33,-68.24,-68.15,-68.12,-68.08,-68.08,-68.08,-68.27,-68.21,-67.99,-68.21,-67.93,-68.08,-68.24,-68.27,-68.12,-67.87,-68.21,-68.24,-67.99,-68.24,-67.84,-68.27,-67.93,-68.15,-68.12,-67.87,-68.27,-67.84,-68.15,-68.18,-67.84,-68.27,-68.24,-67.84,-68.02,-68.33,-68.27,-67.99,-67.9,-67.99,-68.21,-68.36,-68.39,-68.36,-68.39,-68.39,-68.39,-68.36,-68.36,-68.36,-68.21,-68.18,-67.93,-68.15,-68.36,-68.36,-68.18,-67.96,-68.3,-68.21,-68.15,-68.3,-68.18,-68.24,-68.27,-68.21,-68.39,-67.96,-68.45,-68.15,-68.12,-68.39,-68.08,-68.15,-68.39,-68.15,-67.93,-68.27,-68.39,-68.3,-68.08,-67.93,-67.99,-68.08,-68.24,-68.3,-68.27,-68.33,-68.24,-68.21,-68.05,-68.27,-68.3,-68.18,-68.02,-68.15,-68.33,-68.36,-68.18,-67.96,-68.39,-67.99,-68.15,-68.02,-68.18,-68.05,-68.33,-67.87,-68.33,-67.96,-68.15,-68.21,-67.93,-68.3,-68.21,-67.81,-68.21,-68.33,-68.12,-67.9,-68.18,-68.33,-68.36,-68.24,-68.12,-67.99,-67.93,-67.9,-67.96,-67.93,-67.96,-68.02,-68.05,-67.9,-68.33,-68.12,-68.02,-68.18,-68.39,-68.36,-68.12,-68.08,-68.39,-68.02,-68.42,-68.02,-68.45,-67.96,-68.48,-68.05,-68.3,-68.21,-67.96,-68.45,-68.15,-68.08,-68.45,-68.12,-68.02,-68.27,-68.36,-68.02,-67.87,-68.12,-68.33,-68.39,-68.39,-68.27,-68.27,-68.12,-68.24,-68.18,-68.24,-68.33,-68.33,-67.93,-68.24,-67.9,-67.96,-68.15,-68.27,-68.27,-67.93,-68.05,-68.24,-67.84,-68.21,-67.84,-68.27,-67.87,-68.08,-68.05,-67.87,-68.15,-67.84,-68.05,-68.15,-67.78,-68.08,-68.21,-67.87,-67.9,-68.3,-68.27,-68.08,-67.99,-67.84,-67.99,-68.05,-68.21,-68.18,-68.21,-68.18,-68.15,-68.12,-67.99,-68.15,-68.15,-68.05,-67.78,-67.96,-68.12,-68.21,-68.02,-67.78,-68.02,-68.02,-68.02,-68.24,-68.02,-68.08,-68.12,-67.99,-68.18,-67.81,-68.27,-68.05,-67.9,-68.3,-68.08,-67.9,-68.33,-68.21,-67.87,-67.84,-68.21,-68.27,-68.18,-68.02,-67.78,-67.78,-67.78,-67.81,-67.84,-67.78,-67.81,-67.78,-67.78,-67.96,-68.36,-68.02,-67.84,-67.93,-68.12,-68.21,-68.12,-67.87,-68.24,-67.81,-68.08,-67.75,-68.05,-67.75,-68.15,-67.66,-68.08,-67.93,-67.78,-68.12,-67.78,-67.93,-68.12,-67.87,-67.75,-68.02,-68.08,-67.84,-67.69,-67.87,-68.05,-68.15,-68.18,-68.12,-68.08,-68.02,-68.21,-68.08,-68.12,-68.12,-68.12,-67.93,-67.96,-67.69,-67.9,-68.05,-68.12,-67.99,-67.75,-67.99,-67.93,-67.81,-68.18,-67.81,-68.05,-67.96,-67.96,-68.08,-67.75,-68.18,-67.84,-67.99,-68.21,-67.78,-67.96,-68.24,-67.99,-67.69,-67.93,-68.15,-68.02,-67.78,-67.69,-67.66,-67.72,-67.9,-67.93,-67.96,-67.93,-67.9,-67.84,-67.72,-67.84,-68.12,-67.81,-67.66,-67.96,-68.12,-68.08,-67.81,-67.75,-68.15,-67.75,-68.05,-67.66,-68.02,-67.72,-68.08,-67.69,-68.12,-67.84,-67.81,-68.02,-67.6,-67.87,-68.05,-67.69,-67.78,-68.12,-67.93,-67.72,-67.75,-67.99,-68.12,-68.05,-67.96,-67.87,-67.81,-67.75,-67.78,-67.81,-67.84,-67.93,-67.96,-67.75,-68.08,-67.72,-67.93,-68.05,-68.12,-67.99,-67.75,-67.96,-68.15,-67.75,-68.21,-67.81,-68.18,-67.72,-68.18,-67.87,-67.96,-68.18,-67.72,-68.15,-67.96,-67.78,-68.12,-68.05,-67.78,-67.96,-68.21,-68.08,-67.84,-67.78,-67.87,-68.08,-68.21,-68.21,-68.24,-68.21,-68.12,-68.15,-68.18,-68.21,-68.15,-67.93,-68.02,-67.75,-67.96,-68.15,-68.15,-67.99,-67.75,-68.08,-67.96,-67.87,-67.96,-67.87,-68.02,-67.96,-67.9,-68.08,-67.72,-68.15,-67.87,-67.84,-68.12,-67.78,-67.81,-68.15,-67.93,-67.69,-67.93,-68.18,-68.08,-67.99,-67.69,-67.72,-67.78,-67.93,-67.99,-68.02,-68.02,-67.96,-67.9,-67.78,-67.96,-68.12,-67.9,-67.81,-67.96,-68.12,-68.15,-68.05,-67.72,-68.15,-67.84,-68.02,-68.05,-68.05,-67.96,-68.15,-67.81,-68.24,-67.81,-68.05,-68.08,-67.75,-68.12,-68.05,-67.69,-68.05,-68.15,-67.9,-67.72,-68.02,-68.15,-68.08,-67.99,-67.84,-67.72,-67.69,-67.66,-67.66,-67.72,-67.63,-67.72,-67.81,-67.66,-68.08,-67.72,-67.66,-67.84,-68.05,-68.08,-67.78,-67.81,-68.08,-67.6,-68.02,-67.54,-67.99,-67.6,-68.02,-67.69,-67.78,-67.93,-67.54,-68.02,-67.84,-67.6,-68.05,-67.93,-67.6,-67.87,-68.08,-67.99,-67.72,-67.63,-67.69,-67.87,-68.02,-68.08,-68.08,-68.02,-68.02,-67.99,-68.08,-68.02,-67.99,-67.93,-67.69,-67.66,-67.93,-67.99,-67.99,-67.75,-67.63,-68.05,-67.75,-67.93,-67.87,-68.02,-67.81,-68.05,-67.69,-68.08,-67.72,-67.99,-67.96,-67.75,-68.12,-67.9,-67.6,-68.02,-68.02,-67.66,-67.72,-67.99,-68.05,-67.96,-67.78,-67.57,-67.6,-67.57,-67.66,-67.66,-67.63,-67.6,-67.6,-67.57,-67.63,-68.02,-67.6,-67.75,-67.99,-68.02,-67.87,-67.6,-67.81,-67.99,-67.54,-67.96,-67.54,-67.93,-67.6,-67.96,-67.6,-67.84,-67.87,-67.63,-68.02,-67.66,-67.75,-68.05,-67.63,-67.69,-68.02,-67.93,-67.66,-67.57,-67.87,-68.05,-68.05,-67.99,-67.84,-67.84,-67.78,-67.78,-67.78,-67.93,-67.9,-67.96,-67.72,-67.87,-67.72,-67.93,-68.05,-67.99,-67.87,-67.63,-67.96,-67.96,-67.81,-68.12,-67.81,-68.05,-67.84,-68.05,-68.02,-67.9,-68.24,-67.75,-68.05,-68.05,-67.75,-68.05,-68.27,-67.78,-67.87,-68.15,-68.15,-67.96,-67.75,-67.78,-67.99,-68.05,-68.15,-68.18,-68.18,-68.18,-68.27,-68.18,-68.18,-68.12,-68.12,-67.87,-67.75,-67.99,-68.12,-68.18,-67.9,-67.75,-68.12,-67.96,-67.9,-67.9,-67.87,-67.93,-67.93,-67.84,-68.18,-67.69,-68.18,-67.87,-67.84,-68.21,-67.81,-67.84,-68.18,-67.93,-67.66,-67.9,-68.18,-68.05,-67.99,-67.69,-67.66,-67.75,-67.81,-67.93,-68.08,-67.93,-67.9,-67.81,-67.75,-67.87,-68.08,-67.9,-67.75,-67.96,-68.15,-68.15,-67.99,-67.81,-68.24,-67.87,-68.15,-68.05,-68.12,-67.96,-68.21,-67.87,-68.3,-67.87,-68.15,-68.12,-67.81,-68.24,-68.12,-67.72,-68.15,-68.21,-67.84,-67.78,-68.05,-68.15,-68.15,-67.96,-67.75,-67.72,-67.75,-67.75,-67.78,-67.78,-67.66,-67.63,-67.69,-67.78,-68.08,-67.96,-67.75,-67.75,-67.93,-68.08,-68.08,-67.72,-68.05,-67.81,-67.9,-67.81,-67.99,-67.78,-68.02,-67.63,-68.05,-67.72,-67.93,-67.99,-67.6,-68.05,-67.96,-67.66,-67.84,-68.18,-67.9,-67.66,-67.84,-68.02,-68.12,-68.08,-67.93,-67.84,-67.72,-67.66,-67.6,-67.63,-67.75,-67.78,-67.78,-67.66,-68.02,-67.96,-67.66,-67.6,-67.66,-67.93,-67.96,-67.6,-67.99,-67.75,-67.96,-67.87,-67.93,-67.69,-68.08,-67.63,-68.02,-67.75,-67.81,-68.05,-67.69,-67.96,-68.02,-67.63,-67.81,-68.02,-67.93,-67.6,-67.54,-67.81,-67.99,-67.99,-67.96,-67.87,-67.93,-67.81,-67.81,-67.84,-67.9,-67.96,-67.84,-67.5,-67.84,-67.81,-67.75,-67.5,-67.44,-67.72,-67.93,-67.47,-67.9,-67.57,-67.69,-67.54,-67.84,-67.47,-67.9,-67.35,-67.81,-67.57,-67.5,-67.84,-67.41,-67.57,-67.81,-67.54,-67.38,-67.75,-67.84,-67.66,-67.41,-67.44,-67.6,-67.75,-67.84,-67.87,-67.84,-67.81,-67.75,-67.78,-67.78,-67.75,-67.81,-67.35,-67.72,-67.84,-67.69,-67.5,-67.41,-67.69,-67.81,-67.47,-67.78,-67.5,-67.84,-67.47,-67.78,-67.41,-67.84,-67.5,-67.66,-67.81,-67.41,-67.81,-67.72,-67.35,-67.75,-67.75,-67.5,-67.32,-67.69,-67.81,-67.72,-67.47,-67.32,-67.35,-67.38,-67.47,-67.5,-67.57,-67.5,-67.35,-67.32,-67.38,-67.72,-67.35,-67.63,-67.69,-67.6,-67.41,-67.29,-67.6,-67.6,-67.23,-67.75,-67.23,-67.66,-67.26,-67.63,-67.2,-67.47,-67.47,-67.29,-67.69,-67.23,-67.47,-67.6,-67.29,-67.38,-67.72,-67.54,-67.29,-67.29,-67.6,-67.69,-67.63,-67.54,-67.35,-67.23,-67.17,-67.11,-67.2,-67.17,-67.29,-67.35,-67.17,-67.44,-67.2,-67.54,-67.57,-67.5,-67.32,-67.23,-67.54,-67.47,-67.32,-67.63,-67.38,-67.72,-67.38,-67.54,-67.57,-67.35,-67.69,-67.26,-67.57,-67.6,-67.23,-67.6,-67.66,-67.26,-67.38,-67.63,-67.54,-67.32,-67.17,-67.29,-67.5,-67.57,-63.45,-62.26,-61.22,-60.3,-59.3,-58.53,-57.65,-56.85,-56.3,-55.54,-54.96,-54.02,-53.56,-53.13,-52.58,-51.61,-51.3,-50.78,-50.08,-49.5,-48.92,-48.19,-47.82,-46.72,-46.51,-45.81,-44.92,-44.53,-43.37,-41.81,-29.3,13.7,43.37,40.59,25.7,9.8,-5.95,-22.0,-35.25,-43.73,-48.49,-51.09,-52.34,-52.98,-53.07,-52.95,-52.83,-52.55,-52.28,-51.79,-50.93,-50.66,-49.74,-49.44,-49.07,-48.46,-47.64,-47.33,-46.84,-46.02,-45.84,-45.1,-44.77,-44.07,-43.46,-43.4,-42.51,-42.3,-41.87,-41.02,-40.86,-40.53,-39.64,-39.09,-39.06,-38.57,-37.84,-37.17,-36.71,-36.25,-35.64,-34.91,-29.08,-15.05,5.25,25.85,31.4,26.49,17.52,6.87,-4.82,-16.72,-27.71,-35.49,-40.77,-43.7,-45.62,-47.15,-47.97,-47.97,-48.4,-48.37,-48.19,-47.76,-47.7,-47.06,-47.06,-46.42,-46.02,-45.9,-45.14,-44.98,-44.77,-43.98,-43.46,-43.46,-42.97,-42.27,-41.72,-41.5,-41.32,-40.95,-40.56,-40.04,-39.58,-39.25,-38.82,-38.57,-38.24,-37.96,-37.69,-37.35,-36.96,-36.71,-36.13,-36.22,-35.74,-35.25,-35.1,-35.03,-34.7,-34.21,-34.24,-33.48,-33.69,-32.9,-32.81,-32.23,-31.77,-31.77,-30.98,-30.85,-30.64,-29.79,-29.42,-28.99,-27.22,-21.42,-12.85,-1.34,13.37,23.86,27.44,25.12,19.41,12.15,4.06,-4.46,-13.24,-21.67,-28.63,-33.94,-37.66,-39.98,-41.69,-42.91,-43.27,-44.07,-44.56,-44.59,-44.49,-44.59,-44.74,-44.16,-44.37,-43.88,-43.95,-43.3,-43.46,-42.82,-42.63,-42.45,-41.84,-41.93,-41.56,-40.95,-41.02,-40.74,-40.19,-39.73,-39.76,-39.49,-39.09,-38.54,-38.18,-37.96,-37.81,-37.72,-37.45,-37.11,-36.9,-36.5,-36.13,-35.68,-35.25,-35.03,-34.7,-34.67,-34.27,-34.27,-33.84,-33.33,-33.05,-32.99,-32.65,-32.17,-32.17,-31.43,-31.62,-31.01,-30.64,-30.4,-29.6,-29.51,-28.78,-27.8,-27.07,-22.86,-15.87,-9.25,-0.18,11.08,19.99,24.26,24.14,21.15,16.27,9.89,2.9,-4.82,-12.66,-19.93,-25.85,-30.36,-33.75,-36.25,-38.15,-39.55,-40.31,-41.35,-41.44,-42.08,-42.42,-42.42,-42.08,-42.21,-42.27,-41.75,-42.05,-41.41,-41.69,-41.11,-41.05,-40.92,-40.41,-40.59,-40.31,-39.83,-39.95,-39.64,-39.15,-39.15,-39.15,-38.76,-38.24,-37.99,-37.96,-37.9,-37.57,-37.29,-36.93,-36.65,-36.35,-36.13,-35.95,-35.68,-35.61,-35.43,-35.19,-34.85,-34.64,-34.03,-34.06,-33.97,-33.57,-33.02,-32.96,-32.93,-32.44,-32.53,-31.89,-32.17,-31.4,-31.68,-31.16,-31.1,-30.94,-30.4,-30.52,-30.33,-29.85,-30.0,-29.82,-29.24,-28.87,-28.84,-28.69,-28.23,-27.65,-27.28,-27.07,-26.86,-26.46,-25.94,-25.36,-24.69,-24.08,-23.13,-22.0,-20.36,-16.2,-10.62,-4.64,2.35,9.7,16.17,20.08,21.27,19.93,17.36,12.66,7.84,1.71,-4.03,-10.38,-17.03,-22.22,-26.76,-30.67,-33.14,-35.34,-37.29,-38.39,-38.97,-39.98,-40.53,-40.56,-40.65,-41.08,-41.32,-41.26,-41.08,-40.95,-40.71,-40.47,-40.44,-40.25,-40.13,-39.95,-39.7,-39.76,-39.76,-39.58,-39.25,-38.7,-38.76,-38.7,-38.27,-37.78,-37.72,-37.78,-37.2,-37.17,-36.9,-36.71,-36.32,-36.32,-35.71,-36.01,-35.49,-35.25,-35.4,-34.85,-34.64,-34.73,-34.33,-33.81,-33.84,-33.84,-33.48,-33.02,-32.81,-32.75,-32.71,-32.5,-32.29,-31.92,-31.8,-31.52,-31.4,-31.16,-30.91,-30.64,-30.18,-29.91,-29.97,-29.45,-29.6,-29.21,-28.69,-28.56,-28.56,-28.14,-27.86,-28.05,-27.5,-27.5,-27.16,-26.92,-26.98,-26.31,-26.37,-26.0,-25.57,-25.73,-25.21,-24.44,-24.17,-23.86,-22.98,-22.06,-21.39,-20.81,-19.71,-17.91,-13.85,-8.33,-2.69,3.33,8.88,13.7,16.6,17.94,17.3,15.23,12.08,8.0,2.9,-2.01,-7.69,-12.82,-17.52,-22.25,-25.97,-28.56,-31.28,-32.71,-34.61,-35.34,-36.65,-37.14,-37.81,-38.36,-38.33,-39.0,-39.0,-38.82,-39.28,-39.37,-38.82,-38.94,-39.12,-39.03,-38.76,-38.45,-38.36,-38.27,-38.33,-38.24,-38.06,-37.9,-37.6,-37.51,-37.29,-37.08,-36.8,-36.35,-36.19,-36.13,-36.35,-35.86,-35.52,-35.58,-35.52,-35.28,-34.91,-35.25,-34.7,-34.88,-34.39,-34.61,-34.06,-34.39,-34.09,-34.09,-34.15,-33.72,-33.66,-33.84,-33.51,-33.2,-33.51,-33.33,-32.9,-32.59,-32.65,-32.59,-32.5,-32.29,-32.04,-31.83,-31.62,-31.4,-31.22,-31.1,-30.94,-30.82,-30.79,-30.61,-30.46,-30.21,-30.03,-29.85,-29.94,-29.75,-29.3,-29.08,-29.3,-28.87,-28.9,-28.69,-28.75,-28.2,-28.5,-27.95,-28.05,-27.83,-27.22,-27.28,-26.92,-26.18,-26.25,-26.09,-25.57,-25.24,-25.27,-25.15,-24.81,-24.41,-23.9,-23.71,-23.53,-23.38,-23.13,-23.04,-22.67,-22.31,-21.85,-21.58,-21.15,-20.84,-20.2,-19.41,-18.98,-18.31,-17.18,-16.36,-15.66,-14.65,-12.88,-11.35,-8.06,-4.21,-0.12,2.81,6.2,8.21,10.01,11.2,11.23,10.5,9.43,7.75,5.16,1.86,-1.59,-5.31,-9.22,-13.28,-17.3,-20.84,-24.02,-26.73,-29.11,-30.98,-32.47,-33.72,-34.79,-35.61,-36.32,-36.93,-37.23,-37.51,-37.99,-38.27,-38.48,-38.3,-38.48,-38.79,-38.91,-38.51,-38.64,-38.57,-38.42,-38.51,-38.51,-38.09,-38.39,-37.72,-38.09,-37.84,-37.51,-37.78,-37.63,-37.11,-37.26,-37.17,-36.83,-36.44,-36.41,-36.47,-36.32,-36.1,-35.71,-35.52,-35.34,-35.16,-35.1,-34.94,-34.73,-34.73,-34.64,-34.73,-34.7,-34.55,-34.21,-34.24,-33.81,-33.84,-33.94,-33.63,-33.17,-33.2,-33.23,-32.68,-32.96,-32.47,-32.68,-32.44,-32.07,-32.26,-31.62,-31.71,-31.77,-31.19,-31.31,-31.37,-30.82,-30.64,-30.88,-30.73,-30.33,-30.0,-29.82,-30.06,-29.94,-30.06,-29.91,-29.79,-29.57,-29.51,-29.3,-29.11,-29.02,-28.78,-28.59,-28.5,-28.81,-28.29,-28.47,-28.47,-28.14,-27.77,-27.86,-27.98,-27.31,-27.65,-26.92,-27.16,-26.52,-26.64,-26.49,-26.0,-26.31,-25.88,-25.51,-25.88,-25.63,-25.21,-25.24,-25.39,-25.09,-24.72,-24.78,-24.9,-24.93,-24.75,-24.63,-24.35,-24.23,-24.08,-24.02,-24.05,-24.14,-24.17,-24.17,-24.23,-24.14,-24.26,-23.86,-24.2,-23.65,-23.41,-23.5,-23.53,-23.32,-23.25,-23.5,-23.07,-23.19,-22.92,-22.92,-23.04,-22.67,-23.22,-23.04,-22.83,-23.13,-23.04,-22.77,-23.16,-23.38,-23.28,-23.25,-23.47,-23.71,-23.77,-23.65,-23.71,-23.59,-23.56,-23.62,-23.74,-23.74,-23.86,-23.83,-23.96,-24.11,-24.26,-24.29,-24.14,-24.35,-24.08,-24.44,-24.48,-24.41,-24.14,-24.51,-24.54,-24.51,-24.75,-24.72,-24.78,-25.02,-24.66,-25.21,-25.21,-25.18,-25.54,-25.3,-25.27,-25.67,-25.7,-25.36,-25.57,-25.91,-25.94,-25.85,-25.73,-25.73,-25.82,-25.88,-26.06,-26.21,-26.15,-26.21,-26.18,-26.03,-25.79,-25.79,-25.88,-25.85,-26.18,-26.06,-26.4,-26.21,-26.0,-26.06,-26.34,-26.21,-26.31,-26.52,-26.28,-26.37,-26.64,-26.31,-26.82,-26.43,-26.55,-26.64,-26.28,-26.52,-26.7,-26.43,-26.25,-26.64,-26.64,-26.43,-26.18,-26.4,-26.61,-26.86,-26.82,-26.79,-26.76,-26.67,-26.61,-26.67,-26.64,-26.64,-26.67,-26.52,-26.37,-26.61,-26.49,-26.67,-26.31,-26.28,-26.55,-26.67,-26.43,-26.61,-26.64,-26.55,-26.86,-26.92,-26.79,-27.22,-26.76,-27.16,-27.13,-26.89,-27.31,-27.22,-26.95,-27.16,-27.4,-27.07,-26.82,-26.92,-27.19,-27.25,-27.07,-26.95,-26.7,-26.58,-26.52,-26.49,-26.28,-26.28,-26.28,-26.4,-26.55,-26.55,-26.52,-26.34,-26.18,-25.82,-25.97,-26.03,-25.73,-25.36,-25.48,-25.3,-25.21,-25.27,-25.15,-24.87,-25.24,-24.75,-25.3,-25.09,-24.81,-25.15,-24.84,-24.6,-24.87,-24.75,-24.51,-24.57,-24.81,-24.81,-24.69,-24.51,-24.54,-24.57,-24.78,-24.87,-25.05,-24.96,-24.9,-24.84,-24.78,-24.75,-24.87,-25.15,-25.02,-24.84,-25.18,-25.27,-24.93,-24.93,-25.21,-25.09,-24.75,-25.21,-24.66,-25.12,-24.63,-25.09,-24.84,-25.05,-25.18,-24.96,-25.39,-25.39,-24.93,-25.27,-25.48,-25.3,-25.15,-25.27,-25.33,-25.48,-25.6,-25.7,-25.67,-25.73,-25.73,-25.85,-25.88,-25.91,-25.94,-25.76,-25.63,-25.51,-25.67,-25.94,-25.82,-26.03,-25.94,-26.28,-26.28,-25.97,-26.28,-26.49,-26.09,-26.64,-26.21,-26.64,-26.28,-26.34,-26.58,-26.15,-26.52,-26.67,-26.43,-26.58,-26.89,-26.64,-26.28,-26.58,-26.79,-26.67,-26.37,-26.06,-26.03,-26.09,-26.21,-26.28,-26.37,-26.34,-26.25,-26.18,-26.03,-25.97,-26.03,-26.28,-26.37,-26.52,-26.4,-26.46,-26.18,-26.46,-26.43,-26.06,-26.31,-26.43,-25.94,-26.4,-26.06,-26.18,-26.15,-25.7,-26.0,-25.76,-25.6,-26.03,-25.91,-25.42,-25.7,-25.79,-25.45,-25.3,-25.54,-25.48,-25.12,-25.24,-25.6,-25.7,-25.54,-25.36,-25.36,-25.36,-25.39,-25.39,-25.42,-25.42,-25.54,-25.63,-25.73,-25.63,-25.39,-25.82,-25.63,-25.33,-25.45,-25.67,-25.73,-25.3,-25.85,-25.48,-25.88,-25.45,-25.91,-25.51,-25.88,-26.03,-25.79,-26.18,-26.0,-25.82,-26.15,-26.18,-25.82,-26.06,-26.37,-26.34,-26.12,-25.97,-26.25,-26.34,-26.52,-26.58,-26.64,-26.61,-26.61,-26.73,-26.82,-26.7,-26.64,-26.55,-26.4,-26.58,-26.55,-26.58,-26.31,-26.37,-26.58,-26.61,-26.28,-26.58,-26.43,-26.4,-26.43,-26.61,-26.18,-26.61,-26.31,-26.46,-26.61,-26.18,-26.34,-26.43,-26.15,-26.28,-26.49,-26.37,-26.12,-26.15,-26.37,-26.55,-26.55,-26.43,-26.31,-26.31,-26.28,-26.28,-26.28,-26.37,-26.55,-26.67,-26.79,-26.86,-26.86,-26.89,-26.55,-26.61,-26.89,-26.73,-26.4,-26.61,-26.82,-26.46,-26.92,-26.55,-26.98,-26.61,-26.92,-26.95,-26.67,-27.13,-27.07,-26.92,-27.22,-27.19,-26.89,-27.07,-27.31,-27.37,-27.1,-27.01,-27.07,-27.28,-27.4,-27.44,-27.31,-27.25,-27.34,-27.37,-27.5,-27.37,-27.5,-27.47,-27.22,-26.98,-27.1,-27.31,-26.92,-27.25,-27.47,-27.4,-27.13,-27.25,-27.44,-27.04,-27.34,-27.01,-27.37,-27.31,-27.1,-27.37,-26.98,-27.19,-27.37,-26.98,-27.13,-27.4,-27.13,-26.86,-27.1,-27.37,-27.31,-27.1,-26.95,-27.07,-27.19,-27.28,-27.37,-27.34,-27.34,-27.31,-27.22,-27.25,-27.01,-26.92,-27.07,-27.16,-26.98,-27.31,-26.92,-27.16,-27.22,-27.19,-26.86,-26.86,-27.07,-26.58,-26.86,-26.4,-26.76,-26.58,-26.49,-26.67,-26.25,-26.61,-26.64,-26.31,-26.73,-26.76,-26.34,-26.43,-26.79,-26.67,-26.43,-26.37,-26.61,-26.76,-26.95,-26.92,-26.86,-26.76,-26.73,-26.73,-26.82,-26.89,-26.89,-26.92,-26.73,-26.76,-27.1,-26.64,-27.19,-27.22,-27.07,-26.7,-26.89,-27.1,-26.67,-26.98,-26.7,-26.92,-26.67,-26.98,-26.55,-26.89,-26.82,-26.49,-26.95,-26.82,-26.55,-26.98,-26.86,-26.58,-26.76,-27.13,-26.95,-26.79,-26.64,-26.64,-26.79,-26.86,-27.04,-27.1,-27.1,-27.1,-27.1,-26.98,-27.04,-26.76,-26.7,-26.86,-27.16,-26.86,-27.01,-27.25,-27.19,-26.89,-26.86,-27.16,-26.79,-27.01,-26.73,-26.98,-26.52,-27.01,-26.58,-26.76,-26.79,-26.21,-26.61,-26.52,-26.12,-26.43,-26.52,-26.34,-26.28,-26.67,-26.82,-26.64,-26.4,-26.28,-26.37,-26.43,-26.43,-26.52,-26.52,-26.55,-26.46,-26.43,-26.43,-26.4,-26.43,-26.31,-26.76,-26.46,-26.61,-26.89,-26.89,-26.61,-26.43,-26.64,-26.34,-26.76,-26.4,-26.86,-26.4,-26.82,-26.55,-26.55,-26.86,-26.43,-26.58,-26.86,-26.58,-26.61,-26.89,-26.79,-26.49,-26.49,-26.89,-27.13,-27.07,-26.92,-26.7,-26.55,-26.4,-26.43,-26.34,-26.31,-26.18,-26.46,-26.55,-26.67,-26.61,-26.21,-26.52,-26.06,-26.31,-26.46,-26.25,-25.94,-26.09,-26.21,-25.91,-26.34,-25.82,-26.12,-25.94,-25.79,-26.09,-25.67,-25.97,-26.15,-25.76,-26.18,-26.15,-25.82,-25.82,-26.06,-26.0,-25.76,-25.51,-25.6,-25.7,-25.85,-25.85,-25.82,-25.85,-25.73,-25.7,-25.67,-25.76,-25.7,-25.42,-25.42,-25.63,-25.85,-25.48,-25.42,-25.79,-25.88,-25.67,-25.48,-25.94,-25.73,-25.82,-25.76,-26.06,-25.82,-26.31,-25.97,-26.12,-26.28,-25.82,-26.15,-26.18,-25.73,-26.0,-26.21,-25.94,-25.7,-26.0,-26.12,-26.12,-25.94,-25.7,-25.6,-25.7,-25.67,-25.67,-25.54,-25.54,-25.48,-25.63,-25.7,-25.82,-25.94,-25.7,-26.09,-25.73,-26.12,-26.15,-26.0,-25.76,-26.03,-26.06,-25.88,-26.18,-26.03,-26.18,-26.28,-26.15,-26.52,-26.03,-26.34,-26.49,-26.12,-26.43,-26.52,-26.18,-26.18,-26.52,-26.49,-26.25,-26.03,-26.15,-26.34,-26.31,-26.43,-26.37,-26.34,-26.25,-26.31,-26.34,-26.34,-26.34,-26.12,-26.0,-26.06,-26.49,-26.09,-26.4,-26.49,-26.46,-26.15,-26.4,-26.55,-26.09,-26.46,-26.09,-26.55,-26.09,-26.37,-26.4,-26.18,-26.52,-26.09,-26.34,-26.64,-26.34,-26.34,-26.58,-26.61,-26.28,-26.37,-26.64,-26.79,-26.73,-26.58,-26.34,-26.21,-26.21,-26.34,-26.43,-26.43,-26.52,-26.52,-26.67,-26.92,-27.13,-26.92,-26.61,-27.04,-27.01,-26.7,-26.73,-27.04,-27.01,-26.64,-27.1,-26.7,-27.22,-26.76,-27.19,-27.1,-27.04,-27.31,-26.95,-27.13,-27.22,-26.86,-27.16,-27.31,-27.13,-26.89,-27.19,-27.31,-27.34,-27.13,-27.04,-27.16,-27.28,-27.47,-27.59,-27.68,-27.74,-27.83,-27.62,-27.5,-27.37,-27.56,-27.68,-27.53,-27.95,-27.62,-27.83,-27.89,-27.77,-27.47,-27.65,-27.86,-27.53,-27.98,-27.71,-27.98,-27.86,-27.62,-27.92,-27.47,-27.74,-27.86,-27.44,-27.56,-27.71,-27.47,-27.28,-27.65,-27.86,-27.68,-27.44,-27.31,-27.47,-27.68,-27.71,-27.71,-27.77,-27.77,-27.68,-27.68,-27.71,-27.53,-27.44,-27.31,-27.34,-27.71,-27.56,-27.68,-27.44,-27.25,-27.59,-27.74,-27.53,-27.74,-27.71,-27.65,-27.56,-27.71,-27.44,-27.95,-27.59,-27.71,-27.92,-27.56,-27.8,-28.05,-27.68,-27.68,-28.02,-27.89,-27.74,-27.56,-27.77,-27.95,-28.05,-28.05,-27.98,-27.95,-27.92,-27.89,-27.89,-27.89,-27.92,-27.89,-27.83,-27.68,-27.77,-27.83,-27.62,-27.47,-27.77,-27.86,-27.62,-27.31,-27.59,-27.31,-27.62,-27.34,-27.68,-27.22,-27.68,-27.25,-27.44,-27.56,-27.19,-27.53,-27.5,-26.98,-27.01,-27.47,-27.31,-26.98,-26.98,-27.25,-27.34,-27.28,-27.13,-27.01,-26.86,-26.7,-26.7,-26.7,-26.58,-26.67,-26.86,-26.98,-27.07,-27.07,-26.92,-26.64,-26.92,-27.04,-26.76,-26.49,-26.58,-26.76,-26.34,-26.61,-26.43,-26.73,-26.31,-26.79,-26.43,-26.49,-26.79,-26.37,-26.64,-26.79,-26.52,-26.64,-27.07,-26.82,-26.55,-26.58,-26.95,-26.98,-26.79,-26.61,-26.55,-26.55,-26.7,-26.67,-26.7,-26.67,-26.67,-26.55,-26.58,-26.64,-26.82,-26.76,-26.37,-26.82,-26.58,-26.64,-26.89,-27.04,-26.82,-26.73,-27.04,-26.79,-27.31,-26.89,-27.22,-27.1,-27.1,-27.4,-27.07,-27.37,-27.5,-27.07,-27.34,-27.56,-27.25,-27.04,-27.37,-27.44,-27.4,-27.16,-27.1,-27.01,-27.28,-27.34,-27.37,-27.44,-27.44,-27.44,-27.31,-27.19,-27.01,-26.86,-26.89,-26.95,-27.34,-26.92,-27.19,-27.28,-27.01,-26.86,-27.19,-27.19,-27.07,-27.25,-26.92,-27.16,-27.13,-26.98,-27.28,-26.95,-27.19,-27.31,-26.95,-27.28,-27.4,-27.04,-27.1,-27.47,-27.5,-27.22,-27.07,-27.16,-27.34,-27.56,-27.56,-27.53,-27.53,-27.53,-27.53,-27.74,-27.68,-27.59,-27.47,-27.25,-27.1,-27.34,-27.4,-27.44,-27.13,-27.28,-27.53,-27.53,-27.19,-27.53,-27.5,-27.62,-27.68,-27.83,-27.5,-28.17,-27.59,-27.86,-28.05,-27.62,-27.98,-28.17,-27.8,-27.92,-28.26,-28.11,-27.83,-27.83,-28.05,-28.2,-28.23,-28.14,-28.14,-27.98,-27.89,-27.74,-27.83,-27.74,-27.89,-28.02,-27.98,-27.92,-27.92,-27.74,-27.59,-27.56,-27.77,-27.86,-27.62,-27.59,-28.02,-27.68,-27.92,-27.74,-28.08,-27.68,-28.14,-27.89,-27.98,-28.23,-27.83,-28.14,-28.32,-27.92,-28.08,-28.32,-28.14,-27.89,-28.05,-28.35,-28.38,-28.2,-28.02,-27.89,-27.86,-27.89,-27.83,-27.8,-27.83,-27.8,-27.92,-28.14,-28.26,-28.35,-28.35,-27.89,-28.35,-28.14,-27.95,-28.11,-28.41,-28.38,-28.08,-28.41,-28.02,-28.53,-28.14,-28.56,-28.38,-28.44,-28.75,-28.29,-28.66,-28.75,-28.35,-28.56,-28.84,-28.5,-28.35,-28.69,-28.81,-28.72,-28.5,-28.44,-28.66,-28.84,-28.87,-28.93,-29.02,-28.99,-28.99,-28.93,-28.75,-28.72,-28.53,-28.59,-28.56,-28.93,-28.59,-28.56,-28.84,-28.96,-28.84,-28.66,-29.08,-28.81,-29.24,-28.75,-29.21,-28.84,-29.05,-29.05,-28.63,-29.08,-28.99,-28.78,-29.14,-29.11,-28.84,-28.96,-29.14,-29.08,-28.87,-28.78,-28.96,-29.21,-29.21,-29.3,-29.27,-29.24,-29.14,-29.11,-29.08,-29.08,-28.99,-28.9,-28.66,-28.56,-28.87,-28.5,-28.78,-28.72,-28.41,-28.5,-28.78,-28.69,-28.47,-28.84,-28.41,-28.9,-28.72,-28.69,-28.87,-28.41,-28.84,-28.72,-28.41,-28.78,-28.59,-28.26,-28.56,-28.72,-28.47,-28.23,-28.35,-28.44,-28.56,-28.38,-28.32,-28.17,-28.17,-28.05,-28.02,-28.14,-28.08,-28.26,-28.38,-28.38,-28.35,-28.35,-27.89,-28.14,-27.77,-27.74,-27.95,-28.02,-27.65,-27.8,-28.02,-27.65,-27.86,-27.65,-27.71,-28.05,-27.65,-28.14,-27.89,-27.71,-28.17,-28.02,-27.8,-28.11,-28.11,-27.74,-27.71,-28.05,-28.17,-28.02,-27.95,-27.71,-27.53,-27.44,-27.44,-27.4,-27.34,-27.37,-27.31,-27.28,-27.37,-27.5,-27.37,-27.28,-27.44,-27.25,-27.59,-27.56,-27.34,-27.28,-27.62,-27.4,-27.47,-27.71,-27.71,-27.53,-27.89,-27.53,-28.08,-27.83,-27.56,-27.95,-27.71,-27.62,-27.89,-27.77,-27.44,-27.5,-27.68,-27.53,-27.19,-26.95,-27.01,-27.16,-27.37,-27.37,-27.4,-27.4,-27.37,-27.37,-27.4,-27.31,-27.19,-27.16,-27.13,-27.4,-27.5,-27.8,-27.56,-27.37,-27.65,-27.92,-27.62,-27.86,-27.86,-27.83,-27.65,-27.89,-27.65,-28.14,-27.86,-27.89,-28.23,-27.86,-27.98,-28.23,-27.98,-27.86,-28.32,-28.35,-28.23,-28.08,-28.17,-28.29,-28.35,-28.47,-28.41,-28.41,-28.41,-28.47,-28.41,-28.66,-28.63,-28.66,-28.47,-28.26,-28.41,-28.78,-28.41,-28.38,-28.66,-28.75,-28.59,-28.38,-28.81,-28.5,-28.81,-28.53,-28.99,-28.56,-28.96,-28.78,-28.63,-28.96,-28.66,-28.84,-29.05,-28.72,-28.5,-28.9,-29.11,-28.69,-28.53,-28.78,-28.87,-28.93,-28.78,-28.69,-28.66,-28.59,-28.66,-28.63,-28.69,-28.87,-28.9,-28.96,-28.93,-29.02,-28.99,-28.56,-28.84,-28.84,-28.63,-28.47,-28.81,-28.96,-28.53,-28.93,-28.38,-28.84,-28.44,-28.84,-28.75,-28.63,-28.78,-28.44,-28.63,-28.81,-28.5,-28.5,-28.75,-28.59,-28.32,-28.38,-28.63,-28.75,-28.63,-28.41,-28.32,-28.29,-28.23,-28.17,-28.2,-28.17,-28.17,-28.26,-28.32,-28.41,-28.5,-28.59,-28.2,-28.69,-28.2,-28.26,-28.44,-28.5,-28.17,-28.29,-28.5,-28.08,-28.53,-28.29,-28.53,-28.44,-28.17,-28.44,-28.02,-28.23,-28.41,-28.05,-28.17,-28.47,-28.23,-28.05,-28.35,-28.53,-28.41,-28.2,-28.05,-28.08,-28.29,-28.41,-28.53,-28.63,-28.63,-28.63,-28.56,-28.44,-28.32,-28.29,-28.29,-28.2,-28.69,-28.32,-28.78,-28.72,-28.41,-28.44,-28.78,-28.56,-28.56,-28.69,-28.5,-28.59,-28.69,-28.41,-28.81,-28.41,-28.59,-28.81,-28.47,-28.59,-28.96,-28.75,-28.59,-28.9,-29.08,-28.93,-28.75,-28.66,-28.81,-28.93,-29.05,-29.08,-29.17,-29.24,-29.17,-29.11,-28.99,-28.87,-28.69,-28.66,-28.69,-28.69,-29.02,-28.75,-28.69,-29.02,-29.11,-28.96,-28.69,-29.05,-28.66,-29.14,-28.75,-29.24,-28.84,-29.14,-29.21,-28.93,-29.36,-29.02,-28.99,-29.24,-29.14,-28.9,-29.3,-29.45,-29.33,-28.99,-29.14,-29.45,-29.66,-29.66,-29.63,-29.6,-29.54,-29.48,-29.51,-29.54,-29.63,-29.66,-29.54,-29.36,-29.39,-29.6,-29.21,-29.57,-29.6,-29.51,-29.3,-29.54,-29.69,-29.27,-29.69,-29.21,-29.63,-29.3,-29.63,-29.69,-29.36,-29.79,-29.63,-29.33,-29.69,-29.48,-29.3,-29.66,-29.82,-29.66,-29.3,-29.54,-29.75,-29.82,-29.79,-29.6,-29.54,-29.36,-29.3,-29.27,-29.21,-29.24,-29.42,-29.42,-29.36,-29.3,-29.45,-29.21,-29.24,-28.93,-29.08,-29.36,-29.45,-29.08,-29.21,-29.21,-29.17,-29.42,-29.48,-29.27,-29.51,-29.21,-29.51,-29.39,-29.02,-29.39,-29.3,-28.93,-29.21,-29.36,-29.11,-28.84,-29.08,-29.39,-29.24,-29.21,-29.08,-28.93,-28.84,-28.72,-28.75,-28.72,-28.81,-28.93,-28.96,-29.17,-29.33,-29.39,-29.27,-29.14,-29.17,-29.36,-29.39,-29.02,-28.9,-29.33,-29.02,-29.14,-29.02,-28.99,-28.9,-29.24,-28.78,-29.21,-29.14,-28.75,-29.27,-29.05,-28.78,-29.14,-29.11,-28.81,-28.78,-29.11,-29.17,-29.08,-28.87,-28.72,-28.78,-28.9,-29.14,-29.21,-29.21,-29.14,-29.05,-29.05,-28.75,-28.78,-28.87,-28.84,-28.81,-29.21,-29.11,-28.75,-28.81,-29.11,-29.14,-28.75,-29.11,-28.81,-29.02,-28.66,-29.08,-28.56,-28.93,-28.9,-28.5,-28.84,-28.66,-28.56,-28.81,-28.69,-28.41,-28.66,-28.9,-28.75,-28.44,-28.32,-28.44,-28.66,-28.69,-28.72,-28.59,-28.63,-28.63,-28.66,-28.72,-28.69,-28.56,-28.35,-28.2,-28.32,-28.63,-28.23,-28.26,-28.35,-28.47,-28.23,-27.98,-28.44,-28.02,-28.38,-27.98,-28.26,-27.83,-28.23,-28.05,-27.89,-28.29,-28.05,-27.92,-28.32,-28.08,-27.8,-28.29,-28.41,-28.2,-27.98,-28.17,-28.41,-28.53,-28.53,-28.59,-28.5,-28.47,-28.38,-28.47,-28.59,-28.63,-28.69,-28.75,-28.66,-28.63,-28.81,-28.47,-28.93,-28.84,-28.63,-28.81,-29.24,-29.17,-28.9,-29.42,-29.11,-29.54,-29.3,-29.48,-29.6,-29.33,-29.72,-29.54,-29.3,-29.72,-29.54,-29.21,-29.48,-29.6,-29.27,-29.05,-29.17,-29.36,-29.45,-29.33,-29.24,-29.08,-28.9,-28.78,-28.75,-28.75,-28.72,-28.87,-28.9,-28.96,-28.9,-28.99,-28.63,-28.53,-28.5,-28.84,-28.87,-28.63,-28.44,-28.84,-28.63,-28.87,-28.66,-28.69,-28.29,-28.87,-28.47,-28.66,-28.75,-28.44,-28.75,-28.84,-28.47,-28.56,-28.81,-28.63,-28.32,-28.38,-28.72,-28.81,-28.75,-28.47,-28.38,-28.41,-28.29,-28.35,-28.35,-28.35,-28.35,-28.56,-28.69,-28.78,-28.9,-28.9,-28.66,-28.9,-28.72,-28.53,-28.63,-28.99,-28.87,-28.75,-29.17,-28.78,-29.24,-28.93,-29.27,-29.05,-28.93,-29.21,-28.81,-28.93,-29.14,-28.75,-28.87,-29.14,-28.9,-28.75,-29.02,-29.27,-29.14,-28.96,-28.81,-28.75,-28.81,-28.84,-28.93,-28.99,-28.96,-28.99,-28.84,-28.78,-28.81,-28.99,-29.08,-28.9,-29.3,-28.93,-29.14,-29.36,-29.39,-28.99,-29.24,-29.45,-29.14,-29.33,-29.05,-29.33,-29.24,-29.02,-29.42,-28.99,-29.14,-29.45,-29.08,-29.14,-29.42,-29.17,-28.87,-29.14,-29.36,-29.24,-29.02,-28.84,-28.99,-29.05,-29.21,-29.3,-29.21,-29.08,-29.08,-28.96,-28.9,-28.81,-28.63,-28.66,-28.59,-28.78,-28.84,-29.08,-28.81,-28.72,-28.9,-28.99,-28.69,-28.96,-28.87,-28.93,-28.81,-28.93,-28.41,-28.81,-28.59,-28.66,-28.93,-28.56,-28.78,-29.05,-28.69,-28.66,-29.08,-29.11,-28.9,-28.72,-28.84,-28.93,-29.05,-29.11,-29.14,-29.02,-28.96,-28.93,-28.93,-28.87,-29.11,-29.02,-28.96,-28.72,-28.96,-29.02,-28.81,-28.59,-28.84,-28.96,-28.81,-28.53,-28.93,-28.81,-28.84,-28.59,-28.78,-28.29,-28.78,-28.41,-28.26,-28.56,-28.23,-28.26,-28.5,-28.29,-28.2,-28.53,-28.53,-28.29,-28.11,-28.29,-28.47,-28.59,-28.44,-28.44,-28.2,-28.32,-28.35,-28.41,-28.5,-28.5,-28.56,-28.63,-28.56,-28.56,-28.63,-28.2,-28.63,-28.56,-28.35,-28.5,-28.84,-28.9,-28.75,-29.08,-28.75,-29.24,-28.81,-29.11,-29.17,-28.9,-29.36,-29.02,-29.08,-29.45,-29.11,-29.11,-29.39,-29.39,-29.05,-29.08,-29.36,-29.54,-29.48,-29.3,-29.24,-29.05,-29.14,-29.11,-29.17,-29.14,-29.21,-29.11,-29.11,-29.24,-29.33,-29.3,-29.02,-29.48,-28.93,-29.05,-29.39,-29.57,-29.36,-29.36,-29.54,-29.27,-29.63,-29.3,-29.48,-29.6,-29.27,-29.88,-29.48,-29.6,-29.97,-29.6,-29.57,-29.91,-29.85,-29.54,-29.69,-30.0,-30.03,-29.91,-29.79,-29.75,-29.85,-29.94,-30.0,-30.09,-30.0,-29.97,-29.88,-29.75,-29.69,-29.82,-30.06,-29.91,-29.94,-30.0,-30.09,-29.94,-29.69,-29.85,-30.12,-29.88,-29.94,-29.75,-29.85,-29.57,-29.85,-29.42,-29.85,-29.54,-29.36,-29.72,-29.39,-29.42,-29.72,-29.57,-29.21,-29.39,-29.57,-29.42,-29.21,-28.99,-28.96,-29.11,-29.14,-29.14,-29.08,-29.14,-29.11,-29.08,-28.99,-28.84,-28.53,-28.38,-28.35,-28.47,-28.75,-28.38,-28.17,-28.32,-28.44,-28.23,-28.02,-28.29,-27.89,-28.17,-27.8,-28.35,-28.05,-28.23,-28.47,-28.11,-28.56,-28.5,-28.23,-28.66,-28.66,-28.38,-28.44,-28.72,-28.63,-28.44,-28.29,-28.35,-28.53,-28.78,-28.87,-28.96,-28.99,-28.99,-28.96,-28.96,-28.99,-28.81,-28.59,-28.47,-28.53,-28.81,-28.56,-28.9,-28.63,-28.32,-28.47,-28.72,-28.47,-28.47,-28.75,-28.69,-28.93,-28.99,-28.75,-29.08,-28.84,-29.11,-29.3,-28.87,-29.24,-29.39,-28.96,-28.96,-29.45,-29.45,-29.24,-28.99,-29.24,-29.51,-29.51,-29.6,-29.57,-29.48,-29.39,-29.39,-29.36,-29.36,-29.3,-29.24,-29.14,-28.99,-29.08,-29.14,-28.9,-28.75,-28.99,-29.11,-28.99,-28.75,-29.24,-28.87,-29.36,-28.9,-29.39,-28.93,-29.27,-29.17,-28.96,-29.24,-29.05,-28.93,-29.27,-29.11,-28.81,-29.21,-29.42,-29.27,-29.05,-29.02,-29.3,-29.51,-29.45,-29.48,-29.45,-29.51,-29.51,-29.51,-29.57,-29.66,-29.75,-29.75,-29.51,-29.42,-29.63,-29.54,-29.72,-29.51,-29.42,-29.63,-29.79,-29.48,-29.6,-29.63,-29.63,-29.79,-29.69,-29.33,-29.85,-29.51,-29.57,-29.79,-29.39,-29.57,-29.75,-29.45,-29.36,-29.66,-29.54,-29.27,-28.99,-29.21,-29.51,-29.63,-29.54,-29.63,-29.57,-29.51,-29.42,-29.48,-29.48,-29.57,-29.57,-29.39,-29.21,-29.24,-29.36,-29.02,-29.24,-29.42,-29.27,-29.08,-29.36,-29.66,-29.27,-29.75,-29.33,-29.79,-29.45,-29.79,-29.82,-29.42,-29.91,-29.69,-29.39,-29.72,-29.63,-29.24,-29.39,-29.63,-29.63,-29.39,-29.39,-29.72,-29.82,-29.91,-29.91,-29.79,-29.75,-29.79,-29.72,-29.79,-29.91,-29.97,-29.97,-29.94,-29.82,-29.88,-29.91,-29.85,-29.54,-29.75,-29.94,-29.88,-29.57,-30.0,-29.79,-29.97,-30.0,-30.15,-29.66,-30.15,-29.88,-29.94,-30.24,-29.75,-30.06,-30.27,-29.85,-29.88,-30.18,-30.12,-29.85,-29.82,-29.97,-30.18,-30.21,-30.18,-30.09,-30.03,-29.91,-29.88,-29.97,-30.09,-30.27,-30.33,-30.4,-30.33,-30.24,-30.43,-30.09,-30.52,-30.52,-30.18,-30.27,-30.58,-30.49,-30.33,-30.58,-30.15,-30.49,-30.33,-30.33,-30.67,-30.27,-30.64,-30.7,-30.33,-30.58,-30.7,-30.36,-30.3,-30.61,-30.61,-30.33,-30.18,-30.36,-30.52,-30.73,-30.55,-30.64,-30.49,-30.4,-30.3,-30.3,-30.27,-30.24,-30.12,-29.94,-29.66,-29.69,-29.91,-29.39,-29.66,-29.63,-29.36,-29.27,-29.57,-29.63,-29.36,-29.69,-29.36,-29.69,-29.51,-29.39,-29.69,-29.36,-29.48,-29.63,-29.3,-29.54,-29.72,-29.39,-29.39,-29.72,-29.63,-29.42,-29.21,-29.33,-29.39,-29.51,-29.54,-29.57,-29.51,-29.42,-29.45,-29.51,-29.6,-29.42,-29.3,-29.08,-29.05,-29.17,-29.57,-29.24,-29.39,-29.57,-29.39,-29.14,-29.3,-29.54,-29.24,-29.54,-29.05,-29.36,-29.11,-29.14,-29.3,-28.87,-29.21,-29.3,-28.96,-29.14,-29.36,-29.05,-28.9,-29.21,-29.33,-29.14,-28.9,-28.78,-28.93,-29.02,-29.11,-29.17,-29.14,-29.14,-29.17,-28.99,-28.87,-28.72,-28.53,-28.63,-28.69,-28.56,-28.99,-28.59,-28.59,-28.72,-28.87,-28.59,-28.44,-28.84,-28.32,-28.81,-28.41,-28.75,-28.59,-28.47,-28.78,-28.35,-28.66,-28.66,-28.32,-28.63,-28.75,-28.41,-28.35,-28.63,-28.75,-28.59,-28.26,-28.14,-28.32,-28.5,-28.59,-28.53,-28.47,-28.35,-28.35,-28.23,-28.17,-27.95,-27.89,-28.02,-28.05,-28.23,-28.44,-28.5,-28.17,-28.17,-28.53,-28.66,-28.35,-28.69,-28.41,-28.66,-28.38,-28.87,-28.44,-28.81,-28.75,-28.47,-28.87,-28.81,-28.53,-28.93,-28.9,-28.59,-28.69,-29.05,-29.11,-28.84,-28.69,-28.63,-28.81,-28.96,-29.08,-29.27,-29.27,-29.24,-29.21,-29.11,-28.93,-28.84,-28.87,-28.93,-28.87,-29.3,-28.99,-29.3,-29.27,-28.9,-28.81,-29.17,-29.11,-28.9,-29.24,-29.11,-29.24,-29.24,-28.87,-29.27,-28.9,-28.96,-29.27,-28.84,-28.93,-29.05,-28.9,-28.63,-28.96,-29.08,-28.9,-28.69,-28.66,-28.75,-28.96,-29.14,-29.08,-29.14,-29.17,-29.21,-29.14,-29.11,-28.9,-28.56,-28.47,-28.47,-28.66,-28.81,-28.69,-28.47,-28.59,-28.75,-28.69,-28.35,-28.78,-28.41,-28.75,-28.29,-28.81,-28.47,-28.69,-28.72,-28.35,-28.84,-28.72,-28.47,-28.93,-28.9,-28.47,-28.56,-28.84,-28.87,-28.66,-28.44,-28.47,-28.63,-28.84,-28.9,-28.9,-29.02,-28.96,-29.08,-28.87,-28.78,-28.75,-28.56,-28.44,-28.47,-28.75,-28.63,-28.87,-28.63,-28.41,-28.59,-28.9,-28.56,-28.72,-28.63,-28.78,-28.9,-28.96,-28.59,-28.93,-28.72,-28.78,-29.05,-28.69,-28.78,-29.05,-28.75,-28.53,-28.87,-28.99,-28.84,-28.72,-28.66,-28.9,-29.02,-29.24,-29.17,-29.21,-29.11,-29.08,-29.02,-29.11,-29.17,-29.02,-28.9,-28.72,-28.9,-29.11,-28.75,-28.81,-29.08,-29.08,-28.87,-28.84,-29.08,-28.87,-29.21,-28.81,-29.17,-28.9,-29.08,-29.24,-28.84,-29.3,-29.45,-29.08,-29.39,-29.51,-29.21,-29.08,-29.39,-29.51,-29.33,-29.17,-29.08,-29.17,-29.27,-29.33,-29.45,-29.42,-29.42,-29.42,-29.45,-29.36,-29.21,-29.05,-28.93,-28.96,-29.02,-29.3,-28.99,-28.87,-29.05,-29.14,-28.96,-28.69,-29.21,-28.72,-29.24,-28.75,-29.17,-28.75,-28.93,-29.05,-28.59,-29.11,-28.96,-28.63,-29.02,-29.05,-28.63,-28.69,-28.96,-29.02,-28.81,-28.72,-28.87,-28.99,-29.05,-29.08,-29.02,-28.96,-28.99,-29.08,-28.96,-28.93,-28.81,-28.59,-28.47,-28.5,-28.9,-28.69,-28.9,-28.81,-28.53,-28.5,-28.78,-28.56,-28.56,-28.59,-28.47,-28.53,-28.59,-28.32,-28.87,-28.38,-28.41,-28.66,-28.41,-28.38,-28.78,-28.53,-28.32,-28.56,-28.9,-28.87,-28.66,-28.53,-28.72,-28.99,-29.17,-29.27,-29.39,-29.39,-29.42,-29.42,-29.45,-29.45,-29.39,-29.27,-29.42,-29.36,-29.79,-29.42,-29.82,-29.94,-29.72,-29.39,-29.85,-29.85,-29.63,-30.0,-29.75,-29.97,-29.97,-29.75,-30.12,-29.85,-29.97,-30.21,-29.85,-30.0,-30.3,-30.12,-29.85,-30.18,-30.4,-30.36,-30.18,-30.06,-30.3,-30.43,-30.67,-30.7,-30.64,-30.64,-30.61,-30.7,-30.52,-30.4,-30.18,-30.03,-29.97,-29.94,-30.18,-30.03,-29.85,-30.09,-30.15,-29.88,-29.66,-29.97,-29.54,-29.88,-29.39,-29.88,-29.57,-29.66,-29.82,-29.42,-29.72,-29.69,-29.39,-29.57,-29.6,-29.27,-29.11,-29.33,-29.42,-29.24,-28.84,-28.69,-28.84,-29.02,-29.11,-29.14,-29.3,-29.17,-29.14,-29.11,-28.93,-28.81,-28.72,-28.84,-28.72,-28.84,-28.99,-28.93,-28.59,-28.59,-28.87,-28.99,-28.53,-28.93,-28.72,-28.93,-28.75,-29.17,-28.81,-29.3,-29.14,-28.9,-29.36,-29.24,-29.02,-29.48,-29.45,-29.02,-29.11,-29.33,-29.39,-29.3,-29.05,-29.02,-29.27,-29.42,-29.42,-29.42,-29.42,-29.45,-29.48,-29.48,-29.36,-29.21,-29.11,-29.02,-28.99,-29.39,-28.99,-29.33,-29.48,-29.3,-29.08,-29.45,-29.45,-29.3,-29.51,-29.33,-29.36,-29.51,-29.24,-29.69,-29.51,-29.48,-29.82,-29.57,-29.48,-29.79,-29.66,-29.42,-29.63,-29.75,-29.82,-29.63,-29.42,-29.42,-29.54,-29.75,-29.85,-29.94,-29.88,-29.72,-29.82,-29.69,-29.54,-29.54,-29.6,-29.66,-29.39,-29.75,-29.42,-29.54,-29.75,-29.66,-29.39,-29.54,-29.69,-29.42,-29.88,-29.57,-29.82,-29.75,-29.39,-29.75,-29.45,-29.51,-29.82,-29.51,-29.51,-29.85,-29.79,-29.48,-29.69,-29.88,-29.85,-29.66,-29.54,-29.45,-29.57,-29.66,-29.63,-29.69,-29.72,-29.79,-29.69,-29.63,-29.57,-29.66,-29.88,-29.88,-29.75,-30.09,-30.06,-29.69,-29.88,-30.06,-30.03,-29.79,-30.18,-29.75,-30.12,-29.57,-30.09,-29.91,-29.94,-30.12,-29.79,-29.94,-30.0,-29.66,-29.85,-30.09,-29.94,-29.69,-29.94,-30.15,-30.12,-30.0,-29.79,-29.85,-29.88,-30.03,-29.97,-30.06,-30.06,-30.03,-29.94,-29.82,-29.72,-29.82,-29.97,-29.79,-29.79,-29.97,-30.24,-30.0,-29.69,-29.97,-30.18,-29.72,-30.06,-29.75,-30.03,-29.63,-30.03,-29.66,-29.94,-29.97,-29.63,-30.03,-29.91,-29.54,-29.97,-30.15,-29.97,-29.75,-30.03,-30.24,-30.21,-30.18,-29.94,-29.94,-29.91,-29.94,-29.97,-29.97,-29.97,-29.94,-29.82,-29.72,-29.94,-30.18,-30.33,-30.15,-30.24,-30.03,-30.24,-30.27,-29.97,-30.09,-30.43,-29.97,-30.43,-30.06,-30.46,-30.06,-30.43,-30.3,-30.18,-30.55,-30.24,-30.27,-30.61,-30.46,-30.18,-30.52,-30.52,-30.43,-30.3,-30.3,-30.46,-30.67,-30.64,-30.58,-30.55,-30.49,-30.43,-30.27,-30.21,-30.12,-30.27,-30.49,-30.55,-30.43,-30.4,-30.46,-30.09,-30.3,-30.43,-30.12,-30.09,-30.52,-30.27,-30.4,-30.3,-30.43,-30.12,-30.55,-30.24,-30.21,-30.55,-30.21,-30.18,-30.55,-30.43,-30.15,-30.33,-30.58,-30.55,-30.3,-30.09,-30.12,-30.24,-30.43,-30.49,-30.49,-30.46,-30.43,-30.27,-30.27,-30.21,-29.94,-29.75,-29.69,-29.94,-30.12,-30.0,-29.57,-30.06,-29.75,-29.63,-30.0,-30.06,-29.63,-29.91,-29.51,-29.88,-29.33,-29.69,-29.57,-29.42,-29.79,-29.48,-29.39,-29.63,-29.51,-29.17,-29.42,-29.66,-29.57,-29.3,-29.17,-29.33,-29.48,-29.51,-29.54,-29.57,-29.42,-29.21,-29.05,-28.99,-29.08,-29.08,-29.14,-29.02,-29.02,-29.05,-29.17,-28.9,-29.33,-29.02,-28.87,-29.3,-29.3,-29.05,-28.87,-29.21,-28.72,-29.24,-28.72,-29.24,-28.99,-29.05,-29.27,-28.81,-29.21,-29.24,-28.9,-29.17,-29.24,-28.93,-28.78,-29.14,-29.27,-29.11,-28.78,-28.66,-28.75,-28.93,-29.02,-29.17,-29.24,-29.27,-29.14,-29.27,-29.05,-28.81,-28.66,-28.75,-28.75,-29.05,-28.78,-29.11,-28.96,-28.78,-28.9,-29.21,-29.08,-29.14,-29.21,-29.08,-29.08,-29.17,-28.84,-29.24,-28.84,-28.93,-29.27,-28.99,-29.14,-29.45,-29.17,-29.08,-29.45,-29.51,-29.42,-29.21,-29.27,-29.6,-29.69,-29.79,-29.82,-29.91,-29.91,-29.88,-29.94,-30.03,-30.03,-30.12,-29.88,-29.75,-29.88,-30.15,-29.94,-30.06,-30.27,-30.36,-30.06,-29.94,-30.3,-29.79,-30.18,-29.88,-30.12,-29.57,-29.72,-29.79,-29.54,-29.94,-29.6,-29.54,-29.91,-29.69,-29.45,-29.63,-29.82,-29.57,-29.39,-29.45,-29.69,-29.79,-29.85,-29.85,-29.82,-29.75,-29.75,-29.69,-29.79,-29.82,-29.82,-29.75,-29.6,-29.57,-29.75,-29.36,-29.66,-29.39,-29.08,-29.24,-29.42,-29.24,-29.11,-29.42,-28.96,-29.3,-29.27,-29.14,-29.39,-28.96,-29.27,-29.14,-28.72,-29.08,-29.02,-28.69,-28.84,-29.11,-28.99,-28.56,-28.59,-28.9,-29.02,-29.08,-29.05,-28.96,-28.84,-28.84,-28.75,-28.75,-28.78,-28.93,-28.96,-29.08,-29.05,-29.21,-29.14,-28.96,-28.96,-29.17,-29.11,-28.81,-28.72,-29.17,-28.81,-28.99,-28.78,-29.11,-28.72,-29.08,-28.63,-28.84,-28.99,-28.63,-28.96,-29.02,-28.59,-28.75,-28.99,-28.75,-28.5,-28.66,-28.87,-28.93,-28.9,-28.78,-28.56,-28.47,-28.44,-28.44,-28.44,-28.5,-28.47,-28.56,-28.78,-29.08,-29.11,-29.08,-28.84,-29.05,-29.14,-28.9,-28.87,-29.11,-29.24,-28.93,-29.21,-28.9,-29.17,-28.75,-29.33,-28.87,-29.05,-29.27,-28.84,-29.3,-29.33,-29.11,-29.48,-29.66,-29.27,-29.14,-29.42,-29.54,-29.48,-29.21,-29.08,-29.14,-29.33,-29.39,-29.39,-29.36,-29.3,-29.3,-29.17,-29.08,-29.05,-29.08,-29.17,-28.99,-29.45,-29.11,-29.14,-29.51,-29.54,-29.27,-29.3,-29.42,-28.96,-29.39,-29.02,-29.45,-28.99,-29.14,-29.3,-28.87,-29.21,-29.14,-28.84,-29.21,-29.27,-28.99,-29.11,-29.36,-29.3,-29.14,-29.11,-29.17,-29.51,-29.6,-29.63,-29.69,-29.66,-29.66,-29.63,-29.66,-29.66,-29.48,-29.36,-29.14,-29.27,-29.66,-29.27,-29.57,-29.6,-29.48,-29.27,-29.45,-29.57,-29.08,-29.6,-29.21,-29.45,-29.17,-29.48,-29.57,-29.21,-29.57,-29.39,-29.27,-29.72,-29.57,-29.36,-29.69,-29.75,-29.6,-29.39,-29.66,-29.94,-29.85,-29.72,-29.66,-29.57,-29.57,-29.57,-29.57,-29.69,-29.75,-29.85,-29.97,-30.12,-30.21,-30.18,-29.82,-30.21,-30.03,-29.79,-30.06,-30.24,-30.18,-29.97,-30.4,-30.0,-30.4,-30.09,-30.33,-30.24,-30.03,-30.46,-30.27,-30.3,-30.58,-30.21,-30.09,-30.43,-30.27,-29.94,-30.0,-30.33,-30.33,-30.24,-30.09,-29.94,-29.79,-29.88,-29.82,-29.79,-29.72,-29.66,-29.63,-29.66,-29.75,-29.91,-29.97,-29.72,-30.03,-29.66,-29.88,-29.97,-29.91,-29.6,-29.97,-29.88,-29.79,-29.94,-29.72,-29.82,-29.85,-29.39,-29.91,-29.6,-29.6,-29.94,-29.57,-29.66,-29.97,-29.88,-29.57,-29.88,-30.09,-29.88,-29.79,-29.57,-29.6,-29.79,-29.88,-29.91,-29.94,-30.03,-30.03,-30.03,-29.94,-29.79,-29.66,-29.63,-29.66,-29.91,-30.0,-30.21,-29.91,-29.94,-30.18,-30.33,-30.0,-30.18,-30.09,-30.18,-30.09,-30.27,-29.79,-30.18,-29.97,-29.88,-30.3,-29.97,-30.0,-30.33,-30.09,-29.88,-30.12,-30.4,-30.21,-29.91,-29.88,-30.15,-30.4,-30.49,-30.58,-30.58,-30.55,-30.52,-30.58,-30.58,-30.58,-30.49,-30.27,-30.06,-30.27,-30.52,-30.12,-30.15,-30.43,-30.55,-30.33,-30.18,-30.58,-30.12,-30.46,-30.0,-30.4,-29.97,-30.4,-30.24,-30.18,-30.49,-30.15,-30.09,-30.36,-30.09,-30.03,-30.27,-30.36,-30.18,-30.0,-30.15,-30.21,-30.43,-30.43,-30.24,-30.18,-30.09,-30.06,-30.09,-30.12,-30.15,-30.21,-30.18,-30.03,-29.94,-30.09,-29.6,-29.97,-29.94,-29.72,-29.79,-30.06,-30.09,-29.82,-30.15,-29.85,-30.12,-30.03,-29.85,-30.21,-30.0,-30.15,-30.43,-30.12,-30.27,-30.46,-30.21,-30.06,-30.43,-30.55,-30.43,-30.12,-30.15,-30.4,-30.55,-30.61,-30.61,-30.61,-30.55,-30.58,-30.58,-30.7,-30.73,-30.76,-30.55,-30.4,-30.46,-30.88,-30.49,-30.79,-30.76,-30.36,-30.46,-30.76,-30.64,-30.46,-30.76,-30.55,-30.7,-30.64,-30.36,-30.85,-30.49,-30.52,-30.67,-30.36,-30.58,-30.79,-30.49,-30.33,-30.64,-30.79,-30.61,-30.49,-30.43,-30.52,-30.7,-30.76,-30.76,-30.79,-30.79,-30.79,-30.88,-30.79,-30.67,-30.43,-30.24,-30.27,-30.21,-30.67,-30.27,-30.58,-30.73,-30.58,-30.36,-30.73,-30.67,-30.46,-30.58,-30.52,-30.61,-30.76,-30.21,-30.7,-30.46,-30.27,-30.7,-30.52,-30.24,-30.7,-30.67,-30.27,-30.18,-30.4,-30.52,-30.46,-30.4,-30.09,-30.09,-30.06,-30.06,-30.09,-30.0,-30.0,-29.79,-29.85,-29.85,-30.03,-30.18,-30.18,-30.03,-30.15,-29.97,-30.24,-30.21,-29.97,-29.88,-30.33,-30.0,-30.12,-30.09,-30.15,-29.91,-30.3,-30.09,-30.15,-30.3,-29.82,-30.09,-30.21,-29.91,-29.97,-30.21,-30.15,-29.85,-29.88,-30.27,-30.4,-30.4,-30.12,-30.03,-29.91,-29.85,-29.82,-29.79,-29.69,-29.82,-30.0,-30.12,-30.36,-30.36,-30.33,-30.15,-30.24,-29.94,-30.18,-30.36,-30.36,-30.12,-30.24,-30.15,-30.24,-30.15,-30.4,-30.06,-30.49,-30.0,-30.24,-30.33,-29.97,-30.33,-30.43,-30.09,-30.06,-30.36,-30.36,-30.03,-30.06,-30.27,-30.46,-30.43,-30.3,-30.24,-30.12,-30.15,-30.06,-30.0,-30.15,-30.24,-30.27,-30.49,-30.49,-30.46,-30.55,-30.21,-30.64,-30.33,-30.33,-30.73,-30.79,-30.49,-30.61,-30.64,-30.55,-30.58,-30.64,-30.3,-30.73,-30.36,-30.55,-30.76,-30.3,-30.52,-30.73,-30.43,-30.3,-30.64,-30.61,-30.43,-30.18,-30.36,-30.61,-30.64,-30.58,-30.61,-30.49,-30.43,-30.4,-30.46,-30.43,-30.43,-30.49,-30.4,-30.21,-30.09,-30.46,-30.18,-30.55,-30.3,-30.06,-30.3,-30.52,-30.09,-30.36,-30.4,-30.33,-30.46,-30.4,-30.09,-30.58,-30.18,-30.24,-30.49,-30.15,-30.27,-30.52,-30.21,-30.03,-30.33,-30.49,-30.27,-30.09,-29.94,-30.15,-30.24,-30.4,-30.52,-30.43,-30.4,-30.43,-30.36,-30.36,-30.36,-30.24,-30.06,-29.88,-29.94,-30.24,-29.94,-30.21,-30.09,-29.69,-29.66,-30.03,-29.72,-29.75,-29.88,-29.79,-29.66,-29.91,-29.51,-29.88,-29.72,-29.54,-29.91,-29.63,-29.42,-29.79,-29.75,-29.33,-29.45,-29.85,-29.82,-29.57,-29.39,-29.27,-29.51,-29.63,-29.66,-29.66,-29.66,-29.63,-29.57,-29.42,-29.27,-29.11,-29.21,-29.33,-29.08,-29.36,-29.11,-29.39,-29.3,-28.99,-28.99,-29.39,-29.08,-29.27,-29.14,-29.33,-28.99,-29.39,-28.81,-29.14,-29.17,-28.9,-29.24,-29.17,-28.75,-29.08,-29.27,-28.93,-28.72,-29.05,-29.21,-29.24,-29.14,-28.99,-28.81,-28.78,-28.84,-28.81,-32.99,-34.09,-35.16,-36.25,-37.23,-38.24,-39.18,-39.89,-40.5,-40.86,-41.53,-42.36,-42.82,-42.94,-43.55,-44.31,-44.46,-45.2,-45.26,-46.02,-46.02,-46.84,-46.78,-47.33,-47.88,-47.82,-48.37,-48.89,-48.86,-49.26,-49.87,-50.08,-50.02,-50.42,-50.99,-51.36,-51.61,-51.73,-51.82,-51.94,-52.12,-52.4,-52.61,-52.92,-53.16,-53.47,-53.83,-54.2,-54.41,-54.69,-54.63,-54.96,-54.9,-55.33,-55.66,-55.76,-55.66,-56.21,-56.34,-56.52,-56.7,-57.04,-56.88,-57.5,-57.16,-57.68,-57.83,-57.62,-58.14,-58.32,-58.07,-58.44,-58.81,-58.81,-58.62,-58.84,-59.3,-59.48,-59.57,-59.6,-59.66,-59.66,-59.72,-59.84,-60.0,-60.09,-60.3,-60.52,-60.82,-61.0,-61.13,-61.22,-60.91,-61.43,-61.37,-61.28,-61.49,-61.86,-61.92,-61.58,-62.19,-61.8,-62.35,-62.01,-62.5,-62.47,-62.44,-62.93,-62.53,-62.74,-63.08,-62.84,-63.02,-63.45,-63.26,-63.11,-63.51,-63.81,-63.75,-63.63,-63.54,-63.63,-63.81,-64.0,-64.24,-64.3,-64.48,-64.48,-64.48,-64.45,-64.33,-64.36,-64.45,-64.79,-64.91,-65.06,-64.85,-64.82,-65.09,-65.34,-65.22,-65.16,-65.49,-65.12,-65.61,-65.28,-65.7,-65.61,-65.61,-65.92,-65.58,-66.01,-65.95,-65.77,-66.16,-66.19,-65.89,-66.07,-66.35,-66.31,-66.07,-66.07,-66.38,-66.62,-66.62,-66.68,-66.74,-66.71,-66.74,-66.68,-66.8,-66.96,-66.99,-67.05,-67.02,-66.77,-67.17,-66.96,-66.8,-67.02,-67.23,-67.41,-67.05,-67.29,-67.41,-67.17,-67.44,-67.29,-67.47,-67.54,-67.38,-67.66,-67.32,-67.72,-67.69,-67.44,-67.93,-67.78,-67.5,-67.87,-68.02,-67.81,-67.72,-67.84,-68.15,-68.24,-68.18,-68.12,-68.02,-67.93,-67.96,-67.99,-68.02,-68.18,-68.3,-68.42,-68.12,-68.51,-68.21,-68.51,-68.73,-68.76,-68.6,-68.42,-68.79,-68.7,-68.63,-68.91,-68.76,-68.91,-68.85,-68.79,-69.09,-68.7,-69.21,-69.0,-68.91,-69.27,-68.91,-69.0,-69.34,-69.24,-68.94,-69.09,-69.24,-69.43,-69.18,-69.06,-68.97,-69.03,-69.15,-69.18,-69.31,-69.31,-69.34,-69.24,-69.09,-69.18,-69.55,-69.31,-69.64,-69.64,-69.49,-69.27,-69.46,-69.76,-69.55,-69.58,-69.7,-69.46,-69.76,-69.55,-69.76,-69.76,-69.55,-70.04,-69.49,-69.82,-69.85,-69.64,-69.98,-69.98,-69.64,-69.98,-70.16,-69.98,-69.7,-69.73,-70.1,-70.22,-70.22,-70.19,-70.16,-70.22,-70.13,-70.16,-70.19,-70.31,-70.4,-70.28,-69.98,-70.37,-70.34,-70.16,-70.07,-70.25,-70.53,-70.4,-70.16,-70.56,-70.16,-70.74,-70.22,-70.71,-70.22,-70.62,-70.5,-70.47,-70.77,-70.37,-70.71,-70.71,-70.34,-70.68,-70.83,-70.53,-70.37,-70.62,-70.83,-70.8,-70.65,-70.53,-70.5,-70.53,-70.65,-70.68,-70.65,-70.62,-70.56,-70.47,-70.47,-70.65,-70.86,-70.74,-70.53,-70.71,-70.83,-71.04,-70.8,-70.65,-71.01,-70.65,-70.98,-70.65,-70.98,-70.62,-71.08,-70.65,-70.95,-70.86,-70.71,-71.11,-70.74,-70.89,-71.14,-70.95,-70.77,-71.11,-71.2,-71.08,-70.77,-70.86,-71.14,-71.26,-71.26,-71.26,-71.29,-71.26,-71.29,-71.32,-71.35,-71.23,-71.26,-71.26,-71.11,-70.95,-71.23,-71.35,-71.41,-71.2,-70.98,-71.38,-71.2,-71.32,-71.38,-71.26,-71.26,-71.38,-71.08,-71.47,-71.08,-71.44,-71.32,-71.08,-71.47,-71.29,-71.14,-71.56,-71.44,-71.14,-71.23,-71.44,-71.59,-71.44,-71.23,-71.17,-71.14,-71.14,-71.14,-71.17,-71.14,-71.11,-71.14,-71.14,-71.17,-71.56,-71.17,-71.47,-71.59,-71.56,-71.35,-71.17,-71.47,-71.5,-71.2,-71.62,-71.17,-71.62,-71.23,-71.59,-71.38,-71.38,-71.53,-71.2,-71.59,-71.44,-71.26,-71.59,-71.47,-71.23,-71.59,-71.69,-71.56,-71.29,-71.29,-71.59,-71.72,-71.75,-71.69,-71.72,-71.66,-71.69,-71.69,-71.72,-71.72,-71.72,-71.62,-71.38,-71.59,-71.72,-71.72,-71.56,-71.38,-71.62,-71.81,-71.44,-71.78,-71.53,-71.87,-71.53,-71.96,-71.47,-71.87,-71.53,-71.72,-71.9,-71.53,-71.9,-71.75,-71.47,-71.75,-71.87,-71.53,-71.44,-71.69,-71.9,-71.84,-71.69,-71.53,-71.41,-71.38,-71.41,-71.44,-71.41,-71.38,-71.35,-71.41,-71.41,-71.59,-71.56,-71.75,-71.5,-71.38,-71.38,-71.66,-71.75,-71.38,-71.66,-71.5,-71.53,-71.56,-71.62,-71.47,-71.72,-71.32,-71.69,-71.5,-71.44,-71.72,-71.26,-71.53,-71.66,-71.41,-71.23,-71.66,-71.66,-71.47,-71.32,-71.32,-71.5,-71.72,-71.72,-71.78,-71.72,-71.72,-71.75,-71.69,-71.78,-71.75,-71.69,-71.5,-71.75,-71.47,-71.38,-71.62,-71.78,-71.75,-71.44,-71.59,-71.72,-71.5,-71.84,-71.53,-71.72,-71.69,-71.5,-71.87,-71.44,-71.84,-71.75,-71.44,-71.84,-71.69,-71.41,-71.75,-71.84,-71.56,-71.44,-71.66,-71.9,-71.84,-71.78,-71.69,-71.59,-71.41,-71.47,-71.38,-71.47,-71.53,-71.66,-71.72,-71.47,-71.87,-71.47,-71.69,-71.84,-71.81,-71.69,-71.41,-71.72,-71.75,-71.53,-71.78,-71.5,-71.75,-71.59,-71.66,-71.78,-71.44,-71.87,-71.47,-71.66,-71.81,-71.41,-71.66,-71.81,-71.59,-71.47,-71.75,-71.9,-71.81,-71.53,-71.47,-71.5,-71.69,-71.78,-71.78,-71.87,-71.81,-71.78,-71.72,-71.59,-71.69,-71.84,-71.47,-71.78,-71.87,-71.84,-71.62,-71.53,-71.84,-71.81,-71.56,-71.99,-71.53,-72.02,-71.56,-71.99,-71.69,-71.87,-71.9,-71.62,-72.02,-71.72,-71.66,-71.96,-71.72,-71.69,-72.02,-71.96,-71.66,-71.53,-71.84,-72.02,-71.99,-71.96,-71.87,-71.81,-71.59,-71.62,-71.69,-71.75,-71.96,-71.9,-71.75,-71.56,-71.84,-71.99,-71.81,-71.56,-71.5,-71.84,-71.9,-71.5,-71.93,-71.66,-71.78,-71.5,-71.9,-71.5,-71.99,-71.56,-71.84,-71.78,-71.47,-71.96,-71.69,-71.53,-71.96,-71.87,-71.56,-71.66,-72.02,-71.99,-71.84,-71.62,-71.62,-71.66,-71.75,-71.87,-71.9,-71.9,-71.87,-71.81,-71.62,-71.62,-71.87,-71.87,-72.02,-71.69,-71.69,-71.81,-72.05,-72.05,-71.62,-72.02,-71.9,-71.96,-71.93,-71.99,-71.81,-72.11,-71.69,-72.14,-71.84,-71.84,-72.14,-71.75,-71.9,-72.08,-71.78,-71.78,-72.02,-72.05,-71.87,-71.62,-71.78,-71.96,-72.02,-72.08,-72.02,-72.05,-71.96,-71.96,-72.08,-71.99,-71.99,-71.99,-71.78,-71.81,-71.56,-71.87,-71.99,-71.87,-71.72,-71.59,-71.99,-71.56,-71.81,-71.59,-71.78,-71.53,-71.96,-71.44,-71.93,-71.69,-71.66,-71.9,-71.5,-71.81,-71.93,-71.53,-71.69,-71.93,-71.84,-71.53,-71.59,-71.78,-71.93,-71.99,-71.93,-71.72,-71.66,-71.69,-71.59,-71.66,-71.75,-71.81,-71.84,-71.75,-71.5,-71.81,-71.84,-71.66,-71.53,-71.56,-71.84,-71.87,-71.5,-71.99,-71.59,-72.02,-71.59,-71.96,-71.59,-71.96,-71.62,-71.81,-71.96,-71.5,-71.87,-71.93,-71.53,-71.81,-71.99,-71.75,-71.5,-71.81,-71.96,-71.99,-71.81,-71.62,-71.56,-71.56,-71.56,-71.56,-71.53,-71.5,-71.47,-71.47,-71.56,-71.53,-71.93,-71.62,-71.56,-71.75,-71.96,-71.9,-71.66,-71.72,-71.9,-71.56,-71.9,-71.44,-71.93,-71.59,-71.84,-71.66,-71.69,-71.87,-71.5,-71.78,-71.72,-71.47,-71.81,-71.87,-71.53,-71.62,-71.93,-71.93,-71.72,-71.53,-71.56,-71.69,-71.81,-71.87,-71.93,-71.96,-71.96,-71.9,-71.81,-71.69,-71.72,-72.02,-71.53,-71.84,-71.96,-71.84,-71.66,-71.62,-71.9,-71.9,-71.66,-71.99,-71.66,-72.08,-71.66,-71.99,-71.84,-71.75,-71.99,-71.59,-72.05,-71.9,-71.66,-72.02,-71.96,-71.66,-71.93,-72.08,-71.9,-71.69,-71.66,-71.81,-72.02,-72.05,-72.02,-72.05,-72.02,-72.02,-71.96,-72.05,-72.08,-72.08,-72.05,-71.66,-72.02,-71.75,-71.56,-71.72,-71.9,-72.05,-71.62,-71.78,-71.96,-71.66,-71.93,-71.62,-71.78,-71.84,-71.66,-71.99,-71.53,-71.93,-71.81,-71.62,-71.99,-71.81,-71.56,-71.93,-71.93,-71.66,-71.59,-71.84,-71.99,-72.02,-71.9,-71.72,-71.59,-71.53,-71.5,-71.59,-71.56,-71.62,-71.78,-71.81,-71.59,-71.9,-71.53,-71.72,-71.93,-71.99,-71.87,-71.47,-71.84,-71.9,-71.59,-72.02,-71.69,-71.9,-71.75,-71.87,-71.84,-71.62,-72.02,-71.62,-71.75,-71.99,-71.5,-71.78,-71.99,-71.69,-71.56,-71.84,-71.93,-71.78,-71.56,-71.41,-71.62,-71.72
Sweep_18,250.0,-68.18,-67.81,-68.21,-67.84,-68.21,-67.78,-68.18,-68.08,-67.87,-68.27,-67.87,-67.96,-68.21,-67.9,-67.93,-68.21,-68.15,-67.75,-67.78,-68.05,-68.21,-68.15,-68.21,-68.05,-68.02,-67.81,-67.96,-67.99,-68.02,-68.21,-68.15,-67.81,-68.3,-67.9,-67.81,-67.99,-68.18,-68.33,-67.96,-67.99,-68.27,-67.84,-68.21,-67.87,-68.24,-67.81,-68.21,-68.02,-68.02,-68.27,-67.81,-68.21,-68.15,-67.84,-68.18,-68.15,-67.84,-67.93,-68.21,-68.27,-68.05,-67.87,-67.93,-68.12,-68.18,-68.27,-68.33,-68.36,-68.3,-68.27,-68.21,-68.12,-68.39,-68.3,-68.12,-67.93,-68.12,-68.33,-68.33,-68.24,-67.9,-68.21,-68.24,-68.15,-68.39,-68.12,-68.18,-68.24,-68.05,-68.42,-67.96,-68.42,-68.21,-67.96,-68.45,-68.18,-68.02,-68.48,-68.33,-67.96,-68.02,-68.33,-68.33,-68.27,-68.08,-67.96,-67.93,-67.99,-67.96,-67.93,-67.93,-67.96,-67.87,-67.87,-68.02,-68.27,-68.05,-67.9,-68.15,-68.21,-68.39,-68.15,-68.02,-68.36,-67.93,-68.27,-67.93,-68.24,-67.93,-68.3,-67.87,-68.33,-68.08,-67.99,-68.27,-67.87,-68.18,-68.21,-67.87,-68.12,-68.33,-68.18,-67.9,-67.96,-68.24,-68.39,-68.36,-68.21,-68.12,-68.08,-68.05,-67.96,-68.12,-68.18,-68.21,-68.27,-67.87,-68.3,-67.9,-67.9,-68.12,-68.27,-68.27,-67.99,-67.96,-68.3,-67.9,-68.39,-67.87,-68.39,-67.9,-68.21,-68.02,-68.08,-68.3,-67.87,-68.3,-68.15,-67.78,-68.18,-68.24,-67.87,-67.9,-68.15,-68.3,-68.05,-67.9,-67.84,-67.96,-68.12,-68.12,-68.24,-68.24,-68.24,-68.24,-68.18,-68.02,-68.12,-68.15,-68.08,-67.87,-68.05,-68.18,-68.21,-68.12,-67.87,-68.3,-67.99,-68.08,-68.02,-67.99,-67.99,-68.15,-67.81,-68.18,-67.75,-68.12,-68.08,-67.87,-68.3,-68.02,-67.78,-68.21,-68.3,-67.81,-67.81,-68.21,-68.3,-68.27,-68.05,-67.9,-67.78,-67.84,-67.84,-67.84,-67.84,-67.84,-67.84,-67.87,-67.84,-68.33,-67.99,-67.93,-68.12,-68.3,-68.24,-68.05,-67.9,-68.3,-67.9,-68.3,-68.02,-68.27,-67.93,-68.39,-67.93,-68.33,-68.15,-68.05,-68.36,-67.93,-68.12,-68.3,-67.96,-68.02,-68.27,-68.24,-67.93,-67.9,-68.08,-68.24,-68.33,-68.27,-68.18,-68.15,-68.18,-68.12,-68.18,-68.18,-68.33,-68.3,-67.96,-68.27,-67.93,-68.02,-68.24,-68.36,-68.3,-67.9,-68.27,-68.27,-67.93,-68.27,-67.93,-68.27,-68.05,-68.05,-68.18,-67.96,-68.33,-67.9,-68.12,-68.24,-67.93,-68.21,-68.33,-68.05,-67.99,-68.33,-68.39,-68.24,-67.99,-67.93,-68.02,-68.15,-68.18,-68.3,-68.36,-68.27,-68.3,-68.21,-68.12,-68.27,-68.39,-67.99,-68.12,-68.33,-68.42,-68.39,-68.15,-68.05,-68.36,-68.02,-68.36,-68.27,-68.42,-68.18,-68.42,-68.02,-68.42,-68.08,-68.33,-68.39,-68.05,-68.39,-68.36,-67.96,-68.27,-68.42,-68.15,-67.93,-68.27,-68.39,-68.42,-68.18,-68.05,-67.93,-67.96,-67.96,-67.96,-67.99,-67.99,-67.96,-67.99,-67.96,-68.42,-68.12,-68.08,-68.27,-68.39,-68.39,-68.15,-68.05,-68.42,-67.96,-68.33,-67.96,-68.39,-67.9,-68.36,-67.99,-68.33,-68.21,-68.08,-68.45,-68.02,-68.18,-68.39,-68.05,-68.05,-68.42,-68.33,-68.08,-67.93,-68.3,-68.42,-68.42,-68.36,-68.24,-68.21,-68.15,-68.21,-68.21,-68.33,-68.48,-68.48,-68.12,-68.39,-68.02,-68.24,-68.42,-68.51,-68.39,-68.05,-68.33,-68.42,-68.12,-68.54,-68.18,-68.54,-68.21,-68.39,-68.45,-68.18,-68.6,-68.12,-68.45,-68.48,-68.08,-68.42,-68.45,-68.12,-68.08,-68.39,-68.39,-68.18,-68.02,-68.02,-68.18,-68.36,-68.48,-68.39,-68.42,-68.45,-68.42,-68.39,-68.27,-68.3,-68.42,-68.12,-68.12,-68.39,-68.48,-68.45,-68.27,-68.08,-68.48,-68.18,-68.33,-68.12,-68.3,-68.18,-68.36,-68.02,-68.39,-67.99,-68.3,-68.21,-67.93,-68.39,-68.15,-68.05,-68.39,-68.3,-67.99,-68.18,-68.42,-68.45,-68.36,-68.08,-67.99,-68.08,-68.08,-68.08,-68.12,-68.18,-68.08,-67.99,-68.05,-68.12,-68.45,-68.12,-68.12,-68.36,-68.57,-68.48,-68.3,-68.05,-68.45,-68.12,-68.48,-68.21,-68.51,-68.18,-68.51,-68.15,-68.6,-68.21,-68.42,-68.51,-68.08,-68.45,-68.51,-68.15,-68.33,-68.51,-68.36,-68.02,-68.18,-68.42,-68.54,-68.48,-68.33,-68.36,-68.15,-68.08,-68.02,-68.12,-68.18,-68.21,-68.21,-68.02,-68.51,-68.21,-68.12,-68.27,-68.45,-68.51,-68.24,-68.15,-68.54,-68.08,-68.42,-68.02,-68.39,-68.05,-68.48,-68.02,-68.45,-68.18,-68.21,-68.45,-68.08,-68.27,-68.45,-68.15,-68.12,-68.51,-68.33,-68.12,-68.12,-68.39,-68.48,-68.51,-68.42,-68.33,-68.3,-68.27,-68.24,-68.27,-68.33,-68.39,-68.33,-68.02,-68.48,-68.33,-68.15,-68.12,-68.33,-68.51,-68.45,-68.12,-68.63,-68.15,-68.63,-68.27,-68.51,-68.18,-68.66,-68.21,-68.51,-68.51,-68.21,-68.7,-68.33,-68.3,-68.57,-68.36,-68.12,-68.42,-68.6,-68.39,-68.15,-68.15,-68.3,-68.45,-68.54,-68.51,-68.54,-68.51,-68.57,-68.6,-68.63,-68.54,-68.57,-68.15,-68.54,-68.33,-68.18,-68.18,-68.36,-68.6,-68.39,-68.24,-68.54,-68.05,-68.51,-68.05,-68.57,-68.12,-68.48,-68.18,-68.27,-68.45,-68.08,-68.57,-68.39,-68.08,-68.48,-68.48,-68.15,-68.3,-68.57,-68.51,-68.33,-68.15,-68.18,-68.33,-68.48,-68.63,-68.6,-68.63,-68.6,-68.6,-68.54,-68.6,-68.63,-68.15,-68.6,-68.54,-68.39,-68.24,-68.33,-68.6,-68.57,-68.21,-68.66,-68.27,-68.79,-68.27,-68.73,-68.36,-68.6,-68.57,-68.33,-68.66,-68.36,-68.48,-68.7,-68.36,-68.39,-68.7,-68.48,-68.27,-68.36,-68.6,-68.66,-68.51,-68.33,-68.24,-68.15,-68.21,-68.15,-68.12,-68.12,-68.08,-68.18,-68.08,-68.36,-68.42,-68.57,-68.42,-68.24,-68.15,-68.42,-68.57,-68.27,-68.36,-68.39,-68.24,-68.45,-68.33,-68.39,-68.42,-68.18,-68.57,-68.12,-68.45,-68.39,-68.05,-68.48,-68.45,-68.12,-68.33,-68.57,-68.42,-68.12,-68.15,-68.39,-68.54,-68.57,-68.54,-68.45,-68.42,-68.42,-68.39,-68.36,-68.51,-68.54,-68.48,-68.18,-68.51,-68.48,-68.39,-68.21,-68.21,-68.51,-68.51,-68.18,-68.57,-68.33,-68.6,-68.33,-68.54,-68.24,-68.6,-68.18,-68.57,-68.54,-68.39,-68.73,-68.3,-68.36,-68.6,-68.36,-68.18,-68.45,-68.57,-68.36,-68.15,-68.15,-68.33,-68.45,-68.54,-68.57,-68.57,-68.6,-68.57,-68.66,-68.6,-68.6,-68.6,-68.05,-68.48,-68.42,-68.42,-68.21,-68.12,-68.33,-68.51,-68.05,-68.45,-68.12,-68.36,-68.12,-68.42,-68.12,-68.48,-68.08,-68.36,-68.33,-67.99,-68.48,-68.27,-68.12,-68.48,-68.33,-68.05,-68.27,-68.51,-68.42,-68.15,-68.05,-68.12,-68.21,-68.36,-68.42,-68.42,-68.48,-68.45,-68.33,-68.3,-68.33,-68.45,-68.12,-68.18,-68.42,-68.48,-68.36,-68.15,-68.12,-68.45,-68.15,-68.39,-68.3,-68.33,-68.3,-68.48,-68.27,-68.6,-68.08,-68.51,-68.42,-68.24,-68.57,-68.24,-68.3,-68.54,-68.33,-68.08,-68.36,-68.48,-68.42,-68.18,-68.05,-68.12,-68.18,-68.45,-68.45,-68.51,-68.51,-68.42,-68.42,-68.3,-68.33,-68.42,-68.33,-68.12,-68.18,-68.36,-68.48,-68.51,-68.12,-68.48,-68.45,-68.18,-68.45,-68.21,-68.48,-68.21,-68.3,-68.39,-68.08,-68.48,-68.05,-68.27,-68.45,-68.05,-68.24,-68.42,-68.15,-68.05,-68.36,-68.51,-68.33,-68.12,-68.02,-68.18,-68.27,-68.33,-68.45,-68.51,-68.45,-68.42,-68.36,-68.39,-68.51,-68.24,-68.54,-68.24,-68.08,-68.12,-68.27,-68.51,-68.33,-68.15,-68.51,-68.08,-68.57,-68.08,-68.57,-68.15,-68.51,-68.39,-68.27,-68.54,-68.18,-68.48,-68.45,-68.08,-68.45,-68.54,-68.24,-68.24,-68.48,-68.57,-68.39,-68.15,-68.05,-68.15,-68.27,-68.33,-68.42,-68.45,-68.42,-68.36,-68.27,-68.24,-68.57,-68.12,-68.45,-68.54,-68.39,-68.21,-68.15,-68.45,-68.54,-68.12,-68.51,-68.05,-68.48,-68.08,-68.48,-68.02,-68.45,-68.21,-68.33,-68.48,-68.15,-68.54,-68.42,-68.18,-68.51,-68.48,-68.24,-68.18,-68.57,-68.66,-68.51,-68.24,-68.18,-68.27,-68.33,-68.33,-68.45,-68.45,-68.45,-68.39,-68.24,-68.51,-68.66,-68.27,-68.33,-68.54,-68.66,-68.66,-68.48,-68.27,-68.63,-68.36,-68.6,-63.51,-62.13,-60.76,-59.94,-58.44,-57.86,-56.79,-55.76,-55.3,-54.41,-53.31,-52.89,-52.25,-51.3,-50.38,-49.74,-49.41,-48.71,-47.82,-47.09,-46.26,-45.56,-44.89,-44.04,-43.06,-41.66,-33.45,3.72,40.28,41.66,28.53,13.21,-2.99,-19.32,-33.78,-43.15,-48.25,-50.72,-52.34,-52.92,-52.83,-52.89,-52.15,-51.94,-51.45,-50.51,-50.26,-49.32,-48.83,-48.37,-47.33,-46.72,-46.51,-45.65,-44.8,-44.31,-44.04,-43.52,-42.82,-42.05,-41.5,-41.05,-40.59,-40.16,-39.61,-39.15,-38.57,-37.93,-37.26,-36.68,-36.07,-35.49,-34.55,-33.91,-27.04,-14.04,4.73,23.93,30.43,26.43,17.58,7.57,-4.15,-15.59,-25.91,-34.06,-38.97,-42.66,-45.01,-46.08,-47.18,-47.61,-47.33,-47.64,-47.61,-47.03,-46.66,-46.63,-46.14,-45.65,-44.92,-44.4,-44.01,-43.73,-43.33,-42.85,-42.54,-41.99,-41.44,-40.89,-40.47,-39.86,-39.43,-38.85,-38.67,-38.39,-38.12,-37.48,-37.02,-36.83,-36.68,-36.01,-35.77,-35.37,-34.94,-34.33,-34.15,-33.39,-33.48,-32.56,-32.32,-32.1,-31.19,-30.98,-30.06,-24.08,-16.05,-7.17,5.74,19.01,25.82,25.85,21.85,15.47,7.75,-0.92,-9.95,-18.62,-26.06,-31.65,-35.77,-38.57,-40.56,-42.02,-43.12,-43.61,-44.04,-44.22,-44.49,-44.28,-43.85,-43.79,-43.79,-43.27,-43.03,-42.85,-42.39,-42.18,-41.84,-41.29,-41.35,-40.53,-40.41,-40.19,-39.52,-39.34,-39.12,-38.45,-38.12,-38.12,-37.66,-37.08,-36.56,-36.41,-36.29,-35.95,-35.61,-35.19,-34.7,-34.42,-34.0,-33.72,-33.39,-33.05,-32.78,-32.35,-31.83,-31.59,-30.98,-31.04,-30.55,-29.91,-29.69,-29.27,-28.84,-28.14,-28.11,-27.22,-27.31,-26.4,-26.21,-25.48,-24.17,-21.61,-15.41,-9.28,-1.59,8.3,16.51,21.18,22.71,21.24,17.49,12.08,5.65,-1.5,-8.94,-16.2,-22.49,-27.5,-31.34,-34.15,-36.29,-37.78,-38.82,-39.49,-39.83,-39.92,-40.22,-40.65,-40.62,-40.83,-40.59,-40.37,-40.44,-40.53,-40.13,-40.01,-39.92,-39.46,-39.49,-39.09,-38.73,-38.82,-38.15,-38.24,-37.9,-37.29,-37.41,-37.05,-36.47,-36.47,-36.44,-36.01,-35.46,-35.25,-35.25,-35.13,-34.82,-34.36,-33.91,-33.57,-33.26,-32.87,-32.62,-32.41,-32.1,-31.92,-31.77,-31.4,-31.01,-30.43,-30.55,-29.91,-29.66,-29.57,-29.39,-28.72,-28.5,-28.41,-27.86,-27.92,-27.5,-27.37,-27.34,-26.79,-27.07,-26.55,-26.25,-26.31,-25.7,-25.36,-25.39,-25.09,-24.57,-24.41,-24.38,-24.2,-23.47,-22.92,-22.37,-22.0,-21.64,-21.33,-20.81,-20.17,-19.38,-18.52,-17.4,-15.78,-12.82,-8.27,-3.08,1.92,7.45,11.51,14.65,16.63,16.94,15.2,12.7,8.36,4.06,-1.68,-6.99,-12.02,-17.49,-21.82,-25.21,-28.47,-30.55,-31.98,-33.87,-34.94,-35.52,-36.47,-37.29,-37.63,-37.69,-38.09,-38.51,-38.82,-38.85,-38.85,-38.73,-38.57,-38.6,-38.36,-38.3,-38.24,-38.18,-38.06,-37.9,-37.72,-37.51,-36.83,-36.93,-36.93,-36.56,-36.1,-35.98,-36.07,-35.43,-35.55,-34.94,-35.06,-34.45,-34.73,-34.15,-34.03,-34.03,-33.36,-33.42,-33.23,-32.65,-32.68,-32.65,-32.14,-31.68,-31.65,-31.56,-31.37,-31.07,-30.67,-30.36,-30.21,-30.06,-29.85,-29.63,-29.3,-28.99,-28.75,-28.5,-28.32,-28.26,-28.05,-27.83,-27.86,-27.77,-27.37,-26.95,-26.89,-26.89,-26.37,-26.46,-26.15,-25.97,-25.73,-25.82,-25.24,-25.54,-25.09,-24.93,-25.15,-24.69,-24.63,-24.84,-24.54,-23.99,-24.08,-24.08,-23.8,-23.35,-23.22,-23.35,-23.22,-23.19,-23.01,-22.8,-22.46,-22.31,-22.09,-22.0,-21.94,-21.85,-21.67,-21.45,-21.51,-21.51,-21.24,-20.9,-21.12,-21.06,-20.97,-20.42,-20.48,-20.11,-20.17,-19.96,-19.9,-19.44,-19.71,-19.26,-19.41,-19.47,-19.13,-19.44,-19.53,-19.04,-19.38,-19.44,-19.17,-18.83,-18.92,-19.13,-19.26,-19.01,-18.89,-18.86,-18.86,-18.95,-18.83,-18.8,-18.74,-18.83,-19.07,-19.38,-19.59,-19.87,-19.74,-20.02,-19.78,-20.26,-20.54,-20.42,-20.26,-20.66,-20.69,-20.63,-21.03,-20.87,-21.03,-21.03,-20.81,-21.27,-21.03,-21.15,-21.51,-21.33,-21.58,-21.91,-21.76,-21.61,-22.0,-22.28,-22.19,-21.97,-21.97,-22.25,-22.55,-22.8,-23.01,-23.13,-23.25,-23.28,-23.38,-23.41,-23.44,-23.35,-23.22,-23.35,-23.83,-23.71,-24.14,-24.05,-23.86,-23.86,-24.17,-24.08,-23.86,-24.11,-23.71,-23.99,-23.96,-23.99,-24.17,-23.93,-24.23,-24.17,-23.9,-24.41,-24.44,-24.17,-24.57,-24.63,-24.48,-24.26,-24.35,-24.51,-24.48,-24.35,-24.23,-24.14,-24.08,-23.93,-24.02,-24.11,-24.02,-23.93,-23.99,-24.17,-24.14,-24.11,-23.65,-24.05,-23.9,-23.56,-23.53,-23.65,-23.65,-23.25,-23.59,-23.22,-23.65,-23.16,-23.59,-23.22,-23.38,-23.41,-23.1,-23.53,-23.5,-23.1,-23.44,-23.5,-23.13,-23.13,-23.32,-23.22,-23.07,-22.89,-22.89,-22.95,-23.01,-23.13,-23.16,-23.13,-23.04,-22.92,-22.86,-22.8,-22.58,-22.49,-22.25,-22.49,-22.52,-22.61,-22.31,-22.31,-22.64,-22.61,-22.34,-22.46,-22.37,-22.16,-22.22,-22.34,-22.25,-22.67,-22.13,-22.37,-22.31,-22.06,-22.37,-22.31,-21.91,-22.13,-22.22,-21.88,-21.55,-21.61,-21.85,-21.88,-21.91,-21.7,-21.48,-21.48,-21.48,-21.55,-21.61,-21.61,-21.73,-21.82,-22.06,-22.09,-22.13,-21.79,-22.06,-21.7,-21.67,-21.94,-22.16,-21.94,-21.94,-22.28,-21.88,-22.4,-22.09,-22.34,-22.22,-21.94,-22.31,-21.85,-22.13,-22.28,-21.91,-22.16,-22.31,-21.85,-21.73,-22.09,-22.25,-22.03,-21.82,-21.79,-22.16,-22.34,-22.58,-22.71,-22.8,-22.86,-22.89,-22.83,-22.74,-22.67,-22.52,-22.46,-22.61,-23.04,-22.74,-22.89,-23.19,-23.22,-22.95,-22.77,-23.19,-22.77,-23.22,-22.71,-23.13,-22.74,-23.16,-23.1,-23.01,-23.38,-23.13,-23.22,-23.56,-23.25,-23.25,-23.65,-23.74,-23.41,-23.5,-23.77,-23.8,-23.8,-23.71,-23.62,-23.59,-23.59,-23.53,-23.59,-23.62,-23.74,-23.8,-23.9,-24.08,-24.08,-23.96,-23.77,-23.86,-24.02,-23.96,-23.83,-23.62,-23.77,-23.38,-23.44,-23.35,-23.44,-23.22,-23.5,-23.1,-23.44,-23.25,-23.1,-23.41,-23.32,-22.98,-23.35,-23.22,-22.95,-23.01,-23.28,-23.25,-22.83,-22.58,-22.55,-22.67,-22.71,-22.71,-22.71,-22.58,-22.58,-22.55,-22.49,-22.37,-22.16,-22.03,-22.0,-22.13,-21.94,-22.19,-22.0,-21.61,-21.79,-21.97,-21.7,-21.51,-21.73,-21.45,-21.64,-21.42,-21.27,-21.39,-20.84,-21.15,-21.0,-20.63,-21.09,-20.97,-20.54,-21.0,-21.24,-21.15,-21.03,-21.21,-21.51,-21.61,-21.58,-21.45,-21.45,-21.33,-21.36,-21.24,-21.27,-21.33,-21.45,-21.55,-21.73,-21.85,-21.88,-21.51,-21.88,-21.73,-21.61,-21.79,-22.06,-21.97,-21.7,-22.31,-21.85,-22.4,-22.06,-22.52,-22.25,-22.31,-22.64,-22.25,-22.58,-22.77,-22.28,-22.52,-22.61,-22.22,-22.25,-22.55,-22.61,-22.52,-22.25,-22.22,-22.28,-22.49,-22.55,-22.52,-22.49,-22.52,-22.49,-22.4,-22.43,-22.28,-22.13,-22.09,-22.19,-22.43,-22.25,-22.25,-22.49,-22.67,-22.58,-22.4,-22.89,-22.61,-22.86,-22.49,-22.86,-22.46,-22.83,-22.64,-22.64,-23.04,-22.61,-22.83,-23.01,-22.67,-22.67,-23.1,-23.19,-22.89,-22.8,-23.01,-23.01,-23.07,-23.04,-22.98,-22.86,-22.8,-22.55,-22.49,-22.61,-22.83,-22.89,-22.95,-23.04,-23.01,-22.8,-22.86,-22.74,-22.95,-22.89,-22.89,-22.64,-22.86,-22.86,-22.71,-22.86,-22.77,-22.77,-22.86,-22.49,-22.98,-22.64,-22.55,-22.95,-22.71,-22.64,-23.04,-22.92,-22.67,-22.86,-23.07,-23.1,-22.98,-22.74,-22.8,-22.92,-23.04,-23.25,-23.38,-23.32,-23.28,-23.22,-23.13,-23.01,-22.86,-22.89,-22.8,-23.1,-22.67,-22.98,-22.98,-22.8,-22.52,-22.89,-22.92,-22.58,-22.95,-22.64,-23.07,-22.89,-22.8,-23.01,-22.52,-22.86,-22.74,-22.49,-22.74,-22.74,-22.37,-22.61,-22.83,-22.83,-22.71,-22.77,-22.98,-23.1,-23.25,-23.16,-23.07,-23.04,-22.98,-22.92,-22.92,-22.92,-23.04,-23.07,-23.1,-22.98,-23.07,-22.61,-23.04,-22.89,-22.58,-22.74,-23.01,-23.04,-22.64,-23.16,-22.74,-23.32,-22.86,-23.32,-23.13,-22.95,-23.22,-22.83,-23.07,-23.22,-22.83,-23.07,-23.35,-22.95,-22.77,-23.01,-23.19,-23.25,-23.13,-22.89,-22.74,-22.8,-22.95,-23.04,-23.07,-23.01,-22.89,-22.74,-22.46,-22.34,-22.34,-22.37,-22.28,-22.58,-22.43,-22.25,-22.52,-22.8,-22.77,-22.43,-23.01,-22.67,-23.07,-22.61,-23.04,-22.64,-22.95,-22.67,-22.49,-23.04,-22.74,-22.71,-23.1,-22.98,-22.64,-22.95,-23.13,-22.95,-22.58,-22.55,-22.74,-22.86,-22.83,-22.89,-22.89,-22.77,-22.8,-22.71,-22.52,-22.58,-22.55,-22.4,-22.34,-22.52,-22.61,-22.31,-22.34,-22.55,-22.61,-22.43,-22.25,-22.71,-22.4,-22.67,-22.43,-22.86,-22.28,-22.74,-22.43,-22.4,-22.64,-22.22,-22.52,-22.77,-22.49,-22.52,-22.8,-22.67,-22.37,-22.37,-22.67,-22.8,-22.8,-22.58,-22.49,-22.34,-22.25,-22.25,-22.16,-22.31,-22.31,-22.43,-22.55,-22.64,-22.64,-22.52,-22.31,-22.67,-22.71,-22.4,-22.4,-22.64,-22.67,-22.31,-22.61,-22.25,-22.58,-22.13,-22.55,-22.22,-22.4,-22.49,-22.03,-22.43,-22.37,-22.13,-22.49,-22.64,-22.43,-22.25,-22.67,-22.8,-22.71,-22.55,-22.55,-22.77,-22.89,-23.1,-23.32,-23.22,-23.25,-23.22,-23.1,-22.98,-22.95,-22.95,-23.04,-23.47,-23.56,-23.53,-23.19,-23.41,-23.62,-23.71,-23.41,-23.62,-23.68,-23.71,-23.93,-23.86,-23.56,-24.08,-23.8,-24.14,-24.26,-23.9,-24.41,-24.44,-24.08,-24.38,-24.66,-24.44,-24.17,-24.38,-24.69,-24.84,-24.78,-24.69,-24.6,-24.54,-24.54,-24.57,-24.6,-24.66,-24.72,-24.78,-25.02,-25.09,-25.18,-24.81,-25.27,-25.12,-25.09,-25.36,-25.57,-25.33,-25.09,-25.42,-25.02,-25.42,-24.93,-25.27,-25.02,-25.02,-25.12,-24.69,-24.99,-24.9,-24.38,-24.78,-24.81,-24.48,-24.44,-24.69,-24.63,-24.26,-24.05,-24.11,-24.35,-24.41,-24.35,-24.32,-24.2,-24.08,-23.99,-23.86,-23.83,-23.65,-23.5,-23.25,-23.38,-23.5,-23.25,-23.01,-23.28,-23.5,-23.44,-23.13,-23.47,-23.32,-23.32,-23.25,-23.44,-23.07,-23.47,-23.07,-23.35,-23.5,-23.16,-23.47,-23.56,-23.16,-23.47,-23.68,-23.47,-23.19,-23.38,-23.47,-23.5,-23.5,-23.32,-23.19,-23.13,-23.25,-23.32,-23.38,-23.41,-23.38,-23.47,-23.68,-23.74,-23.71,-23.53,-23.65,-23.35,-23.74,-23.77,-23.62,-23.28,-23.59,-23.62,-23.38,-23.56,-23.28,-23.5,-23.41,-23.16,-23.59,-23.25,-23.32,-23.47,-22.98,-23.16,-23.41,-23.13,-23.04,-23.32,-23.53,-23.44,-23.13,-23.01,-23.1,-23.22,-23.32,-23.28,-23.28,-23.25,-23.35,-23.32,-23.28,-23.25,-23.22,-23.07,-23.13,-23.5,-23.13,-23.5,-23.53,-23.32,-23.13,-23.41,-23.56,-23.07,-23.53,-23.16,-23.56,-23.25,-23.47,-23.5,-23.22,-23.65,-23.5,-23.41,-23.77,-23.41,-23.35,-23.86,-23.8,-23.44,-23.35,-23.53,-23.68,-23.71,-23.65,-23.53,-23.38,-23.38,-23.35,-23.35,-23.35,-23.38,-23.53,-23.65,-23.71,-23.65,-23.71,-23.19,-23.56,-23.22,-23.07,-23.28,-23.53,-23.28,-23.19,-23.44,-23.1,-23.47,-23.22,-23.32,-23.5,-23.07,-23.35,-23.5,-23.16,-23.07,-23.47,-23.44,-23.19,-22.95,-23.07,-23.32,-23.5,-23.47,-23.38,-23.25,-23.13,-23.16,-23.07,-23.04,-23.04,-23.04,-22.98,-23.1,-23.41,-23.5,-23.56,-23.53,-23.65,-23.19,-23.53,-23.28,-23.13,-23.47,-23.68,-23.41,-23.68,-23.41,-23.8,-23.47,-23.83,-23.53,-23.56,-23.83,-23.53,-23.8,-24.05,-23.74,-23.65,-24.08,-24.05,-23.83,-23.59,-23.93,-24.08,-24.08,-24.08,-23.96,-23.74,-23.71,-23.77,-23.77,-23.77,-23.83,-23.9,-23.99,-24.14,-24.17,-24.02,-23.99,-24.29,-23.96,-24.38,-24.32,-24.11,-24.17,-24.48,-24.11,-24.29,-24.14,-24.38,-24.02,-24.51,-24.2,-24.44,-24.54,-23.99,-24.38,-24.63,-24.29,-24.29,-24.6,-24.6,-24.32,-24.57,-24.84,-24.69,-24.48,-24.66,-24.81,-24.78,-24.69,-24.38,-24.29,-24.17,-24.14,-24.11,-24.14,-24.14,-24.2,-24.2,-24.02,-23.93,-24.02,-24.2,-23.96,-23.62,-23.86,-24.14,-23.93,-23.9,-23.99,-23.96,-24.08,-24.08,-23.9,-24.26,-23.9,-24.32,-24.29,-23.9,-24.41,-24.26,-23.83,-24.17,-24.29,-23.99,-23.74,-24.02,-24.29,-24.29,-24.14,-24.14,-23.9,-23.86,-23.71,-23.83,-23.8,-23.74,-23.77,-23.9,-23.99,-23.99,-23.77,-23.83,-23.74,-24.02,-24.11,-23.8,-23.32,-23.53,-23.5,-23.25,-23.5,-23.07,-23.38,-23.35,-23.19,-23.47,-22.98,-23.25,-23.32,-23.01,-23.41,-23.41,-23.01,-23.38,-23.5,-23.25,-23.04,-23.07,-23.38,-23.56,-23.59,-23.59,-23.62,-23.56,-23.59,-23.68,-23.65,-23.71,-23.77,-23.86,-23.93,-23.93,-23.74,-23.83,-23.65,-23.99,-24.11,-24.02,-23.71,-23.93,-24.05,-23.83,-24.23,-24.11,-24.17,-24.11,-23.93,-24.32,-23.86,-24.23,-24.23,-23.8,-24.14,-24.17,-23.86,-23.9,-24.14,-23.96,-23.65,-23.65,-23.86,-24.11,-24.11,-24.08,-24.02,-23.9,-23.86,-23.83,-23.93,-23.93,-24.02,-23.9,-23.8,-23.86,-23.59,-23.71,-23.38,-23.53,-23.86,-23.83,-23.47,-23.59,-23.96,-23.62,-23.96,-23.65,-23.83,-23.99,-23.8,-24.29,-23.93,-24.2,-24.48,-24.14,-24.44,-24.72,-24.41,-24.23,-24.66,-24.78,-24.63,-24.41,-24.35,-24.54,-24.6,-24.72,-24.72,-24.63,-24.63,-24.75,-24.66,-24.63,-24.57,-24.35,-24.41,-24.72,-24.87,-24.9,-24.6,-24.6,-24.81,-24.96,-24.72,-24.81,-25.02,-24.9,-25.15,-25.09,-24.96,-25.12,-24.69,-25.12,-24.93,-24.63,-24.99,-24.78,-24.63,-25.02,-24.99,-24.72,-24.6,-24.93,-25.05,-25.05,-24.84,-24.72,-24.69,-24.72,-24.84,-24.81,-24.81,-24.66,-24.63,-24.48,-24.51,-24.57,-24.57,-24.44,-24.9,-24.84,-24.57,-24.72,-24.93,-25.02,-24.6,-24.93,-24.99,-24.96,-25.12,-25.18,-25.09,-25.39,-24.99,-25.36,-25.27,-24.96,-25.54,-25.33,-25.02,-25.45,-25.48,-25.12,-25.05,-25.36,-25.45,-25.3,-25.18,-24.99,-24.87,-24.96,-24.96,-24.93,-24.9,-24.87,-24.96,-24.78,-24.93,-25.12,-25.05,-25.3,-25.21,-25.42,-25.3,-25.05,-25.09,-25.27,-25.15,-24.93,-25.3,-24.93,-25.27,-25.02,-25.02,-25.18,-24.69,-25.12,-24.9,-24.93,-25.27,-25.05,-24.84,-25.27,-25.15,-24.9,-24.78,-25.05,-25.05,-24.99,-24.84,-24.75,-24.6,-24.66,-24.66,-24.66,-24.66,-24.66,-24.63,-24.6,-24.63,-24.75,-24.48,-24.78,-24.48,-24.72,-24.78,-24.57,-24.35,-24.44,-24.84,-24.23,-24.63,-24.11,-24.54,-24.14,-24.32,-24.2,-23.93,-24.26,-23.99,-24.08,-24.32,-24.02,-23.93,-24.26,-24.14,-23.71,-23.68,-23.86,-23.86,-23.77,-23.59,-23.38,-23.35,-23.35,-23.38,-23.35,-23.28,-23.35,-23.47,-23.65,-23.83,-23.83,-23.56,-24.05,-23.83,-23.77,-24.11,-24.32,-24.23,-23.86,-24.26,-24.05,-24.29,-24.11,-24.41,-24.05,-24.48,-24.23,-24.26,-24.41,-24.08,-24.29,-24.54,-23.99,-24.2,-24.51,-24.35,-24.2,-24.54,-24.84,-24.99,-24.78,-24.69,-24.6,-24.54,-24.6,-24.69,-24.75,-24.75,-24.78,-24.78,-24.84,-25.12,-25.15,-25.12,-25.36,-25.54,-25.33,-25.05,-25.3,-25.63,-25.3,-25.42,-25.57,-25.39,-25.33,-25.36,-25.09,-25.6,-25.02,-25.42,-25.3,-24.84,-25.27,-25.12,-24.84,-25.05,-25.05,-24.81,-24.63,-24.87,-25.05,-25.02,-24.9,-24.81,-24.72,-24.69,-24.66,-24.63,-24.6,-24.63,-24.72,-24.9,-25.02,-25.21,-24.99,-25.12,-25.02,-25.27,-25.33,-25.09,-24.93,-25.18,-25.15,-24.78,-25.15,-24.63,-24.9,-24.54,-24.66,-24.66,-24.35,-24.78,-24.48,-24.32,-24.66,-24.48,-24.23,-24.6,-24.6,-24.29,-24.23,-24.54,-24.54,-24.54,-24.38,-24.23,-24.14,-24.11,-24.17,-24.26,-24.23,-24.26,-24.17,-24.2,-24.38,-24.32,-24.02,-24.32,-24.02,-23.96,-24.23,-24.32,-24.29,-24.05,-24.51,-24.11,-24.35,-24.11,-24.44,-24.05,-24.44,-24.14,-24.17,-24.35,-24.02,-24.35,-24.32,-23.9,-24.14,-24.29,-24.05,-23.86,-24.02,-24.2,-24.14,-23.93,-23.74,-23.77,-23.83,-23.96,-24.02,-24.08,-24.11,-24.02,-23.96,-23.96,-24.08,-24.11,-24.26,-24.44,-24.57,-24.29,-24.23,-24.54,-24.63,-24.32,-24.6,-24.51,-24.75,-24.69,-24.96,-24.66,-25.18,-24.81,-24.96,-25.15,-24.81,-25.09,-25.27,-24.84,-24.93,-25.09,-24.99,-24.6,-24.51,-24.84,-25.09,-25.05,-24.99,-24.87,-24.84,-24.81,-24.72,-24.87,-24.93,-25.02,-25.18,-25.24,-25.27,-25.24,-24.81,-25.15,-25.05,-24.72,-24.69,-24.9,-24.96,-24.54,-24.99,-24.66,-24.81,-24.41,-24.81,-24.48,-24.81,-24.72,-24.29,-24.72,-24.54,-24.41,-24.75,-24.54,-24.29,-24.63,-24.72,-24.6,-24.23,-24.44,-24.75,-24.93,-25.12,-25.05,-25.12,-25.12,-25.24,-25.24,-25.27,-25.33,-25.45,-25.27,-25.24,-25.45,-24.99,-25.36,-25.42,-25.18,-25.02,-25.21,-25.33,-24.93,-25.3,-25.05,-25.48,-25.12,-25.54,-25.24,-25.39,-25.54,-25.24,-25.6,-25.48,-25.12,-25.48,-25.45,-24.87,-24.96,-25.3,-25.24,-24.96,-24.78,-24.78,-24.93,-25.24,-25.39,-25.42,-25.39,-25.45,-25.45,-25.42,-25.27,-25.12,-24.99,-24.96,-25.36,-25.09,-25.42,-25.42,-25.24,-25.09,-25.36,-25.3,-24.99,-25.33,-24.87,-25.15,-24.75,-24.93,-24.81,-24.54,-24.87,-24.32,-24.57,-24.72,-24.32,-24.26,-24.63,-24.51,-24.23,-24.14,-24.38,-24.48,-24.38,-24.14,-24.02,-23.83,-23.9,-23.93,-23.99,-23.9,-23.77,-23.59,-23.68,-23.9,-24.05,-23.93,-23.99,-23.96,-24.17,-24.14,-23.93,-23.8,-24.05,-24.05,-23.86,-24.11,-23.8,-24.11,-23.96,-23.83,-24.14,-23.77,-24.17,-24.14,-23.8,-24.17,-23.99,-23.56,-23.86,-23.99,-23.93,-23.59,-23.65,-23.93,-24.02,-23.86,-23.68,-23.38,-23.44,-23.41,-23.35,-23.47,-23.44,-23.47,-23.74,-23.74,-23.77,-23.62,-23.5,-23.53,-23.8,-23.77,-23.56,-23.41,-23.71,-23.71,-23.77,-23.86,-23.8,-23.77,-23.96,-23.68,-24.14,-23.93,-24.08,-24.23,-23.86,-24.05,-24.35,-24.08,-24.11,-24.63,-24.63,-24.48,-24.35,-24.44,-24.63,-24.81,-24.9,-24.87,-24.93,-24.93,-24.84,-24.84,-24.81,-24.87,-24.78,-24.69,-24.72,-24.9,-24.63,-24.9,-25.05,-25.09,-24.84,-24.72,-25.05,-24.81,-24.99,-25.02,-25.18,-24.99,-25.45,-24.96,-25.36,-25.36,-25.02,-25.33,-25.15,-24.84,-25.21,-25.05,-24.75,-24.87,-25.12,-25.12,-24.87,-24.72,-24.84,-25.05,-25.18,-25.21,-25.36,-25.33,-25.3,-25.39,-25.45,-25.36,-25.21,-25.09,-25.09,-25.42,-24.96,-25.09,-25.27,-25.3,-25.05,-24.87,-25.21,-24.87,-25.15,-24.81,-25.05,-24.63,-25.09,-24.87,-24.96,-25.15,-24.75,-25.15,-25.24,-24.84,-25.15,-25.27,-25.02,-24.81,-25.12,-25.21,-25.18,-25.05,-24.87,-24.9,-24.87,-25.05,-25.09,-25.18,-25.24,-25.15,-25.09,-25.12,-25.24,-25.3,-25.21,-25.67,-25.18,-25.3,-25.6,-25.57,-25.39,-25.27,-25.7,-25.21,-25.76,-25.36,-25.79,-25.42,-25.88,-25.73,-25.73,-25.97,-25.57,-25.88,-25.97,-25.51,-25.6,-25.88,-25.63,-25.33,-25.36,-25.7,-25.82,-25.76,-25.57,-25.39,-25.33,-25.33,-25.36,-25.42,-25.48,-25.57,-25.63,-25.85,-26.03,-26.0,-25.73,-26.15,-25.7,-25.7,-26.0,-26.09,-26.0,-25.7,-26.0,-25.63,-25.91,-25.3,-25.76,-25.33,-25.54,-25.36,-25.27,-25.57,-25.18,-25.27,-25.6,-25.3,-25.24,-25.7,-25.73,-25.45,-25.45,-25.79,-26.03,-26.06,-25.97,-25.85,-25.82,-25.76,-25.76,-25.85,-25.88,-26.03,-26.12,-26.18,-26.12,-26.06,-25.76,-26.12,-25.88,-25.76,-25.97,-26.21,-26.15,-25.79,-26.18,-25.79,-26.21,-25.82,-26.25,-25.76,-25.97,-25.94,-25.67,-26.0,-25.73,-25.57,-25.97,-25.79,-25.42,-25.79,-25.79,-25.54,-25.36,-25.42,-25.63,-25.76,-25.88,-25.97,-25.97,-25.85,-25.85,-25.82,-25.85,-25.85,-25.76,-25.73,-25.67,-25.76,-25.33,-25.67,-25.45,-25.24,-25.36,-25.67,-25.76,-25.3,-25.79,-25.3,-25.7,-25.18,-25.67,-25.3,-25.51,-25.51,-24.96,-25.33,-25.21,-24.87,-25.3,-25.3,-24.96,-25.09,-25.36,-25.39,-25.18,-25.02,-25.12,-25.33,-25.51,-25.57,-25.6,-25.67,-25.73,-25.7,-25.6,-25.48,-25.42,-25.24,-25.09,-25.45,-25.09,-25.42,-25.36,-25.15,-25.09,-25.39,-25.54,-25.12,-25.57,-25.21,-25.67,-25.21,-25.51,-25.36,-25.27,-25.48,-25.09,-25.42,-25.45,-25.18,-25.39,-25.6,-25.18,-25.02,-25.39,-25.45,-25.3,-25.18,-25.15,-25.21,-25.33,-25.54,-25.51,-25.6,-25.57,-25.45,-25.24,-25.12,-24.84,-24.9,-24.78,-25.24,-24.87,-25.24,-25.39,-25.3,-25.02,-25.24,-25.54,-25.09,-25.42,-24.93,-25.27,-24.81,-25.27,-25.02,-25.05,-25.27,-24.84,-25.24,-25.27,-24.93,-25.33,-25.48,-25.24,-25.15,-25.42,-25.54,-25.42,-25.15,-24.99,-24.96,-25.09,-25.05,-24.96,-24.93,-24.93,-24.87,-24.84,-24.81,-24.84,-24.87,-24.84,-25.21,-24.75,-24.9,-25.05,-25.02,-24.81,-24.69,-25.12,-24.75,-25.21,-24.69,-25.21,-24.63,-25.02,-24.75,-24.78,-25.05,-24.54,-24.84,-24.78,-24.38,-24.66,-24.93,-24.66,-24.38,-24.69,-24.93,-24.9,-24.72,-24.57,-24.38,-24.57,-24.54,-24.57,-24.51,-24.6,-24.54,-24.54,-24.54,-24.75,-24.75,-24.69,-25.12,-24.99,-24.84,-25.02,-25.18,-25.09,-24.75,-25.18,-24.96,-25.12,-24.69,-25.05,-24.63,-25.12,-24.9,-24.99,-25.18,-24.69,-25.02,-25.21,-24.81,-25.09,-25.27,-25.24,-24.78,-25.09,-25.36,-25.48,-25.45,-25.39,-25.39,-25.27,-25.33,-25.33,-25.36,-25.42,-25.36,-25.63,-25.82,-26.03,-26.03,-25.76,-26.34,-26.18,-25.91,-26.09,-26.43,-26.4,-26.12,-26.43,-26.03,-26.4,-26.09,-26.61,-26.25,-26.52,-26.67,-26.25,-26.67,-26.4,-26.28,-26.76,-26.89,-26.52,-26.73,-26.95,-26.98,-26.7,-26.43,-26.55,-26.67,-26.73,-26.82,-26.76,-26.76,-26.64,-26.73,-26.7,-26.67,-26.55,-26.34,-26.25,-26.34,-26.58,-26.34,-26.12,-26.43,-26.52,-26.46,-26.18,-26.4,-26.25,-26.18,-26.03,-26.12,-25.91,-26.31,-25.76,-26.12,-26.03,-25.67,-26.0,-25.88,-25.63,-25.97,-26.06,-25.76,-25.82,-26.21,-26.31,-26.21,-26.03,-25.91,-25.85,-25.97,-26.06,-26.18,-26.18,-26.21,-26.18,-26.12,-26.12,-26.31,-26.4,-26.34,-26.7,-26.43,-26.15,-26.58,-26.76,-26.79,-26.46,-26.92,-26.58,-26.89,-26.7,-27.07,-26.61,-27.01,-26.82,-26.76,-27.22,-26.64,-26.82,-26.89,-26.49,-26.49,-26.79,-26.67,-26.46,-26.49,-26.82,-26.89,-26.76,-26.61,-26.46,-26.28,-26.21,-26.18,-26.09,-26.12,-26.25,-26.28,-26.31,-26.46,-26.4,-26.0,-26.28,-25.85,-25.73,-25.97,-26.06,-25.82,-25.63,-25.94,-25.48,-25.91,-25.36,-25.82,-25.6,-25.6,-25.79,-25.3,-25.6,-25.48,-25.24,-25.57,-25.48,-25.24,-25.36,-25.63,-25.57,-25.36,-25.21,-25.33,-25.42,-25.51,-25.57,-25.48,-25.33,-25.36,-25.36,-25.33,-25.27,-25.12,-25.02,-24.87,-25.12,-25.12,-25.05,-24.78,-25.02,-25.27,-25.24,-24.84,-25.12,-24.96,-24.93,-25.05,-25.02,-24.84,-25.12,-24.72,-24.99,-25.09,-24.81,-25.15,-25.05,-24.81,-25.09,-25.21,-24.81,-24.78,-24.9,-24.99,-24.96,-24.78,-24.78,-24.69,-24.75,-24.69,-24.75,-24.72,-24.75,-24.6,-24.6,-24.6,-24.66,-24.66,-24.38,-24.75,-24.35,-24.51,-24.69,-24.84,-24.6,-24.57,-24.93,-24.57,-24.9,-24.44,-24.81,-24.51,-24.72,-24.87,-24.63,-25.05,-24.9,-24.66,-25.05,-24.81,-24.44,-24.66,-24.99,-24.78,-24.54,-24.63,-24.9,-25.09,-25.15,-25.05,-25.12,-24.99,-25.02,-25.12,-25.27,-25.36,-25.39,-25.42,-25.24,-25.3,-25.33,-24.99,-25.12,-25.48,-25.45,-25.27,-25.18,-25.54,-25.27,-25.33,-25.24,-25.33,-24.99,-25.27,-24.9,-25.36,-25.36,-25.05,-25.51,-25.45,-25.21,-25.7,-25.85,-25.63,-25.63,-26.06,-26.25,-26.21,-26.06,-25.94,-26.03,-26.03,-26.21,-26.31,-26.28,-26.21,-26.15,-25.97,-25.88,-25.94,-26.12,-25.97,-26.37,-26.09,-26.52,-26.61,-26.52,-26.25,-26.46,-26.61,-26.25,-26.64,-26.25,-26.64,-26.31,-26.43,-26.64,-26.34,-26.61,-26.37,-26.15,-26.55,-26.43,-26.09,-26.49,-26.67,-26.43,-26.18,-26.31,-26.46,-26.67,-26.67,-26.52,-26.4,-26.31,-26.28,-26.15,-26.12,-26.09,-26.21,-26.43,-26.52,-26.49,-26.46,-26.18,-26.43,-26.55,-26.43,-26.21,-26.37,-26.67,-26.28,-26.43,-26.43,-26.49,-26.25,-26.55,-26.25,-26.73,-26.61,-26.34,-26.7,-26.49,-26.37,-26.67,-26.64,-26.37,-26.52,-26.76,-26.64,-26.4,-26.37,-26.55,-26.82,-27.01,-27.07,-27.13,-27.25,-27.19,-27.22,-27.19,-27.1,-26.98,-26.76,-26.86,-27.19,-26.82,-27.16,-27.19,-26.89,-26.82,-27.04,-27.22,-26.76,-27.19,-26.7,-27.01,-26.58,-26.92,-26.82,-26.64,-26.95,-26.55,-26.7,-26.89,-26.55,-26.67,-26.86,-26.67,-26.4,-26.61,-26.82,-26.79,-26.7,-26.43,-26.34,-26.4,-26.4,-26.4,-26.46,-26.43,-26.37,-26.28,-26.15,-26.28,-26.21,-26.15,-26.31,-26.25,-26.31,-26.25,-26.03,-26.0,-26.34,-26.15,-26.0,-26.15,-25.79,-26.12,-25.97,-26.03,-26.25,-25.88,-26.34,-26.18,-26.03,-26.49,-26.43,-26.09,-26.46,-26.61,-26.34,-26.15,-26.28,-26.49,-26.43,-26.4,-26.12,-26.0,-26.0,-25.91,-25.85,-25.79,-25.88,-26.06,-26.28,-26.34,-26.4,-26.15,-26.03,-25.97,-26.34,-26.4,-26.25,-26.21,-26.46,-26.37,-26.4,-26.49,-26.43,-26.4,-26.58,-26.34,-26.79,-26.52,-26.58,-26.82,-26.46,-26.67,-26.95,-26.64,-26.64,-27.01,-27.13,-26.95,-26.73,-26.7,-26.92,-26.95,-27.16,-27.07,-27.13,-27.16,-27.19,-27.25,-27.25,-27.22,-27.04,-26.86,-26.86,-26.95,-26.46,-26.86,-26.98,-26.73,-26.46,-26.64,-26.79,-26.4,-26.73,-26.37,-26.7,-26.25,-26.58,-26.21,-26.49,-26.52,-25.97,-26.4,-26.31,-26.0,-26.37,-26.4,-26.09,-26.06,-26.34,-26.46,-26.34,-26.09,-26.03,-26.21,-26.25,-26.37,-26.4,-26.4,-26.37,-26.31,-26.28,-26.21,-26.03,-25.97,-26.0,-26.46,-26.03,-26.43,-26.49,-26.37,-26.06,-26.21,-26.43,-25.88,-26.4,-25.88,-26.28,-25.91,-26.12,-25.97,-25.82,-26.21,-25.94,-25.88,-26.31,-25.91,-25.85,-26.18,-26.09,-25.79,-25.82,-26.06,-26.06,-26.03,-25.79,-25.73,-25.6,-25.6,-25.57,-25.57,-25.6,-25.48,-25.6,-25.79,-25.91,-26.03,-25.85,-25.79,-25.63,-25.94,-25.88,-25.67,-25.45,-25.82,-25.67,-25.6,-25.79,-25.7,-25.76,-25.73,-25.36,-25.85,-25.33,-25.48,-25.7,-25.15,-25.51,-25.54,-25.18,-25.21,-25.51,-25.51,-25.21,-25.09,-25.18,-25.39,-25.48,-25.48,-25.48,-25.48,-25.45,-25.57,-25.6,-25.79,-25.85,-25.85,-25.57,-25.73,-25.73,-25.3,-25.54,-25.7,-25.48,-25.21,-25.15,-25.48,-25.18,-25.54,-25.3,-25.51,-25.15,-25.54,-25.21,-25.36,-25.51,-25.12,-25.51,-25.42,-25.18,-25.54,-25.6,-25.18,-25.18,-25.36,-25.42,-25.21,-24.96,-24.93,-24.93,-25.05,-25.15,-25.18,-25.21,-25.24,-25.24,-25.18,-24.96,-24.93,-24.99,-24.96,-25.36,-25.02,-25.3,-25.27,-25.09,-24.81,-25.15,-25.3,-24.87,-25.3,-24.96,-25.39,-25.09,-25.3,-25.27,-24.93,-25.42,-25.15,-25.18,-25.48,-25.3,-25.33,-25.7,-25.6,-25.27,-25.27,-25.48,-25.7,-25.67,-25.54,-25.36,-25.39,-25.42,-25.42,-25.39,-25.36,-25.33,-25.3,-25.36,-25.39,-25.45,-25.24,-25.42,-25.21,-25.54,-25.6,-25.3,-25.12,-25.51,-25.42,-25.15,-25.51,-25.21,-25.45,-25.48,-25.36,-25.54,-25.24,-25.57,-25.63,-25.24,-25.67,-25.7,-25.42,-25.63,-25.85,-25.82,-25.63,-25.63,-25.82,-25.97,-26.0,-25.97,-25.85,-25.76,-25.67,-25.76,-25.82,-25.82,-25.97,-26.0,-25.91,-25.94,-25.94,-25.6,-25.79,-25.88,-25.91,-25.45,-25.27,-25.54,-25.33,-25.36,-25.48,-25.54,-25.36,-25.45,-25.09,-25.51,-25.21,-25.18,-25.57,-25.18,-25.24,-25.48,-25.24,-25.09,-25.36,-25.54,-25.33,-25.02,-25.09,-25.27,-25.45,-25.48,-25.54,-25.48,-25.51,-25.51,-25.6,-25.73,-25.63,-25.57,-25.42,-25.45,-25.57,-25.33,-25.27,-25.54,-25.79,-25.57,-25.3,-25.73,-25.54,-25.63,-25.7,-25.67,-25.54,-25.82,-25.54,-26.0,-25.82,-25.63,-26.06,-25.73,-25.73,-26.12,-26.0,-25.79,-26.15,-26.37,-26.37,-26.12,-26.0,-26.03,-26.25,-26.31,-26.4,-26.4,-26.4,-26.37,-26.37,-26.31,-26.25,-26.09,-25.94,-26.03,-26.21,-26.09,-25.91,-26.03,-26.18,-26.06,-25.79,-26.03,-25.91,-25.97,-26.0,-26.12,-25.79,-26.15,-25.73,-26.12,-26.0,-25.73,-26.15,-26.06,-25.7,-26.03,-26.0,-25.57,-25.48,-25.88,-25.94,-25.91,-25.79,-25.6,-25.57,-25.67,-25.73,-25.76,-25.85,-25.73,-25.7,-25.57,-25.54,-25.63,-25.6,-25.45,-25.88,-25.6,-25.45,-25.76,-25.97,-25.94,-25.6,-26.06,-25.76,-26.0,-25.76,-26.0,-25.67,-26.09,-25.7,-26.0,-26.12,-25.7,-25.94,-25.91,-25.48,-25.63,-25.85,-25.6,-25.36,-25.6,-25.79,-25.67,-25.45,-25.33,-25.39,-25.18,-25.24,-25.3,-25.3,-25.27,-25.3,-25.39,-25.6,-25.7,-25.6,-25.39,-25.82,-25.76,-25.54,-25.7,-26.03,-26.21,-25.79,-26.15,-25.85,-26.18,-25.85,-26.31,-25.76,-26.15,-26.03,-25.91,-26.31,-25.94,-26.06,-26.34,-26.09,-26.03,-26.37,-26.49,-26.28,-26.09,-26.34,-26.58,-26.67,-26.7,-26.61,-26.64,-26.61,-26.58,-26.52,-26.67,-26.79,-26.89,-26.92,-26.92,-26.89,-26.61,-27.07,-26.82,-26.7,-26.86,-27.1,-27.04,-26.76,-27.13,-26.67,-27.01,-26.64,-27.01,-26.7,-26.86,-27.01,-26.64,-27.04,-26.89,-26.61,-26.95,-27.01,-26.64,-26.73,-27.04,-26.95,-26.7,-26.55,-26.64,-26.89,-27.04,-26.98,-26.95,-26.92,-26.98,-26.92,-26.82,-26.76,-26.64,-26.46,-26.43,-26.61,-26.25,-26.55,-26.31,-26.06,-26.18,-26.37,-26.25,-26.03,-26.43,-25.97,-26.49,-26.15,-26.43,-26.28,-26.18,-26.52,-26.21,-26.21,-26.31,-25.97,-26.06,-26.21,-25.97,-25.67,-25.82,-25.97,-25.82,-25.67,-25.45,-25.45,-25.48,-25.67,-25.6,-25.6,-25.63,-25.54,-25.36,-25.21,-25.05,-24.93,-25.02,-25.3,-25.18,-25.39,-25.33,-25.02,-25.15,-25.51,-25.36,-25.18,-25.42,-24.99,-25.36,-25.18,-25.21,-25.48,-25.02,-25.45,-25.24,-25.12,-25.54,-25.42,-25.33,-25.63,-25.67,-25.39,-25.42,-25.73,-25.88,-25.73,-25.54,-25.57,-25.27,-25.3,-25.3,-25.33,-25.42,-25.48,-25.51,-25.6,-25.85,-26.03,-25.91,-26.06,-26.09,-26.21,-26.18,-25.82,-25.85,-26.25,-26.09,-26.03,-26.18,-26.09,-26.21,-26.15,-25.82,-26.15,-25.82,-26.12,-26.15,-25.79,-26.18,-26.25,-25.97,-26.15,-26.34,-26.18,-25.85,-25.91,-26.18,-26.28,-26.31,-26.25,-26.06,-26.06,-26.12,-26.15,-26.25,-26.37,-26.37,-26.64,-26.61,-26.61,-26.52,-26.12,-26.43,-26.61,-26.4,-26.12,-26.31,-26.58,-26.15,-26.43,-26.25,-26.43,-26.18,-26.58,-26.21,-26.55,-26.34,-26.12,-26.55,-26.28,-26.31,-26.67,-26.46,-26.12,-26.4,-26.58,-26.37,-26.03,-26.03,-26.31,-26.43,-26.49,-26.64,-26.43,-26.4,-26.4,-26.34,-26.18,-26.18,-26.03,-25.79,-25.82,-25.91,-25.45,-25.63,-25.79,-25.67,-25.42,-25.54,-25.79,-25.39,-25.73,-25.33,-25.76,-25.33,-25.7,-25.45,-25.54,-25.7,-25.27,-25.6,-25.7,-25.27,-25.6,-25.76,-25.51,-25.39,-25.6,-25.85,-25.85,-25.7,-25.54,-25.63,-25.7,-25.97,-26.0,-26.0,-26.09,-26.12,-25.91,-25.88,-25.97,-26.03,-26.06,-26.37,-26.15,-26.4,-26.43,-26.28,-26.15,-26.34,-26.37,-26.0,-26.37,-25.97,-26.15,-25.91,-25.97,-26.18,-25.85,-26.31,-26.25,-25.94,-26.34,-26.15,-25.91,-26.31,-26.43,-26.37,-26.06,-26.25,-26.55,-26.7,-26.73,-26.64,-26.58,-26.49,-26.55,-26.52,-26.58,-26.7,-26.82,-27.01,-27.1,-27.1,-27.01,-26.73,-26.82,-27.07,-27.01,-26.67,-26.61,-26.95,-26.67,-26.73,-26.89,-26.82,-26.7,-26.95,-26.67,-27.07,-26.73,-26.79,-27.19,-26.79,-27.07,-27.31,-26.95,-26.89,-27.25,-27.19,-26.95,-26.7,-26.79,-27.01,-27.16,-27.19,-27.07,-27.01,-26.86,-26.92,-26.89,-26.92,-26.98,-26.95,-26.76,-26.73,-26.73,-26.4,-26.64,-26.98,-26.86,-26.55,-26.55,-26.92,-26.58,-26.73,-26.67,-26.82,-26.58,-26.98,-26.55,-26.92,-26.89,-26.61,-27.01,-26.76,-26.52,-26.95,-26.95,-26.61,-26.61,-27.01,-26.98,-26.73,-26.55,-26.55,-26.64,-26.7,-26.7,-26.73,-26.67,-26.58,-26.52,-26.58,-26.31,-26.18,-26.15,-26.15,-26.58,-26.18,-26.46,-26.46,-26.37,-26.09,-26.37,-26.52,-26.15,-26.61,-26.12,-26.55,-26.18,-26.25,-26.18,-25.88,-26.18,-25.85,-25.7,-26.03,-25.82,-25.45,-25.82,-25.82,-25.51,-25.27,-25.39,-25.57,-25.6,-25.63,-25.48,-25.39,-25.45,-25.36,-25.36,-25.42,-25.48,-25.67,-25.63,-25.7,-25.6,-25.51,-25.21,-25.48,-25.63,-25.36,-25.24,-25.36,-25.57,-25.18,-25.45,-25.15,-25.39,-25.09,-25.45,-25.02,-25.36,-25.24,-25.05,-25.36,-25.05,-24.93,-25.3,-25.15,-24.87,-24.99,-25.33,-25.21,-24.96,-24.93,-25.09,-25.39,-25.51,-25.57,-25.57,-25.67,-25.67,-25.54,-25.63,-25.6,-25.45,-25.24,-25.24,-25.63,-25.39,-25.73,-25.63,-25.3,-25.36,-25.63,-25.57,-25.3,-25.67,-25.27,-25.76,-25.54,-25.67,-25.76,-25.48,-25.88,-25.6,-25.57,-26.03,-25.82,-25.63,-26.06,-26.15,-25.82,-25.7,-26.06,-26.25,-26.34,-26.25,-26.12,-26.03,-26.12,-26.15,-26.15,-26.28,-26.34,-26.49,-26.7,-26.92,-27.01,-27.07,-26.76,-27.13,-26.92,-26.64,-26.92,-27.22,-27.22,-26.89,-27.31,-26.95,-27.22,-26.82,-27.25,-26.86,-27.1,-26.98,-26.61,-27.07,-26.79,-26.52,-26.92,-26.7,-26.4,-26.58,-26.82,-26.7,-26.43,-26.31,-26.4,-26.58,-26.64,-26.7,-26.73,-26.79,-26.76,-26.76,-26.7,-26.61,-26.52,-26.31,-26.28,-26.4,-26.31,-26.34,-25.97,-26.0,-26.18,-26.25,-25.91,-26.06,-26.15,-26.25,-26.21,-26.25,-26.06,-26.34,-25.91,-26.34,-26.28,-25.91,-26.49,-26.37,-26.03,-26.49,-26.52,-26.15,-26.09,-26.43,-26.64,-26.61,-26.46,-26.25,-26.21,-26.37,-26.46,-26.49,-26.46,-26.31,-26.28,-26.28,-26.37,-26.49,-26.46,-26.25,-26.67,-26.21,-26.28,-26.4,-26.46,-26.21,-26.09,-26.49,-26.0,-26.34,-25.85,-26.21,-25.73,-26.03,-25.97,-25.76,-26.25,-25.88,-25.79,-26.15,-25.88,-25.57,-25.91,-26.12,-25.85,-25.67,-25.85,-26.18,-26.31,-26.25,-26.31,-26.21,-26.09,-26.18,-26.31,-26.31,-26.28,-26.46,-26.52,-26.49,-26.49,-26.21,-26.37,-26.15,-26.4,-26.55,-26.64,-26.4,-26.52,-26.67,-26.37,-26.79,-26.43,-26.58,-26.52,-26.37,-26.76,-26.43,-26.55,-26.7,-26.34,-26.58,-26.73,-26.46,-26.4,-26.73,-26.76,-26.52,-26.25,-26.28,-26.55,-26.76,-26.79,-26.79,-26.7,-26.61,-26.61,-26.64,-26.67,-26.55,-26.43,-26.15,-26.37,-26.46,-26.46,-26.09,-26.28,-26.43,-26.52,-26.18,-26.37,-26.52,-26.34,-26.49,-26.28,-26.15,-26.37,-26.06,-26.46,-26.31,-26.03,-26.46,-26.28,-26.09,-26.52,-26.46,-26.06,-26.15,-26.49,-26.46,-26.25,-26.09,-25.91,-25.79,-25.82,-25.91,-25.97,-25.97,-25.94,-25.85,-25.76,-25.85,-25.91,-25.97,-25.85,-26.28,-25.97,-25.94,-26.09,-26.25,-26.06,-25.79,-26.28,-25.97,-26.25,-25.88,-26.28,-25.76,-26.18,-25.94,-25.76,-26.18,-25.73,-25.7,-26.06,-25.67,-25.51,-25.76,-25.79,-25.48,-25.36,-25.51,-25.82,-25.82,-25.63,-25.54,-25.42,-25.3,-25.24,-25.33,-25.3,-25.42,-25.6,-25.73,-25.79,-25.63,-25.42,-25.54,-25.3,-25.45,-25.73,-25.6,-25.3,-25.51,-25.54,-25.3,-25.67,-25.42,-25.57,-25.6,-25.45,-26.0,-25.54,-25.67,-25.79,-25.36,-25.63,-26.0,-25.63,-25.48,-25.82,-25.97,-25.91,-25.6,-25.48,-25.51,-25.63,-25.76,-25.79,-25.76,-25.73,-25.79,-25.73,-25.57,-25.36,-25.3,-25.36,-25.24,-25.79,-25.39,-25.79,-25.91,-25.79,-25.57,-25.88,-26.06,-25.63,-26.03,-25.73,-26.03,-26.06,-25.63,-25.97,-26.0,-25.76,-25.7,-26.12,-26.03,-25.97,-25.88,-26.25,-26.18,-25.97,-25.85,-25.91,-26.06,-26.25,-26.28,-26.31,-26.34,-26.4,-26.43,-26.49,-26.46,-26.52,-26.43,-26.03,-26.03,-26.0,-25.88,-26.28,-25.91,-25.97,-26.18,-26.03,-25.73,-26.06,-25.88,-26.09,-26.09,-26.25,-25.94,-26.4,-26.28,-26.25,-26.61,-26.25,-26.18,-26.52,-26.43,-26.09,-26.49,-26.43,-25.97,-26.31,-26.49,-26.31,-26.21,-26.43,-26.67,-26.61,-26.61,-26.49,-26.46,-26.43,-26.46,-26.37,-26.43,-26.37,-26.31,-26.21,-26.06,-25.94,-25.79,-25.91,-26.09,-25.97,-25.6,-25.88,-25.88,-25.73,-26.03,-25.82,-25.94,-25.91,-25.63,-26.03,-25.57,-25.76,-25.88,-25.48,-25.63,-25.88,-25.54,-25.48,-25.73,-25.7,-25.42,-24.99,-25.12,-25.3,-25.42,-25.42,-25.45,-25.42,-25.39,-25.33,-25.36,-25.24,-25.15,-24.93,-24.69,-24.81,-24.96,-24.81,-24.69,-25.02,-25.18,-25.12,-24.81,-25.21,-25.33,-25.21,-25.39,-25.33,-25.27,-25.42,-25.09,-25.51,-25.3,-25.3,-25.7,-25.39,-25.39,-25.67,-25.42,-25.18,-25.42,-25.67,-25.48,-25.21,-25.18,-25.42,-25.57,-25.6,-25.67,-25.76,-25.63,-25.57,-25.48,-25.51,-25.48,-25.33,-25.27,-25.6,-25.54,-25.76,-25.48,-25.42,-25.7,-25.88,-25.73,-25.57,-25.91,-25.6,-26.12,-25.82,-26.21,-26.09,-26.03,-26.43,-26.09,-26.4,-26.55,-26.18,-26.52,-26.7,-26.4,-26.4,-26.64,-26.76,-26.64,-26.46,-26.4,-26.43,-26.61,-26.79,-26.89,-26.98,-26.89,-27.07,-27.07,-27.01,-26.89,-26.76,-26.76,-27.13,-26.76,-27.1,-27.01,-26.73,-26.67,-27.07,-27.07,-26.73,-27.07,-26.73,-27.1,-26.61,-27.04,-26.86,-26.79,-27.07,-26.64,-26.89,-26.98,-26.52,-26.86,-27.01,-26.76,-26.58,-26.98,-27.19,-27.1,-26.89,-26.64,-26.79,-26.89,-26.95,-26.89,-26.89,-26.82,-26.73,-26.76,-26.58,-26.49,-26.49,-26.49,-26.86,-26.43,-26.73,-26.86,-26.79,-26.43,-26.61,-26.86,-26.4,-26.92,-26.34,-26.86,-26.4,-26.86,-26.58,-26.52,-26.76,-26.43,-26.73,-26.89,-26.64,-26.7,-27.04,-26.82,-26.58,-26.82,-27.13,-27.19,-27.04,-26.89,-26.92,-26.89,-26.95,-26.98,-27.04,-26.98,-26.95,-26.79,-26.79,-26.82,-26.95,-26.73,-27.22,-26.79,-26.79,-27.1,-27.19,-26.86,-26.73,-27.07,-26.76,-26.98,-26.67,-26.89,-26.55,-26.92,-26.67,-26.76,-26.98,-26.49,-26.89,-26.79,-26.34,-26.61,-26.82,-26.64,-26.37,-26.7,-26.86,-26.82,-26.76,-26.55,-26.43,-26.4,-26.55,-26.61,-26.61,-26.58,-26.55,-26.46,-26.43,-26.61,-26.49,-26.25,-26.55,-26.46,-26.21,-26.31,-26.55,-26.46,-25.97,-26.28,-26.15,-26.28,-26.06,-26.31,-25.88,-26.37,-25.97,-26.03,-26.4,-26.09,-26.28,-26.34,-25.97,-26.18,-26.64,-26.28,-25.97,-25.97,-26.31,-26.46,-26.37,-26.15,-26.06,-25.88,-25.85,-25.85,-25.85,-25.82,-25.94,-26.21,-26.25,-26.34,-26.31,-26.06,-26.46,-26.34,-26.12,-26.09,-26.4,-26.52,-26.09,-26.49,-26.31,-26.43,-26.15,-26.46,-26.09,-26.49,-26.25,-26.31,-26.58,-26.18,-26.46,-26.61,-26.18,-26.21,-26.43,-26.37,-26.12,-26.09,-26.46,-26.64,-26.58,-26.49,-26.34,-26.31,-26.25,-26.25,-26.31,-26.37,-26.28,-26.46,-26.49,-26.61,-26.49,-26.21,-26.52,-26.64,-26.4,-26.06,-26.28,-26.52,-26.28,-26.4,-26.37,-26.43,-26.37,-26.61,-26.21,-26.58,-26.31,-26.31,-26.46,-26.06,-26.25,-26.4,-26.03,-26.06,-26.4,-26.31,-26.0,-25.85,-26.03,-26.21,-26.18,-26.15,-26.15,-26.12,-26.12,-26.09,-26.18,-26.15,-26.21,-26.18,-26.12,-26.03,-25.97,-25.63,-25.79,-26.12,-25.88,-25.73,-25.51,-25.91,-25.73,-25.63,-25.79,-25.67,-25.82,-25.85,-25.51,-26.12,-25.73,-25.88,-26.03,-25.6,-25.82,-25.97,-25.63,-25.7,-26.06,-26.03,-25.79,-25.67,-25.97,-26.18,-26.4,-26.28,-26.28,-26.18,-26.09,-26.25,-26.31,-26.43,-26.49,-26.55,-26.61,-26.67,-26.52,-26.73,-26.4,-26.52,-26.86,-27.07,-26.82,-26.7,-27.1,-26.73,-27.04,-26.67,-27.07,-26.86,-27.01,-27.07,-26.7,-27.13,-26.95,-26.7,-27.01,-26.76,-26.52,-26.79,-26.92,-26.76,-26.37,-26.52,-26.73,-26.86,-26.79,-26.89,-26.79,-26.73,-26.76,-26.73,-26.82,-26.92,-27.1,-27.16,-27.07,-26.95,-26.52,-26.79,-26.76,-26.61,-26.46,-26.7,-26.95,-26.61,-26.92,-26.79,-26.98,-26.73,-27.16,-26.67,-27.19,-26.98,-26.92,-27.25,-26.92,-27.07,-27.37,-27.07,-26.89,-27.19,-27.22,-27.04,-26.89,-27.1,-27.28,-27.37,-27.31,-27.28,-27.25,-27.16,-27.25,-27.16,-27.22,-27.22,-27.31,-27.22,-27.04,-26.92,-26.64,-26.86,-27.04,-27.01,-26.73,-26.58,-26.89,-26.61,-31.74,-33.17,-34.48,-35.64,-36.8,-37.41,-38.76,-39.09,-39.98,-40.83,-41.11,-41.84,-42.63,-42.94,-43.18,-44.04,-44.56,-44.74,-44.98,-45.5,-46.17,-46.72,-47.03,-47.36,-47.73,-48.16,-48.52,-48.83,-49.22,-49.5,-49.77,-49.99,-50.38,-50.75,-50.72,-50.99,-51.51,-51.85,-51.97,-51.97,-52.55,-52.61,-52.89,-53.19,-53.38,-53.44,-53.99,-53.77,-54.44,-54.44,-54.57,-55.11,-55.02,-55.24,-55.73,-55.69,-55.6,-56.12,-56.52,-56.55,-56.49,-56.61,-56.95,-57.31,-57.46,-57.68,-57.86,-58.04,-58.2,-58.38,-58.53,-58.62,-58.56,-58.62,-59.05,-59.08,-59.39,-59.11,-59.27,-59.66,-59.94,-59.81,-59.94,-60.33,-60.0,-60.61,-60.36,-60.76,-60.82,-60.82,-61.25,-60.88,-61.31,-61.49,-61.22,-61.61,-61.92,-61.86,-61.74,-62.19,-62.35,-62.29,-62.13,-62.26,-62.62,-62.84,-62.99,-63.17,-63.32,-63.35,-63.42,-63.48,-63.66,-63.66,-63.63,-63.6,-63.87,-63.54,-63.93,-64.12,-64.03,-64.0,-64.06,-64.54,-64.39,-64.39,-64.58,-64.39,-64.76,-64.67,-64.79,-64.91,-64.7,-65.12,-64.85,-65.09,-65.31,-64.97,-65.28,-65.58,-65.22,-65.37,-65.73,-65.8,-65.61,-65.52,-65.55,-65.92,-66.13,-66.19,-66.19,-66.25,-66.25,-66.28,-66.44,-66.53,-66.56,-66.68,-66.31,-66.77,-66.56,-66.47,-66.53,-66.77,-67.02,-66.77,-66.8,-67.11,-66.83,-67.32,-66.93,-67.38,-66.99,-67.35,-67.35,-67.32,-67.5,-67.17,-67.6,-67.47,-67.23,-67.63,-67.63,-67.35,-67.6,-67.87,-67.78,-67.6,-67.5,-67.72,-67.9,-68.12,-68.15,-68.15,-68.18,-68.3,-68.36,-68.33,-68.39,-68.36,-67.99,-68.3,-68.45,-68.48,-68.3,-68.15,-68.36,-68.6,-68.3,-68.54,-68.45,-68.42,-68.51,-68.51,-68.48,-68.7,-68.45,-68.88,-68.54,-68.82,-68.97,-68.6,-69.03,-69.03,-68.6,-69.0,-69.18,-69.0,-68.79,-68.82,-69.09,-69.27,-69.37,-69.31,-69.21,-69.21,-69.21,-69.27,-69.34,-69.43,-69.43,-69.09,-69.49,-69.24,-69.15,-69.37,-69.43,-69.67,-69.49,-69.27,-69.73,-69.52,-69.76,-69.58,-69.73,-69.58,-69.89,-69.49,-69.98,-69.58,-69.95,-69.85,-69.61,-70.04,-69.92,-69.61,-69.98,-70.04,-69.7,-69.73,-70.07,-70.19,-70.16,-70.04,-69.89,-69.79,-69.82,-69.82,-69.79,-69.79,-69.89,-69.92,-69.89,-70.37,-69.95,-70.16,-70.43,-70.4,-70.31,-70.04,-70.19,-70.47,-70.16,-70.37,-70.19,-70.25,-70.13,-70.34,-70.1,-70.47,-70.04,-70.47,-70.22,-70.28,-70.53,-70.13,-70.37,-70.62,-70.31,-70.19,-70.56,-70.62,-70.4,-70.25,-70.25,-70.43,-70.59,-70.68,-70.77,-70.77,-70.77,-70.77,-70.77,-70.77,-70.71,-70.28,-70.68,-70.71,-70.62,-70.5,-70.37,-70.59,-70.77,-70.37,-70.77,-70.68,-70.68,-70.77,-70.74,-70.68,-70.77,-70.53,-70.89,-70.53,-70.83,-70.8,-70.53,-70.8,-70.83,-70.5,-70.77,-70.95,-70.71,-70.5,-70.62,-70.86,-70.95,-70.95,-70.89,-70.83,-70.74,-70.71,-70.77,-70.77,-70.83,-70.77,-70.56,-71.04,-70.74,-70.53,-70.62,-70.8,-70.95,-70.95,-70.59,-70.92,-70.8,-70.74,-70.89,-70.77,-70.83,-70.77,-70.77,-71.01,-70.59,-71.04,-70.65,-70.83,-70.98,-70.59,-70.89,-71.04,-70.8,-70.71,-71.01,-71.17,-70.95,-70.77,-70.68,-70.74,-70.83,-71.01,-71.08,-71.14,-71.08,-71.11,-71.01,-71.11,-71.14,-71.04,-70.83,-70.95,-71.17,-71.26,-71.17,-70.89,-71.11,-71.2,-70.98,-71.44,-70.98,-71.38,-71.08,-71.44,-71.23,-71.2,-71.32,-71.08,-71.47,-71.2,-71.17,-71.53,-71.14,-71.01,-71.35,-71.38,-71.2,-71.01,-71.2,-71.44,-71.53,-71.47,-71.44,-71.38,-71.32,-71.41,-71.32,-71.38,-71.47,-71.23,-71.29,-71.17,-71.44,-71.5,-71.5,-71.26,-71.17,-71.44,-71.5,-71.14,-71.5,-71.08,-71.47,-71.11,-71.53,-71.11,-71.35,-71.32,-71.2,-71.5,-71.08,-71.41,-71.44,-71.08,-71.41,-71.5,-71.26,-71.26,-71.44,-71.62,-71.53,-71.38,-71.2,-71.11,-71.14,-71.23,-71.29,-71.2,-71.11,-71.04,-71.08,-71.38,-71.26,-71.56,-71.35,-71.17,-71.11,-71.26,-71.56,-71.38,-71.23,-71.56,-71.17,-71.66,-71.2,-71.59,-71.2,-71.72,-71.23,-71.44,-71.5,-71.2,-71.59,-71.38,-71.23,-71.66,-71.41,-71.2,-71.47,-71.62,-71.44,-71.17,-71.17,-71.32,-71.59,-71.66,-71.56,-71.62,-71.62,-71.66,-71.62,-71.69,-71.62,-71.26,-71.56,-71.29,-71.2,-71.29,-71.5,-71.59,-71.35,-71.14,-71.56,-71.11,-71.44,-71.23,-71.56,-71.17,-71.5,-71.29,-71.59,-71.26,-71.5,-71.53,-71.17,-71.56,-71.41,-71.14,-71.47,-71.59,-71.26,-71.17,-71.44,-71.62,-71.59,-71.38,-71.29,-71.17,-71.14,-71.17,-71.23,-71.14,-71.14,-71.17,-71.26,-71.66,-71.32,-71.38,-71.5,-71.66,-71.66,-71.5,-71.17,-71.53,-71.44,-71.59,-71.56,-71.47,-71.5,-71.56,-71.38,-71.66,-71.26,-71.62,-71.32,-71.44,-71.59,-71.17,-71.56,-71.56,-71.35,-71.14,-71.53,-71.53,-71.44,-71.11,-71.17,-71.29,-71.44,-71.5,-71.59,-71.59,-71.66,-71.62,-71.56,-71.62,-71.62,-71.17,-71.38,-71.59,-71.66,-71.5,-71.32,-71.26,-71.62,-71.32,-71.44,-71.47,-71.23,-71.53,-71.23,-71.32,-71.26,-71.2,-71.47,-70.98,-71.41,-71.2,-71.17,-71.5,-71.26,-71.2,-71.5,-71.38,-71.04,-71.14,-71.44,-71.5,-71.41,-71.2,-71.11,-71.01,-70.95,-70.98,-71.04,-70.95,-71.08,-71.01,-71.23,-71.14,-71.44,-71.47,-71.35,-71.08,-71.01,-71.32,-71.35,-71.08,-71.5,-71.14,-71.53,-71.14,-71.56,-71.08,-71.59,-71.29,-71.5,-71.47,-71.2,-71.66,-71.32,-71.32,-71.59,-71.44,-71.14,-71.41,-71.62,-71.5,-71.32,-71.2,-71.38,-71.44,-71.66,-71.66,-71.62,-71.72,-71.72,-71.69,-71.66,-71.66,-71.29,-71.66,-71.56,-71.41,-71.32,-71.32,-71.56,-71.72,-71.29,-71.62,-71.44,-71.38,-71.35,-71.38,-71.44,-71.53,-71.35,-71.59,-71.14,-71.53,-71.35,-71.23,-71.59,-71.29,-71.2,-71.5,-71.47,-71.08,-71.17,-71.47,-71.53,-71.5,-71.23,-71.11,-71.08,-71.11,-71.11,-71.11,-71.08,-71.08,-71.11,-71.29,-71.32,-71.53,-71.17,-71.04,-71.04,-71.29,-71.5,-71.32,-71.2,-71.44,-71.11,-71.62,-71.14,-71.56,-71.17,-71.59,-71.17,-71.41,-71.32,-71.11,-71.44,-71.2,-71.08,-71.44,-71.2,-71.08,-71.38,-71.44,-71.23,-70.98,-71.14,-71.35,-71.47,-71.44,-71.5,-71.41,-71.41,-71.38,-71.5,-71.5,-71.44,-71.08,-71.53,-71.23,-71.14,-71.11,-71.26,-71.41,-71.44,-71.08,-71.41,-71.23,-71.23,-71.35,-71.2,-71.32,-71.2,-71.11,-71.35,-71.01,-71.32,-70.98,-71.23,-71.41,-71.11,-71.26,-71.5,-71.17,-71.11,-71.44,-71.59,-71.32,-71.17,-71.08,-71.14,-71.32,-71.44,-71.47,-71.53,-71.41,-71.41,-71.35,-71.5,-71.32,-71.41,-71.23,-70.98,-71.2,-71.38,-71.5,-71.35,-71.17,-71.47,-71.2,-71.59,-71.23,-71.59,-71.23,-71.56,-71.14,-71.56,-71.23,-71.41,-71.56,-71.14,-71.69,-71.56,-71.14,-71.53,-71.62,-71.32,-71.11,-71.41,-71.59,-71.69,-71.53,-71.41,-71.29,-71.2,-71.2,-71.14,-71.23,-71.23,-71.29,-71.29,-71.59,-71.47,-71.26,-71.32,-71.53,-71.62,-71.66,-71.32,-71.53,-71.56,-71.26,-71.53,-71.26,-71.5,-71.32,-71.41,-71.32,-71.17,-71.53,-71.11,-71.44,-71.41,-71.11,-71.47,-71.41,-71.14,-71.29,-71.5,-71.44,-71.2,-71.08,-71.32,-71.53,-71.59,-71.59,-71.66,-71.56,-71.62,-71.59,-71.62,-71.62,-71.32,-71.53,-71.17,-71.29,-71.41,-71.59,-71.62,-71.38,-71.23,-71.66,-71.23,-71.56,-71.32,-71.53,-71.26,-71.66,-71.32,-71.69,-71.32,-71.53,-71.62,-71.2,-71.56,-71.47,-71.2,-71.5,-71.66,-71.29,-71.17,-71.41,-71.59,-71.5,-71.41,-71.23,-71.17,-71.11,-71.14,-71.17,-71.17,-71.01,-71.17,-71.26,-71.56,-71.14,-71.29,-71.47,-71.56,-71.56,-71.32,-71.17,-71.56,-71.35,-71.38,-71.38,-71.32,-71.44,-71.35,-71.32,-71.5,-71.2,-71.59,-71.17,-71.47,-71.47,-71.11,-71.47,-71.59,-71.2,-71.32,-71.56,-71.5,-71.23,-71.11,-71.32,-71.5,-71.62,-71.66,-71.62,-71.56,-71.59,-71.53,-71.53,-71.56,-71.44,-71.2,-71.32,-71.5,-71.56,-71.47,-71.2,-71.17,-71.44
Sweep_20,290.0,-67.35,-67.72,-67.23,-67.69,-67.29,-67.72,-67.29,-67.63,-67.5,-67.47,-67.63,-67.29,-67.66,-67.54,-67.32,-67.66,-67.63,-67.35,-67.47,-67.66,-67.72,-67.5,-67.29,-67.14,-67.23,-67.35,-67.35,-67.47,-67.47,-67.44,-67.29,-67.35,-67.69,-67.26,-67.47,-67.6,-67.54,-67.57,-67.38,-67.23,-67.6,-67.44,-67.44,-67.72,-67.32,-67.69,-67.29,-67.66,-67.5,-67.54,-67.69,-67.26,-67.69,-67.38,-67.41,-67.69,-67.32,-67.41,-67.69,-67.54,-67.26,-67.41,-67.57,-67.66,-67.47,-67.41,-67.2,-67.17,-67.17,-67.11,-67.14,-67.17,-67.14,-67.26,-67.66,-67.17,-67.32,-67.54,-67.63,-67.57,-67.44,-67.2,-67.54,-67.41,-67.29,-67.41,-67.2,-67.5,-67.29,-67.41,-67.47,-67.32,-67.54,-67.11,-67.5,-67.38,-67.11,-67.5,-67.32,-67.11,-67.47,-67.57,-67.29,-67.08,-67.29,-67.57,-67.63,-67.57,-67.57,-67.41,-67.23,-67.32,-67.35,-67.32,-67.35,-67.14,-67.54,-67.05,-67.2,-67.41,-67.5,-67.57,-67.44,-67.17,-67.6,-67.26,-67.41,-67.44,-67.38,-67.41,-67.38,-67.35,-67.5,-67.17,-67.6,-67.2,-67.44,-67.5,-67.14,-67.44,-67.44,-67.11,-67.35,-67.54,-67.41,-66.99,-67.05,-67.29,-67.44,-67.5,-67.54,-67.47,-67.57,-67.5,-67.5,-67.5,-67.47,-67.11,-67.44,-67.11,-67.08,-67.29,-67.38,-67.5,-67.29,-67.08,-67.35,-67.08,-67.26,-67.2,-67.29,-67.17,-67.32,-67.08,-67.35,-66.96,-67.41,-67.08,-67.08,-67.35,-66.96,-67.2,-67.38,-67.14,-66.96,-67.29,-67.47,-67.26,-67.05,-66.93,-67.11,-67.17,-67.29,-67.41,-67.35,-67.38,-67.35,-67.29,-67.35,-67.14,-67.26,-66.93,-66.99,-67.11,-67.26,-67.32,-67.11,-66.96,-67.32,-66.83,-67.41,-67.02,-67.32,-66.93,-67.41,-66.93,-67.35,-67.08,-67.2,-67.32,-66.89,-67.29,-67.14,-66.86,-67.35,-67.29,-66.93,-66.86,-67.2,-67.29,-67.2,-67.02,-66.86,-66.8,-66.86,-66.8,-66.96,-66.86,-66.89,-66.86,-67.11,-67.26,-67.14,-66.89,-66.96,-67.08,-67.23,-67.29,-67.02,-67.11,-67.26,-66.83,-67.17,-66.99,-67.23,-66.74,-67.17,-66.83,-67.14,-67.05,-66.86,-67.2,-66.8,-67.02,-67.2,-66.83,-66.93,-67.2,-67.08,-66.77,-66.86,-67.11,-67.17,-67.23,-67.17,-67.08,-67.02,-66.99,-66.96,-67.02,-67.05,-67.05,-66.77,-67.26,-67.08,-66.86,-66.83,-66.96,-67.17,-67.2,-66.93,-67.05,-67.26,-66.96,-67.38,-66.86,-67.26,-66.96,-67.32,-67.11,-67.17,-67.26,-66.93,-67.35,-67.08,-67.05,-67.29,-67.05,-66.96,-67.32,-67.29,-66.99,-66.89,-67.14,-67.26,-67.35,-67.29,-67.2,-67.14,-67.17,-67.11,-67.08,-67.2,-67.08,-66.89,-67.26,-67.17,-67.11,-66.89,-66.86,-67.05,-67.29,-66.99,-67.17,-67.17,-66.89,-67.08,-66.99,-67.08,-66.99,-66.93,-67.17,-66.8,-67.23,-67.02,-66.93,-67.26,-66.96,-66.93,-67.23,-67.17,-66.83,-67.05,-67.2,-67.32,-67.11,-66.96,-66.83,-66.89,-66.83,-66.89,-66.99,-66.96,-66.89,-66.93,-67.02,-67.23,-67.14,-66.93,-66.99,-67.14,-67.29,-67.32,-67.02,-67.2,-67.38,-67.05,-67.47,-67.05,-67.44,-67.11,-67.38,-67.29,-67.14,-67.44,-67.02,-67.44,-67.41,-67.02,-67.41,-67.32,-66.96,-67.2,-67.47,-67.32,-66.99,-66.96,-67.14,-67.32,-67.44,-67.41,-67.47,-67.44,-67.44,-67.41,-67.44,-67.41,-67.32,-67.17,-67.11,-67.32,-67.44,-67.41,-67.32,-67.02,-67.32,-67.38,-67.02,-67.38,-66.96,-67.44,-67.05,-67.41,-66.99,-67.29,-67.26,-67.05,-67.41,-67.02,-67.26,-67.32,-67.02,-67.11,-67.38,-67.26,-66.99,-67.02,-67.32,-67.35,-67.35,-67.23,-67.14,-67.05,-67.02,-67.02,-67.05,-67.08,-67.05,-67.02,-67.26,-67.2,-67.41,-67.41,-67.2,-67.11,-67.05,-67.32,-67.41,-66.99,-67.44,-67.11,-67.47,-67.05,-67.47,-67.11,-67.5,-67.17,-67.32,-67.38,-67.05,-67.44,-67.2,-67.05,-67.44,-67.26,-67.02,-67.35,-67.44,-67.35,-67.05,-66.99,-67.11,-67.26,-67.38,-67.41,-67.38,-67.41,-67.41,-67.41,-67.47,-67.47,-67.11,-67.41,-67.29,-67.14,-67.05,-67.17,-67.35,-67.38,-66.99,-67.38,-67.05,-67.2,-67.02,-67.35,-66.99,-67.41,-66.86,-67.38,-67.11,-67.14,-67.35,-66.99,-67.32,-67.38,-66.99,-67.2,-67.41,-67.29,-67.02,-67.05,-67.32,-67.47,-67.44,-67.35,-67.23,-67.32,-67.2,-67.26,-67.32,-67.32,-67.29,-66.99,-67.23,-66.96,-67.02,-67.26,-67.32,-67.41,-67.26,-67.08,-67.41,-67.05,-67.26,-67.26,-67.35,-67.26,-67.38,-67.11,-67.44,-67.05,-67.41,-67.23,-67.14,-67.44,-67.08,-67.08,-67.41,-67.26,-66.96,-67.14,-67.35,-67.32,-67.2,-67.02,-66.89,-66.99,-67.17,-67.2,-67.14,-67.17,-67.14,-67.05,-67.14,-67.35,-66.96,-67.05,-67.29,-67.32,-67.17,-67.08,-66.83,-67.35,-67.11,-67.11,-67.11,-66.96,-67.2,-67.14,-67.08,-67.17,-66.86,-67.26,-66.89,-67.11,-67.2,-66.77,-67.2,-67.23,-66.86,-67.02,-67.29,-67.29,-66.96,-66.89,-67.02,-67.2,-67.38,-67.35,-67.35,-67.32,-67.32,-67.29,-67.38,-67.35,-67.14,-66.96,-67.26,-67.32,-67.2,-67.02,-66.96,-67.14,-67.35,-67.02,-67.2,-67.32,-67.2,-67.32,-67.11,-67.26,-67.29,-67.17,-67.29,-66.99,-67.41,-67.14,-67.11,-67.41,-67.11,-67.11,-67.47,-67.26,-66.99,-67.08,-67.38,-67.41,-67.32,-67.14,-66.89,-66.96,-66.86,-66.99,-66.96,-66.93,-66.93,-66.93,-67.08,-67.29,-67.23,-66.96,-66.93,-66.99,-67.2,-67.32,-66.96,-67.17,-67.23,-66.89,-67.23,-66.86,-67.26,-66.96,-67.23,-67.11,-67.02,-67.29,-66.86,-67.26,-67.29,-66.86,-67.23,-67.29,-66.93,-66.96,-67.29,-67.26,-67.11,-66.89,-66.96,-67.02,-67.17,-67.26,-67.2,-67.26,-67.26,-67.29,-67.23,-67.23,-67.2,-67.02,-66.99,-67.14,-67.23,-67.29,-67.14,-66.86,-67.32,-67.17,-67.02,-67.35,-66.99,-67.29,-67.02,-67.32,-67.2,-67.11,-67.38,-66.93,-67.35,-67.26,-67.02,-67.38,-67.29,-66.93,-67.23,-67.38,-67.17,-66.93,-67.02,-67.23,-67.35,-67.44,-67.32,-67.32,-67.35,-67.23,-67.26,-67.32,-67.35,-67.23,-66.96,-67.29,-67.35,-67.17,-67.05,-66.96,-67.14,-67.41,-67.14,-67.17,-67.29,-66.99,-67.29,-67.02,-67.29,-67.14,-67.14,-67.26,-66.96,-67.35,-67.05,-67.11,-67.32,-67.02,-67.14,-67.44,-67.23,-66.93,-67.05,-67.41,-67.35,-67.2,-67.11,-66.99,-66.96,-66.96,-66.99,-66.89,-66.93,-66.86,-66.93,-67.11,-67.32,-67.23,-66.99,-66.96,-67.08,-67.26,-67.35,-67.05,-67.17,-67.35,-67.05,-67.44,-67.02,-67.44,-67.14,-67.38,-67.26,-67.17,-67.41,-67.02,-67.41,-67.35,-67.05,-67.44,-67.32,-66.99,-67.23,-67.41,-67.41,-67.08,-66.99,-67.05,-67.23,-67.41,-67.38,-67.38,-67.47,-67.38,-67.41,-67.41,-67.41,-67.23,-67.17,-66.99,-67.14,-67.29,-67.41,-67.35,-66.99,-67.2,-67.38,-66.93,-67.29,-66.89,-67.47,-66.93,-67.47,-67.05,-67.23,-67.26,-67.02,-67.44,-67.02,-67.17,-67.47,-67.05,-67.14,-67.47,-67.35,-67.08,-67.08,-67.38,-67.5,-67.47,-67.44,-67.29,-67.17,-67.14,-67.08,-67.08,-67.11,-67.17,-67.08,-67.32,-67.17,-67.47,-67.47,-67.44,-67.29,-67.11,-67.32,-67.44,-67.05,-67.57,-67.17,-67.6,-67.14,-67.57,-67.11,-67.6,-67.26,-67.38,-67.5,-67.14,-67.5,-67.35,-67.23,-67.54,-67.5,-67.17,-67.32,-67.54,-67.54,-67.32,-67.11,-67.11,-67.14,-67.32,-67.32,-67.44,-67.47,-67.41,-67.32,-67.32,-67.5,-67.14,-67.5,-67.29,-67.2,-67.08,-67.11,-67.41,-67.5,-67.02,-67.44,-67.08,-67.23,-67.08,-67.38,-67.02,-67.38,-66.96,-67.47,-67.14,-67.2,-67.44,-67.05,-67.26,-67.38,-67.08,-67.2,-67.41,-67.29,-67.17,-67.08,-67.35,-67.5,-67.47,-67.41,-67.41,-67.32,-67.32,-67.23,-67.32,-67.35,-67.32,-67.11,-67.44,-67.29,-67.08,-67.14,-67.32,-67.41,-67.41,-67.02,-67.41,-67.2,-67.35,-67.38,-67.29,-67.35,-67.35,-67.2,-67.5,-67.05,-67.47,-67.26,-67.2,-67.5,-67.14,-67.23,-67.5,-67.29,-67.11,-67.32,-67.5,-67.44,-67.23,-67.08,-67.08,-67.14,-67.29,-67.38,-67.32,-67.35,-67.26,-67.2,-67.35,-67.44,-67.23,-67.08,-67.32,-67.47,-67.47,-67.41,-67.05,-67.32,-67.44,-61.28,-59.97,-58.04,-57.1,-55.73,-54.66,-53.74,-52.31,-51.82,-50.78,-49.62,-49.1,-48.25,-47.03,-46.26,-45.65,-44.74,-43.64,-42.51,-41.44,-39.18,-14.71,31.56,44.59,35.37,19.84,4.27,-12.18,-28.14,-39.18,-45.5,-49.01,-51.15,-51.57,-51.7,-51.79,-51.48,-50.9,-49.93,-49.32,-48.71,-47.61,-47.21,-46.14,-45.68,-44.8,-44.01,-43.61,-42.48,-42.08,-41.38,-40.37,-40.13,-39.34,-38.36,-37.99,-37.45,-36.62,-35.71,-35.22,-34.82,-34.21,-33.42,-32.26,-25.82,-13.28,4.15,22.86,29.72,26.15,17.52,7.05,-4.43,-16.11,-25.88,-33.63,-38.18,-41.05,-43.09,-44.46,-45.17,-45.26,-45.78,-45.14,-45.32,-44.46,-44.4,-43.58,-43.33,-42.82,-41.93,-41.81,-40.99,-40.34,-40.07,-39.31,-38.64,-38.64,-38.21,-37.45,-36.77,-36.47,-36.29,-35.74,-35.34,-34.76,-34.24,-33.75,-33.36,-32.84,-32.35,-31.95,-31.46,-30.88,-30.27,-29.33,-28.93,-27.44,-23.19,-15.63,-7.93,2.04,13.31,20.81,23.8,21.67,17.27,10.5,3.11,-4.73,-13.4,-20.84,-26.67,-31.65,-34.97,-36.99,-38.82,-40.04,-40.47,-40.77,-41.35,-41.5,-41.26,-40.8,-40.59,-40.44,-40.31,-40.04,-39.64,-39.28,-38.79,-38.39,-37.99,-37.48,-37.05,-36.56,-36.32,-35.98,-35.34,-34.82,-34.61,-34.3,-33.94,-33.2,-32.93,-32.75,-32.07,-31.98,-31.13,-31.16,-30.55,-30.24,-29.91,-29.05,-29.14,-28.44,-28.05,-27.92,-27.19,-26.67,-26.58,-26.09,-25.24,-24.72,-24.44,-24.26,-23.96,-23.62,-23.13,-22.64,-22.06,-21.58,-21.12,-20.69,-20.26,-19.87,-19.78,-19.71,-19.32,-19.13,-18.65,-18.31,-17.67,-16.72,-15.59,-14.4,-13.06,-10.83,-8.3,-3.3,1.19,6.44,10.56,13.79,15.87,15.72,14.25,12.05,8.39,3.66,-1.68,-7.17,-12.79,-18.16,-22.8,-26.31,-29.02,-31.07,-32.56,-33.91,-35.06,-35.98,-36.59,-36.96,-37.23,-37.32,-37.23,-36.96,-36.87,-36.77,-36.96,-36.59,-36.68,-36.41,-35.92,-35.61,-35.64,-35.46,-34.85,-35.03,-34.33,-34.42,-33.84,-34.09,-33.36,-33.39,-33.02,-32.35,-32.5,-31.98,-31.46,-31.49,-30.94,-30.36,-30.27,-29.97,-29.45,-28.81,-28.66,-28.63,-28.38,-28.11,-27.65,-27.34,-26.98,-26.58,-26.25,-25.94,-25.76,-25.45,-24.9,-24.54,-23.56,-23.35,-22.8,-22.25,-22.0,-21.61,-21.12,-20.36,-20.29,-19.5,-19.65,-18.77,-18.68,-17.76,-17.4,-16.48,-15.26,-14.43,-12.57,-10.38,-7.63,-3.48,0.24,3.3,6.29,9.34,11.72,13.28,13.79,13.31,11.72,9.49,6.5,2.81,-1.1,-5.19,-9.43,-13.52,-17.21,-20.39,-23.13,-25.21,-26.73,-28.56,-29.97,-30.88,-31.59,-32.35,-33.2,-33.54,-33.87,-34.42,-34.24,-34.64,-34.58,-34.52,-34.67,-34.12,-34.45,-34.09,-33.78,-34.03,-33.6,-33.2,-33.36,-33.17,-32.62,-32.44,-32.53,-32.5,-32.23,-31.83,-31.43,-31.07,-31.01,-30.82,-30.55,-30.33,-30.06,-29.85,-29.54,-29.42,-29.11,-28.9,-28.87,-28.53,-27.95,-27.77,-27.8,-27.8,-27.16,-27.1,-27.01,-26.52,-26.52,-26.09,-25.88,-25.6,-24.99,-25.18,-24.54,-24.41,-24.48,-23.83,-23.71,-23.74,-23.32,-22.86,-22.95,-22.86,-22.49,-22.09,-21.7,-21.61,-21.58,-21.33,-21.21,-21.09,-20.87,-20.69,-20.48,-20.14,-19.65,-19.2,-19.2,-19.2,-18.52,-18.49,-18.65,-18.34,-17.88,-17.49,-17.46,-16.82,-16.54,-16.2,-15.81,-15.5,-15.47,-14.8,-14.98,-14.34,-14.1,-14.16,-13.52,-13.4,-13.15,-12.51,-12.3,-12.51,-12.24,-11.87,-11.47,-11.51,-11.63,-11.6,-11.29,-10.93,-10.71,-10.47,-10.5,-10.31,-10.31,-10.41,-10.22,-9.98,-10.07,-10.01,-10.35,-10.28,-10.44,-10.99,-11.66,-11.99,-12.08,-12.91,-13.0,-14.04,-14.1,-15.14,-15.35,-16.08,-16.63,-16.91,-18.01,-18.43,-18.74,-19.78,-20.08,-20.2,-21.0,-21.55,-21.73,-21.82,-22.19,-22.61,-23.01,-23.28,-23.47,-23.62,-23.74,-23.99,-24.05,-24.2,-24.32,-24.44,-24.51,-24.6,-24.72,-24.38,-24.54,-24.81,-24.81,-24.57,-24.44,-24.84,-24.6,-24.48,-24.72,-24.35,-24.54,-24.57,-24.29,-24.6,-24.14,-24.41,-24.38,-23.9,-24.14,-24.02,-23.53,-23.8,-23.9,-23.5,-23.1,-23.16,-23.38,-23.35,-23.07,-22.86,-22.58,-22.4,-22.22,-22.31,-22.19,-22.16,-22.16,-22.19,-22.25,-22.16,-21.67,-21.88,-21.55,-21.42,-21.61,-21.73,-21.7,-21.36,-21.67,-21.18,-21.55,-21.3,-21.58,-21.0,-21.51,-21.21,-21.18,-21.55,-21.18,-21.45,-21.61,-21.33,-21.36,-21.58,-21.45,-21.15,-21.18,-21.27,-21.27,-21.18,-20.9,-20.72,-20.6,-20.51,-20.39,-20.36,-20.29,-20.29,-20.39,-20.54,-20.57,-20.42,-20.29,-20.48,-20.6,-20.39,-20.17,-20.29,-20.63,-20.48,-20.29,-20.45,-20.08,-20.36,-20.08,-19.99,-20.26,-19.81,-20.14,-19.99,-19.93,-20.02,-19.71,-19.5,-19.99,-20.02,-19.74,-19.68,-19.96,-20.02,-19.84,-19.53,-19.26,-19.1,-19.17,-19.17,-19.23,-19.07,-18.95,-18.92,-18.95,-19.13,-19.29,-19.29,-19.74,-19.44,-19.44,-19.62,-19.87,-19.87,-19.5,-19.87,-19.71,-19.84,-19.78,-19.93,-19.53,-19.96,-19.5,-19.87,-19.84,-19.53,-20.02,-19.81,-19.53,-19.96,-19.9,-19.56,-19.65,-19.93,-19.9,-19.74,-19.53,-19.38,-19.38,-19.47,-19.41,-19.44,-19.41,-19.35,-19.23,-19.07,-19.13,-19.07,-19.01,-19.2,-19.2,-19.32,-19.2,-19.01,-19.1,-19.44,-19.59,-19.38,-19.84,-19.47,-19.93,-19.62,-20.05,-20.11,-19.9,-20.29,-19.84,-20.11,-20.29,-19.9,-20.26,-20.57,-20.32,-20.26,-20.63,-20.75,-20.63,-20.39,-20.42,-20.51,-20.78,-20.84,-20.87,-21.03,-20.97,-21.0,-20.94,-20.75,-20.57,-20.54,-20.66,-20.87,-20.75,-20.57,-20.81,-20.94,-20.97,-20.72,-20.97,-21.09,-20.84,-21.24,-21.0,-21.24,-21.3,-21.09,-21.51,-21.15,-21.39,-21.45,-21.12,-21.51,-21.67,-21.45,-21.45,-21.79,-21.79,-21.48,-21.3,-21.33,-21.45,-21.58,-21.42,-21.36,-21.45,-21.51,-21.48,-21.61,-21.55,-21.61,-21.55,-21.48,-21.42,-21.03,-21.33,-21.36,-21.12,-20.84,-20.9,-21.21,-20.87,-21.0,-20.87,-20.69,-20.78,-20.9,-20.57,-21.0,-20.51,-20.78,-20.72,-20.45,-20.78,-20.6,-20.17,-20.45,-20.51,-20.2,-20.02,-20.32,-20.51,-20.57,-20.51,-20.32,-20.14,-20.02,-19.9,-19.93,-19.84,-19.68,-19.65,-19.71,-19.93,-19.93,-19.62,-20.08,-19.99,-19.81,-19.93,-20.14,-20.14,-19.87,-19.99,-19.84,-19.84,-19.9,-19.96,-19.59,-19.99,-19.56,-19.87,-19.93,-19.53,-20.05,-19.99,-19.81,-20.17,-20.14,-19.84,-19.84,-20.11,-20.23,-20.26,-20.14,-19.96,-19.9,-19.9,-19.96,-20.08,-20.05,-19.96,-19.93,-19.87,-19.87,-19.93,-19.99,-20.45,-20.17,-20.48,-20.66,-20.51,-20.23,-20.39,-20.72,-20.23,-20.69,-20.26,-20.57,-20.02,-20.42,-20.05,-20.11,-20.17,-19.74,-20.14,-19.96,-19.78,-20.11,-20.11,-19.74,-19.96,-20.14,-20.23,-19.99,-19.84,-19.9,-20.08,-20.11,-20.08,-20.14,-20.05,-20.05,-20.05,-20.02,-19.93,-19.74,-19.65,-20.05,-19.87,-20.11,-19.81,-19.71,-19.84,-20.05,-19.99,-19.71,-20.14,-19.74,-20.17,-19.74,-20.11,-19.93,-19.99,-20.17,-19.9,-20.39,-20.29,-19.96,-20.29,-20.26,-19.87,-19.84,-20.23,-20.32,-20.11,-19.9,-19.87,-20.17,-20.36,-20.45,-20.57,-20.6,-20.72,-20.72,-20.75,-20.81,-20.84,-20.78,-20.78,-21.03,-20.57,-20.9,-21.09,-21.0,-20.81,-20.84,-21.21,-20.97,-21.12,-21.0,-21.24,-21.06,-21.36,-21.03,-21.36,-21.15,-21.18,-21.58,-21.21,-21.39,-21.7,-21.33,-21.33,-21.7,-21.79,-21.58,-21.51,-21.58,-21.82,-21.88,-21.94,-21.91,-21.73,-21.85,-21.73,-21.79,-21.85,-21.88,-22.03,-22.03,-22.13,-21.7,-22.06,-21.76,-21.51,-21.64,-21.76,-21.7,-21.51,-21.91,-21.61,-22.13,-21.76,-22.09,-21.64,-21.91,-21.79,-21.55,-21.94,-21.48,-21.58,-21.85,-21.58,-21.51,-21.88,-21.76,-21.45,-21.58,-21.67,-21.85,-21.73,-21.61,-21.45,-21.24,-21.18,-21.0,-21.15,-21.15,-21.15,-21.24,-21.27,-21.36,-21.15,-21.09,-21.0,-21.3,-21.33,-21.06,-20.97,-21.36,-21.42,-21.06,-21.51,-20.97,-21.36,-21.06,-21.21,-21.12,-20.75,-21.12,-20.75,-20.87,-21.03,-20.51,-20.6,-20.9,-20.69,-20.45,-20.48,-20.69,-20.69,-20.39,-20.14,-20.08,-19.99,-19.93,-19.93,-19.84,-19.84,-19.81,-19.71,-19.68,-19.78,-19.62,-19.65,-19.87,-19.87,-19.53,-19.5,-19.65,-19.65,-19.5,-19.5,-19.62,-19.32,-19.59,-19.56,-19.32,-19.65,-19.17,-19.59,-19.32,-19.17,-19.47,-19.1,-18.98,-19.2,-19.1,-18.71,-18.89,-18.95,-18.68,-18.62,-18.46,-18.49,-18.55,-18.74,-18.68,-18.59,-18.55,-18.65,-18.55,-18.49,-18.55,-18.49,-18.59,-18.89,-18.71,-19.1,-19.01,-18.86,-18.68,-19.07,-19.07,-18.71,-19.1,-18.71,-19.07,-18.92,-18.98,-19.23,-18.83,-19.13,-18.95,-18.77,-19.2,-19.04,-18.86,-19.32,-19.38,-19.17,-19.13,-19.41,-19.5,-19.56,-19.47,-19.26,-19.1,-19.04,-19.01,-19.04,-19.17,-19.13,-19.26,-19.56,-19.68,-19.81,-19.56,-19.53,-19.71,-19.84,-19.71,-19.56,-19.59,-19.96,-19.93,-19.78,-20.08,-19.87,-20.2,-20.02,-19.9,-20.08,-19.56,-19.99,-19.93,-19.68,-20.17,-20.08,-19.84,-20.2,-20.36,-20.2,-20.08,-20.36,-20.66,-20.72,-20.72,-20.63,-20.57,-20.57,-20.54,-20.45,-20.45,-20.45,-20.45,-20.51,-20.78,-20.75,-20.63,-21.15,-20.81,-20.87,-21.18,-21.42,-21.27,-20.94,-21.33,-21.06,-21.21,-20.94,-21.18,-20.87,-21.27,-20.81,-21.09,-20.97,-20.69,-21.09,-21.0,-20.72,-20.94,-21.06,-20.75,-20.81,-21.18,-21.27,-21.03,-20.84,-20.78,-20.78,-21.0,-21.09,-21.24,-21.18,-21.12,-21.06,-20.9,-20.75,-20.72,-20.63,-21.0,-20.69,-21.15,-21.12,-20.9,-20.6,-20.72,-21.0,-20.54,-20.97,-20.6,-21.12,-20.6,-20.84,-20.6,-20.69,-20.81,-20.45,-20.81,-20.66,-20.36,-20.66,-20.75,-20.32,-20.39,-20.72,-20.94,-20.54,-20.29,-20.26,-20.54,-20.63,-20.78,-20.87,-20.9,-20.94,-20.9,-20.87,-20.9,-20.63,-20.63,-20.81,-20.9,-20.75,-20.45,-20.72,-20.97,-21.06,-20.72,-20.81,-20.97,-20.66,-20.84,-20.66,-20.94,-21.0,-20.69,-21.06,-20.72,-20.97,-21.12,-20.75,-21.06,-21.24,-20.84,-20.9,-21.18,-21.18,-21.0,-20.78,-20.87,-21.15,-21.24,-21.36,-21.39,-21.45,-21.45,-21.48,-21.51,-21.58,-21.48,-21.55,-21.48,-21.64,-21.18,-21.48,-21.61,-21.51,-21.27,-21.51,-21.85,-21.48,-21.7,-21.73,-21.97,-21.64,-21.91,-21.45,-21.82,-21.48,-21.51,-21.76,-21.3,-21.51,-21.55,-21.21,-21.15,-21.36,-21.33,-20.9,-20.6,-20.78,-20.87,-20.9,-20.9,-20.84,-20.72,-20.72,-20.63,-20.66,-20.75,-20.81,-20.81,-20.75,-20.72,-20.45,-20.45,-20.08,-20.32,-20.57,-20.66,-20.39,-20.32,-20.63,-20.2,-20.66,-20.17,-20.69,-20.42,-20.6,-20.69,-20.42,-20.84,-20.48,-20.54,-20.84,-20.54,-20.45,-20.87,-20.75,-20.42,-20.36,-20.69,-20.81,-20.84,-20.66,-20.63,-20.48,-20.48,-20.6,-20.57,-20.6,-20.66,-20.94,-21.18,-21.27,-21.27,-21.15,-21.3,-21.64,-21.51,-21.24,-21.24,-21.64,-21.64,-21.55,-21.82,-21.67,-22.06,-21.94,-21.91,-22.03,-21.61,-22.13,-21.85,-21.7,-22.09,-21.7,-21.58,-22.0,-21.94,-21.61,-21.48,-21.76,-21.82,-21.82,-21.7,-21.73,-21.64,-21.58,-21.61,-21.51,-21.51,-21.42,-21.3,-21.33,-21.39,-21.42,-21.15,-21.55,-21.24,-21.18,-21.42,-21.55,-21.39,-20.94,-21.24,-21.0,-21.24,-21.03,-21.12,-20.81,-21.27,-20.81,-21.0,-21.0,-20.57,-21.12,-20.97,-20.72,-21.18,-21.06,-20.81,-20.97,-21.3,-21.36,-21.24,-21.09,-21.03,-21.18,-21.36,-21.45,-21.51,-21.7,-21.58,-21.48,-21.33,-21.12,-21.18,-21.3,-21.58,-21.39,-21.67,-21.51,-21.33,-21.09,-21.33,-21.55,-21.18,-21.64,-21.18,-21.58,-21.21,-21.58,-21.15,-21.3,-21.27,-20.97,-21.51,-21.21,-21.0,-21.51,-21.27,-20.9,-21.24,-21.42,-21.15,-20.87,-20.9,-21.12,-21.15,-21.15,-21.21,-21.18,-21.18,-21.18,-21.06,-21.0,-21.03,-20.84,-20.75,-20.87,-20.69,-20.94,-20.57,-20.63,-20.87,-21.09,-20.87,-20.75,-21.18,-20.66,-21.09,-20.63,-21.09,-20.78,-20.9,-20.94,-20.72,-21.18,-20.9,-20.72,-21.24,-20.9,-20.63,-21.06,-21.21,-21.0,-20.9,-21.03,-21.24,-21.36,-21.27,-21.18,-21.06,-21.0,-21.06,-21.09,-21.09,-21.12,-21.21,-21.3,-21.33,-21.09,-20.81,-20.87,-21.21,-21.21,-21.18,-20.97,-21.27,-21.3,-20.94,-21.42,-21.09,-21.42,-21.21,-21.12,-21.45,-21.09,-21.45,-21.33,-21.03,-21.42,-21.15,-20.9,-21.21,-21.06,-20.72,-20.48,-20.72,-20.97,-20.97,-20.84,-20.81,-20.6,-20.6,-20.54,-20.6,-20.54,-20.63,-20.57,-20.6,-20.78,-20.63,-20.36,-20.84,-20.6,-20.39,-20.57,-20.75,-20.75,-20.32,-20.57,-20.42,-20.42,-20.26,-20.48,-20.32,-20.57,-20.14,-20.51,-20.36,-19.96,-20.45,-20.36,-20.02,-20.45,-20.45,-20.23,-20.26,-20.63,-20.81,-20.54,-20.36,-20.32,-20.23,-20.29,-20.48,-20.42,-20.51,-20.63,-20.6,-20.48,-20.63,-20.69,-20.54,-20.9,-20.54,-20.84,-20.97,-20.9,-20.69,-20.66,-21.06,-20.72,-20.94,-20.66,-21.03,-20.54,-20.97,-20.54,-20.72,-20.69,-20.29,-20.72,-20.45,-20.26,-20.66,-20.66,-20.32,-20.63,-20.81,-20.75,-20.6,-20.51,-20.69,-20.84,-21.0,-21.03,-21.06,-21.09,-21.18,-21.15,-21.24,-21.27,-21.12,-21.03,-21.3,-21.0,-21.33,-21.15,-21.0,-21.12,-21.45,-21.42,-21.06,-21.48,-21.06,-21.3,-20.81,-21.21,-20.69,-21.09,-20.94,-20.9,-21.27,-20.9,-21.06,-21.27,-20.87,-20.9,-21.3,-21.21,-20.94,-20.87,-21.27,-21.36,-21.39,-21.3,-21.09,-21.0,-20.94,-20.9,-20.9,-20.94,-21.06,-21.21,-21.36,-21.33,-20.97,-21.36,-21.03,-21.0,-21.21,-21.39,-21.48,-21.09,-21.55,-21.21,-21.48,-21.21,-21.42,-20.97,-21.36,-20.9,-21.18,-21.18,-20.81,-21.33,-21.06,-20.72,-21.06,-21.03,-20.57,-20.48,-20.69,-20.9,-20.66,-20.48,-20.32,-20.36,-20.54,-20.72,-20.72,-20.69,-20.63,-20.6,-20.54,-20.48,-20.63,-20.48,-20.57,-20.6,-20.78,-20.57,-20.29,-20.45,-20.75,-20.66,-20.66,-21.0,-20.57,-20.78,-20.66,-20.57,-20.69,-20.32,-20.72,-20.54,-20.42,-20.78,-20.51,-20.32,-20.69,-20.78,-20.42,-20.23,-20.11,-20.26,-20.39,-20.51,-20.63,-20.63,-20.66,-20.57,-20.78,-20.81,-20.66,-20.51,-20.36,-20.45,-20.6,-20.48,-20.84,-20.51,-20.9,-20.87,-20.84,-20.69,-21.06,-20.9,-21.03,-21.15,-21.27,-21.0,-21.48,-21.03,-21.24,-21.42,-21.0,-21.3,-21.39,-20.97,-20.97,-21.33,-21.24,-21.0,-20.81,-21.03,-21.33,-21.36,-21.21,-20.97,-21.0,-20.87,-20.84,-20.72,-20.9,-20.87,-20.97,-21.03,-20.97,-21.0,-20.94,-21.24,-21.18,-21.45,-21.42,-21.27,-21.03,-21.24,-21.58,-21.21,-21.48,-21.36,-21.55,-21.42,-21.76,-21.3,-21.7,-21.51,-21.48,-21.64,-21.3,-21.61,-21.61,-21.15,-21.21,-21.45,-21.33,-21.0,-21.0,-21.15,-21.27,-21.3,-21.27,-21.18,-21.09,-21.0,-20.94,-21.03,-21.09,-21.3,-21.51,-21.64,-21.64,-21.3,-21.67,-21.58,-21.3,-21.18,-21.42,-21.7,-21.33,-21.24,-21.3,-21.06,-21.15,-21.0,-20.87,-21.06,-20.66,-21.18,-20.87,-20.81,-21.12,-20.81,-20.75,-21.0,-20.81,-20.63,-20.81,-20.97,-20.9,-20.72,-20.42,-20.66,-20.9,-21.03,-21.18,-21.33,-21.36,-21.36,-21.39,-21.39,-21.18,-21.06,-21.39,-21.48,-21.39,-21.06,-21.03,-21.24,-21.48,-21.33,-21.0,-21.42,-21.03,-21.45,-21.0,-21.39,-20.9,-21.15,-21.15,-20.81,-21.18,-20.94,-20.87,-21.21,-21.03,-20.84,-21.15,-21.18,-20.87,-20.66,-20.97,-21.12,-21.12,-21.09,-21.03,-20.84,-20.84,-20.84,-20.75,-20.75,-20.75,-20.87,-21.0,-21.0,-20.69,-21.21,-20.87,-20.97,-21.24,-21.45,-21.42,-21.09,-21.58,-21.39,-21.58,-21.64,-21.76,-21.55,-21.94,-21.51,-21.97,-21.79,-21.67,-22.13,-21.73,-21.76,-22.16,-22.09,-21.82,-22.16,-22.34,-22.19,-21.91,-21.88,-21.91,-21.97,-22.06,-22.06,-22.19,-22.13,-22.0,-22.09,-22.09,-22.03,-21.94,-22.03,-22.19,-21.88,-21.91,-22.16,-22.16,-22.03,-21.73,-22.03,-22.19,-21.85,-22.16,-21.7,-21.91,-21.85,-21.64,-21.85,-21.3,-21.82,-21.61,-21.36,-21.73,-21.58,-21.33,-21.73,-21.67,-21.42,-21.09,-21.24,-21.33,-21.33,-21.24,-21.03,-21.06,-20.87,-20.78,-20.75,-20.69,-20.72,-20.84,-20.97,-21.03,-20.72,-20.69,-20.69,-21.0,-20.9,-20.63,-20.69,-20.72,-20.66,-20.39,-20.75,-20.32,-20.57,-20.29,-20.39,-20.42,-20.05,-20.45,-20.05,-20.14,-20.26,-19.96,-20.05,-20.36,-20.11,-19.81,-19.9,-20.17,-20.11,-19.96,-19.81,-19.68,-19.65,-19.71,-19.81,-19.87,-19.96,-19.96,-19.96,-19.9,-20.02,-19.93,-20.2,-20.48,-20.51,-20.17,-20.17,-20.36,-20.48,-20.23,-20.26,-20.63,-20.23,-20.69,-20.39,-20.63,-20.66,-20.51,-21.03,-20.57,-20.9,-21.03,-20.63,-21.15,-21.24,-20.97,-21.12,-21.51,-21.48,-21.18,-21.09,-21.24,-21.55,-21.67,-21.7,-21.76,-21.79,-21.82,-21.91,-21.88,-21.94,-21.85,-21.85,-21.88,-21.94,-21.76,-21.64,-21.91,-21.97,-21.82,-21.58,-21.79,-21.85,-21.55,-21.91,-21.55,-21.88,-21.55,-21.45,-21.7,-21.27,-21.7,-21.51,-21.27,-21.55,-21.27,-21.03,-21.27,-21.33,-21.03,-20.78,-20.94,-21.12,-21.15,-21.06,-20.97,-20.75,-20.69,-20.72,-20.75,-20.72,-20.72,-20.75,-20.84,-20.9,-20.69,-20.69,-20.78,-21.03,-20.94,-20.78,-20.57,-20.87,-20.9,-20.66,-21.03,-20.51,-20.81,-20.36,-20.6,-20.54,-20.42,-20.87,-20.48,-20.63,-20.75,-20.39,-20.57,-20.81,-20.63,-20.32,-20.66,-21.09,-20.87,-20.75,-20.63,-20.63,-20.75,-20.94,-20.97,-21.21,-21.12,-21.15,-21.0,-20.9,-20.72,-20.72,-21.18,-21.12,-21.24,-21.18,-20.94,-21.18,-21.51,-21.42,-21.09,-21.64,-21.27,-21.73,-21.3,-21.7,-21.39,-21.55,-21.73,-21.39,-21.91,-21.7,-21.55,-22.0,-21.82,-21.61,-21.88,-21.97,-21.76,-21.55,-21.73,-21.94,-22.16,-22.22,-22.09,-22.06,-22.03,-21.97,-21.91,-22.0,-22.09,-22.09,-22.13,-22.16,-21.85,-22.09,-21.64,-21.64,-21.91,-22.0,-21.91,-21.67,-22.0,-21.67,-21.88,-21.48,-21.76,-21.33,-21.79,-21.58,-21.67,-21.79,-21.36,-21.73,-21.73,-21.36,-21.73,-21.73,-21.45,-21.55,-21.85,-22.0,-21.91,-21.7,-21.61,-21.7,-21.73,-21.85,-21.91,-22.06,-22.06,-22.06,-21.94,-21.88,-21.88,-21.85,-22.31,-21.85,-21.76,-22.03,-22.09,-21.91,-21.7,-22.06,-22.0,-21.85,-21.97,-21.94,-21.88,-21.94,-21.67,-22.0,-21.58,-21.76,-21.88,-21.48,-21.88,-21.94,-21.61,-21.88,-22.06,-21.85,-21.36,-21.3,-21.48,-21.7,-21.73,-21.76,-21.64,-21.45,-21.36,-21.27,-21.27,-21.33,-21.45,-21.33,-21.45,-21.36,-21.03,-21.24,-21.51,-21.61,-21.48,-21.36,-21.67,-21.79,-21.48,-21.82,-21.36,-21.73,-21.51,-21.58,-21.61,-21.36,-21.64,-21.27,-21.27,-21.51,-21.06,-21.24,-21.36,-21.18,-21.0,-21.3,-21.3,-21.33,-21.18,-21.03,-21.09,-21.18,-21.33,-21.3,-21.45,-21.42,-21.48,-21.36,-21.21,-21.21,-21.3,-21.73,-21.48,-21.73,-21.7,-21.45,-21.18,-21.51,-21.61,-21.3,-21.79,-21.36,-21.85,-21.48,-21.67,-21.55,-21.33,-21.64,-21.21,-21.39,-21.48,-21.06,-21.18,-21.39,-21.21,-21.0,-21.3,-21.48,-21.45,-21.24,-21.09,-21.12,-21.21,-21.3,-21.36,-21.42,-21.3,-21.33,-21.33,-21.15,-20.97,-20.81,-20.87,-21.3,-20.97,-21.39,-21.58,-21.61,-21.33,-21.3,-21.61,-21.24,-21.51,-21.21,-21.48,-21.06,-21.67,-21.42,-21.7,-21.79,-21.48,-21.88,-21.79,-21.58,-21.97,-22.13,-21.76,-21.7,-22.03,-22.16,-22.06,-21.85,-21.67,-21.88,-22.0,-22.06,-22.25,-22.25,-22.25,-22.31,-22.16,-22.03,-22.03,-22.0,-22.31,-22.46,-22.28,-22.0,-22.22,-22.46,-22.49,-22.19,-22.4,-22.43,-22.28,-22.49,-22.31,-22.25,-22.37,-21.97,-22.25,-21.97,-21.91,-22.16,-21.67,-21.67,-21.94,-21.76,-21.48,-21.79,-21.85,-21.91,-21.67,-21.48,-21.58,-21.73,-21.85,-21.91,-21.94,-22.09,-22.06,-22.0,-21.91,-21.76,-21.64,-21.67,-22.03,-21.67,-21.91,-21.88,-21.67,-21.58,-21.79,-21.91,-21.36,-21.85,-21.42,-21.76,-21.36,-21.76,-21.36,-21.51,-21.51,-21.09,-21.45,-21.33,-21.06,-21.42,-21.24,-20.87,-21.24,-21.45,-21.36,-21.06,-21.0,-21.15,-21.33,-21.48,-21.48,-21.64,-21.67,-21.73,-21.7,-21.67,-21.67,-21.7,-21.48,-21.58,-21.51,-21.36,-21.12,-21.36,-21.51,-21.51,-21.21,-21.39,-21.58,-21.24,-21.55,-21.24,-21.3,-21.39,-21.06,-21.42,-21.06,-21.27,-21.45,-21.06,-21.39,-21.45,-21.21,-21.21,-21.55,-21.58,-21.33,-21.12,-21.18,-21.39,-21.55,-21.51,-21.55,-21.61,-21.55,-21.55,-21.58,-21.7,-21.82,-21.76,-21.76,-21.97,-21.7,-22.03,-21.73,-21.55,-21.79,-22.03,-21.94,-21.7,-22.09,-21.64,-21.91,-21.51,-21.88,-21.42,-21.61,-21.64,-21.27,-21.79,-21.58,-21.51,-21.82,-21.67,-21.39,-21.67,-21.76,-21.64,-21.24,-21.24,-21.33,-21.39,-21.45,-21.48,-21.67,-21.58,-21.42,-21.51,-21.51,-21.51,-21.51,-21.61,-21.58,-21.51,-21.3,-21.39,-21.58,-21.58,-21.27,-21.09,-21.39,-21.18,-21.12,-21.21,-21.09,-21.18,-21.3,-21.12,-21.55,-21.06,-21.45,-21.55,-21.27,-21.67,-21.76,-21.42,-21.64,-21.97,-21.91,-21.64,-21.67,-21.88,-22.0,-22.06,-21.91,-21.82,-21.73,-21.76,-21.76,-21.79,-21.76,-21.82,-21.88,-21.91,-21.88,-21.64,-21.91,-21.58,-21.7,-21.94,-22.03,-21.79,-21.67,-22.0,-21.64,-22.13,-21.67,-22.0,-21.67,-21.76,-21.73,-21.48,-21.82,-21.7,-21.55,-21.79,-21.67,-21.33,-21.61,-21.79,-21.67,-21.36,-21.39,-21.67,-21.76,-21.91,-21.88,-21.76,-21.61,-21.42,-21.51,-21.48,-21.61,-21.7,-21.67,-21.61,-21.55,-21.09,-21.48,-21.21,-20.97,-20.81,-21.09,-21.24,-20.78,-21.18,-20.72,-21.09,-20.66,-21.0,-20.45,-20.66,-20.57,-20.26,-20.54,-20.29,-20.2,-20.54,-20.42,-20.05,-20.36,-20.45,-20.32,-19.87,-19.99,-20.17,-20.42,-20.54,-20.54,-20.45,-20.48,-20.48,-20.45,-20.45,-20.54,-20.57,-20.45,-20.6,-20.72,-20.26,-20.66,-20.84,-20.63,-20.36,-20.54,-20.75,-20.26,-20.54,-20.26,-20.51,-20.17,-20.72,-20.23,-20.36,-20.48,-20.14,-20.63,-20.57,-20.29,-20.72,-20.63,-20.42,-20.6,-20.97,-21.06,-20.81,-20.6,-20.72,-21.0,-21.21,-21.33,-21.42,-21.45,-21.48,-21.42,-21.33,-21.27,-21.06,-21.03,-21.15,-21.48,-21.03,-21.36,-21.51,-21.39,-21.15,-21.3,-21.45,-21.06,-21.48,-21.03,-21.48,-21.03,-21.48,-21.18,-21.24,-21.45,-21.0,-21.27,-21.12,-20.78,-20.94,-21.0,-20.72,-20.54,-20.66,-20.78,-20.66,-20.42,-20.17,-20.23,-20.29,-20.29,-20.39,-20.45,-20.39,-20.39,-20.29,-20.26,-20.42,-20.51,-20.39,-20.87,-20.48,-20.78,-20.94,-20.84,-20.51,-20.57,-20.87,-20.36,-20.87,-20.39,-20.87,-20.57,-20.9,-20.78,-20.51,-21.0,-20.6,-20.57,-20.97,-20.72,-20.66,-21.06,-21.06,-20.81,-20.78,-21.09,-21.18,-21.06,-20.9,-20.84,-20.75,-20.54,-20.57,-20.66,-20.72,-20.9,-21.0,-21.12,-21.24,-21.21,-21.03,-20.97,-20.69,-20.9,-21.03,-20.9,-20.66,-20.9,-21.12,-20.81,-21.3,-21.0,-21.21,-21.06,-21.06,-21.15,-20.69,-21.12,-21.06,-20.87,-21.39,-21.42,-21.12,-21.48,-21.64,-21.48,-21.21,-21.3,-21.55,-21.7,-21.73,-21.7,-21.58,-21.55,-21.55,-21.58,-21.58,-21.61,-21.64,-21.76,-21.73,-21.58,-21.21,-21.24,-20.9,-21.15,-21.33,-21.3,-20.94,-21.21,-21.21,-20.9,-21.12,-20.9,-21.12,-21.18,-20.84,-21.27,-20.94,-21.09,-21.27,-20.78,-21.0,-21.33,-21.21,-20.94,-21.18,-21.36,-21.15,-21.03,-20.94,-21.06,-21.18,-21.48,-21.64,-21.64,-21.7,-21.73,-21.76,-21.55,-21.45,-21.18,-21.27,-21.33,-21.7,-21.27,-21.39,-21.67,-21.82,-21.51,-21.39,-21.76,-21.42,-21.67,-21.42,-21.73,-21.24,-21.55,-21.33,-21.45,-21.64,-21.09,-21.42,-21.51,-21.12,-21.18,-21.27,-21.06,-20.75,-20.94,-21.09,-21.06,-21.03,-20.84,-20.63,-20.63,-20.63,-20.54,-20.57,-20.48,-20.42,-20.39,-20.48,-20.63,-20.72,-20.48,-20.72,-20.48,-20.69,-20.84,-20.81,-20.48,-20.57,-20.84,-20.57,-21.03,-20.6,-21.15,-20.9,-20.97,-21.15,-20.84,-21.09,-20.94,-20.6,-20.97,-20.9,-20.54,-20.9,-21.09,-21.03,-20.81,-20.81,-21.06,-21.27,-21.36,-21.39,-21.24,-21.12,-21.18,-21.21,-21.33,-21.3,-21.3,-21.33,-21.24,-21.27,-21.12,-21.06,-20.94,-21.27,-21.33,-21.27,-21.0,-21.27,-21.24,-21.12,-21.39,-21.36,-21.36,-21.39,-21.06,-21.45,-21.03,-21.09,-21.3,-20.97,-21.0,-21.27,-21.0,-20.81,-21.09,-21.06,-21.09,-20.78,-20.72,-20.87,-20.97,-21.03,-21.06,-21.12,-21.03,-21.03,-21.03,-20.97,-20.81,-20.63,-20.6,-20.66,-20.87,-20.54,-20.66,-20.9,-20.97,-20.87,-20.57,-20.84,-20.54,-20.66,-20.42,-20.75,-20.29,-20.84,-20.54,-20.72,-20.87,-20.48,-21.0,-20.87,-20.51,-20.9,-21.12,-20.78,-20.66,-21.0,-21.21,-21.15,-21.03,-20.84,-20.84,-20.94,-20.97,-21.03,-20.97,-20.9,-20.81,-20.78,-20.81,-20.94,-21.0,-20.66,-21.06,-20.69,-20.94,-21.18,-21.3,-20.9,-20.84,-21.15,-20.72,-21.27,-20.9,-21.42,-20.9,-21.3,-21.18,-21.09,-21.39,-21.0,-21.0,-21.33,-20.97,-20.87,-21.15,-20.97,-20.54,-20.45,-20.63,-20.75,-20.57,-20.32,-20.05,-19.87,-19.78,-19.62,-19.62,-19.68,-19.71,-19.68,-19.96,-20.08,-20.05,-19.74,-20.26,-19.9,-19.9,-20.05,-20.2,-20.08,-19.87,-20.2,-19.74,-20.23,-19.71,-20.32,-20.02,-20.39,-20.45,-20.11,-20.69,-20.48,-20.26,-20.66,-20.42,-20.26,-20.66,-21.0,-20.78,-20.66,-20.81,-20.97,-21.18,-21.15,-21.09,-21.0,-20.94,-21.06,-21.18,-21.27,-21.27,-21.3,-21.3,-21.18,-21.24,-21.12,-21.24,-20.94,-21.06,-21.27,-21.48,-21.27,-21.3,-21.73,-21.27,-21.79,-21.33,-21.55,-21.45,-21.48,-21.85,-21.45,-21.85,-21.82,-21.48,-21.82,-21.97,-21.64,-21.61,-21.91,-22.03,-21.7,-21.58,-21.61,-21.85,-22.0,-22.03,-22.06,-22.03,-22.06,-21.94,-22.0,-22.0,-21.94,-21.85,-21.76,-22.06,-21.79,-22.03,-21.79,-21.7,-21.88,-22.13,-21.97,-21.97,-22.22,-21.97,-22.49,-22.19,-22.31,-22.4,-22.09,-22.46,-22.16,-22.34,-22.52,-22.13,-22.37,-22.61,-22.34,-22.06,-22.37,-22.52,-22.52,-22.25,-22.19,-22.25,-22.34,-22.58,-22.52,-22.55,-22.58,-22.49,-22.52,-22.43,-22.25,-22.09,-22.16,-22.46,-22.43,-22.67,-22.4,-22.37,-22.74,-22.77,-22.49,-22.49,-22.67,-22.55,-22.83,-22.77,-22.49,-22.77,-22.4,-22.74,-22.67,-22.19,-22.55,-22.37,-21.97,-22.22,-22.28,-22.0,-21.61,-21.82,-22.03,-22.03,-21.88,-21.79,-21.61,-21.58,-21.58,-21.64,-21.61,-21.55,-21.55,-21.73,-21.91,-21.94,-21.85,-21.64,-22.0,-21.85,-21.55,-21.67,-21.97,-22.06,-21.67,-22.09,-21.76,-21.97,-21.64,-21.97,-21.45,-21.88,-21.7,-21.51,-21.94,-21.61,-21.58,-21.94,-21.82,-21.58,-21.94,-22.09,-21.79,-21.58,-21.7,-21.97,-22.03,-22.16,-22.22,-22.16,-22.03,-22.13,-22.19,-22.25,-22.31,-22.31,-22.22,-22.13,-22.16,-21.79,-22.16,-22.0,-21.88,-22.0,-22.31,-22.31,-21.91,-22.28,-21.94,-22.31,-21.91,-22.16,-21.97,-21.91,-22.06,-21.7,-21.94,-22.03,-21.7,-21.91,-22.06,-21.76,-21.55,-21.85,-21.94,-21.82,-21.61,-21.48,-21.51,-21.67,-21.73,-21.85,-21.91,-22.09,-22.06,-22.03,-21.94,-21.82,-21.79,-21.82,-22.0,-22.19,-22.16,-21.85,-21.91,-22.19,-22.31,-22.13,-22.4,-22.34,-22.52,-22.37,-22.64,-22.19,-22.64,-22.34,-22.4,-22.64,-22.34,-22.55,-22.67,-22.4,-22.43,-22.71,-22.64,-22.31,-22.34,-22.61,-22.8,-22.92,-22.86,-22.77,-22.64,-22.55,-22.49,-22.55,-22.77,-22.83,-22.98,-22.98,-23.01,-23.07,-22.74,-22.86,-22.58,-22.64,-22.92,-23.01,-22.67,-22.86,-23.04,-22.77,-23.1,-22.83,-23.1,-23.19,-22.95,-23.35,-22.83,-22.98,-23.13,-22.61,-22.86,-23.04,-22.8,-22.4,-22.67,-22.86,-22.8,-22.52,-22.37,-22.37,-22.52,-22.49,-22.52,-22.52,-22.49,-22.49,-22.43,-22.25,-22.13,-22.09,-22.13,-22.13,-22.55,-22.22,-22.28,-22.55,-22.61,-22.22,-22.16,-22.49,-22.0,-22.37,-21.91,-22.43,-22.0,-22.34,-22.49,-22.09,-22.55,-22.25,-22.22,-22.58,-22.37,-22.06,-22.34,-22.49,-22.19,-22.06,-22.13,-22.4,-22.58,-22.58,-22.64,-22.58,-22.46,-22.37,-22.34,-22.37,-22.37,-22.43,-22.25,-22.13,-22.03,-22.16,-21.73,-22.0,-21.91,-21.58,-21.39,-21.61,-21.7,-21.36,-21.73,-21.18,-21.7,-21.27,-21.76,-21.7,-21.76,-22.03,-21.67,-22.06,-22.0,-21.67,-21.79,-22.06,-21.97,-21.76,-21.97,-22.03,-22.09,-21.97,-21.73,-21.73,-21.76,-21.91,-21.94,-21.97,-21.88,-21.88,-21.91,-21.88,-21.88,-22.06,-22.03,-21.94,-22.28,-22.28,-22.03,-22.0,-22.19,-22.19,-21.76,-22.19,-22.0,-22.19,-21.64,-22.09,-21.64,-22.13,-21.91,-21.91,-22.19,-21.7,-21.64,-21.88,-21.67,-21.42,-21.7,-21.82,-21.58,-21.24,-21.33,-21.51,-21.61,-21.7,-21.61,-21.42,-21.48,-21.36,-21.39,-21.48,-21.48,-21.42,-21.27,-21.12,-21.33,-21.27,-21.33,-21.0,-21.12,-21.18,-21.27,-20.9,-21.15,-21.18,-21.12,-21.27,-21.36,-21.21,-21.51,-21.06,-21.51,-21.45,-21.24,-21.58,-21.45,-21.15,-21.61,-21.67,-21.42,-21.42,-21.79,-21.97,-21.91,-21.82,-21.76,-21.7,-21.7,-21.79,-21.7,-21.73,-21.79,-21.85,-21.85,-21.94,-22.22,-22.13,-21.85,-22.13,-21.79,-21.91,-22.19,-22.16,-21.88,-21.94,-22.13,-21.76,-22.13,-21.7,-22.16,-22.0,-21.85,-22.13,-21.67,-22.0,-22.16,-21.64,-21.82,-22.09,-21.76,-21.58,-21.85,-21.94,-21.85,-21.64,-21.58,-21.58,-21.73,-21.85,-22.0,-21.94,-22.06,-22.06,-22.03,-21.94,-21.76,-21.67,-21.64,-21.64,-21.76,-21.88,-22.13,-21.91,-21.79,-21.94,-22.22,-22.0,-22.03,-22.16,-22.25,-22.37,-22.4,-22.03,-22.58,-22.19,-22.25,-22.43,-22.09,-22.34,-22.4,-21.97,-22.0,-22.34,-22.34,-22.0,-21.88,-21.97,-22.28,-22.31,-22.22,-22.13,-22.09,-22.06,-22.03,-22.13,-22.13,-22.13,-22.13,-22.06,-21.91,-22.0,-21.73,-21.91,-21.61,-21.7,-21.94,-22.13,-21.88,-21.94,-22.16,-21.85,-22.13,-21.97,-22.03,-22.22,-21.85,-22.28,-22.13,-21.97,-22.43,-22.13,-21.97,-22.34,-22.25,-21.94,-22.0,-22.37,-22.34,-22.13,-21.97,-21.91,-21.97,-22.09,-22.22,-22.28,-22.37,-22.28,-22.28,-22.19,-22.22,-22.34,-22.4,-22.19,-22.52,-22.16,-22.4,-22.55,-22.49,-22.13,-22.16,-22.37,-21.97,-22.43,-22.09,-22.46,-22.22,-22.06,-22.4,-21.97,-22.34,-22.37,-22.06,-22.46,-22.55,-22.34,-22.34,-22.71,-22.8,-22.61,-22.31,-22.37,-22.58,-22.77,-22.77,-22.8,-22.8,-22.83,-22.89,-22.83,-22.74,-22.64,-22.55,-22.43,-22.34,-22.67,-22.31,-22.58,-22.46,-22.28,-22.16,-22.37,-22.34,-22.09,-22.43,-22.03,-22.37,-22.22,-22.31,-22.49,-22.09,-22.52,-22.52,-22.16,-22.58,-22.49,-22.22,-22.52,-22.71,-22.52,-22.19,-22.31,-22.52,-22.64,-22.71,-22.61,-22.55,-22.61,-22.43,-22.31,-22.4,-22.55,-22.61,-22.64,-22.74,-22.8,-22.74,-22.31,-22.58,-22.22,-22.06,-22.22,-22.43,-22.31,-22.22,-22.55,-22.13,-22.61,-22.16,-22.4,-22.16,-22.0,-22.37,-21.97,-22.09,-22.37,-22.0,-22.03,-22.28,-21.91,-21.67,-22.03,-22.13,-22.03,-21.76,-21.67,-21.73,-21.82,-21.82,-21.91,-21.97,-21.88,-21.94,-21.85,-21.67,-21.51,-21.39,-21.51,-21.64,-22.0,-21.82,-21.61,-21.82,-22.03,-22.0,-21.7,-22.09,-21.85,-21.94,-21.58,-22.0,-21.61,-22.03,-21.88,-21.67,-22.06,-21.76,-21.82,-22.19,-22.0,-21.88,-22.28,-22.37,-22.09,-22.0,-22.25,-22.49,-22.58,-22.64,-22.52,-22.49,-22.46,-22.43,-22.4,-22.43,-22.46,-22.46,-22.52,-22.49,-22.52,-22.55,-22.25,-22.43,-22.64,-22.55,-22.28,-22.34,-22.74,-22.22,-22.55,-22.37,-22.8,-22.4,-22.77,-22.37,-22.46,-22.58,-22.09,-22.49,-22.52,-22.19,-22.4,-22.58,-22.34,-22.19,-22.46,-22.74,-22.71,-22.55,-22.4,-22.34,-22.28,-22.25,-22.46,-22.55,-22.52,-22.61,-22.61,-22.74,-22.89,-23.13,-23.04,-22.92,-23.19,-23.32,-23.07,-22.98,-23.19,-23.38,-23.01,-23.22,-23.22,-23.28,-23.16,-23.59,-23.13,-23.56,-23.32,-23.07,-23.5,-23.22,-22.98,-23.28,-23.16,-22.77,-22.95,-23.16,-23.1,-22.8,-22.67,-22.71,-22.98,-23.13,-23.28,-23.22,-23.22,-23.13,-23.16,-23.25,-23.1,-22.98,-22.71,-22.61,-22.77,-22.89,-22.74,-22.55,-22.74,-22.89,-22.77,-22.46,-22.83,-22.61,-22.98,-22.67,-22.89,-22.4,-22.71,-22.49,-22.43,-22.77,-22.46,-22.52,-22.83,-22.64,-22.52,-22.98,-23.07,-22.92,-22.71,-22.83,-22.98,-23.07,-23.07,-23.04,-22.89,-22.89,-22.89,-22.92,-22.95,-23.07,-23.16,-23.25,-23.13,-23.13,-23.1,-22.67,-22.95,-23.16,-23.1,-22.8,-23.07,-23.35,-22.95,-23.28,-22.95,-23.25,-22.74,-23.19,-23.01,-22.86,-23.16,-22.86,-23.07,-23.22,-22.86,-23.01,-23.32,-23.04,-22.89,-22.92,-23.22,-23.35,-23.1,-22.95,-22.86,-22.92,-22.86,-23.01,-23.1,-22.92,-22.86,-22.83,-22.83,-23.01,-23.22,-23.22,-22.89,-23.22,-23.19,-22.86,-22.89,-23.16,-23.16,-22.74,-23.04,-22.86,-23.19,-22.86,-23.28,-22.77,-23.04,-22.98,-22.71,-23.07,-22.98,-22.64,-23.04,-23.13,-22.71,-22.71,-23.01,-22.98,-22.8,-22.58,-22.49,-22.64,-22.77,-22.83,-22.8,-22.89,-22.92,-22.89,-22.8,-22.61,-22.55,-22.52,-22.52,-22.52,-22.92,-22.43,-22.52,-22.8,-22.89,-22.52,-22.52,-22.77,-22.37,-22.71,-22.19,-22.61,-22.34,-22.52,-22.61,-22.16,-22.52,-22.43,-22.06,-22.49,-22.52,-22.25,-22.34,-22.58,-22.61,-22.31,-22.22,-22.55,-22.83,-23.01,-23.04,-22.98,-23.04,-23.07,-23.1,-23.19,-23.22,-23.16,-23.07,-22.83,-22.77,-23.1,-22.95,-23.16,-22.92,-22.77,-22.74,-23.01,-22.86,-22.92,-23.04,-22.83,-23.16,-23.07,-22.86,-23.22,-22.83,-23.04,-23.07,-22.67,-23.1,-23.25,-22.83,-22.98,-23.22,-23.13,-22.71,-22.74,-22.95,-23.16,-23.07,-22.86,-22.74,-22.58,-22.58,-22.58,-22.64,-22.61,-22.67,-22.77,-22.89,-22.86,-22.86,-22.86,-22.8,-22.61,-22.86,-22.98,-22.92,-22.64,-23.1,-22.98,-23.04,-23.01,-22.98,-22.77,-23.22,-22.86,-23.1,-23.07,-22.74,-23.16,-22.98,-22.64,-22.98,-23.16,-23.04,-22.74,-22.89,-23.22,-23.35,-23.28,-23.13,-23.07,-22.89,-22.89,-22.86,-22.89,-22.89,-22.86,-23.04,-23.13,-23.28,-23.32,-23.19,-22.86,-23.16,-23.16,-22.95,-22.8,-23.13,-23.19,-22.86,-23.28,-22.89,-23.28,-22.98,-23.32,-23.07,-23.13,-23.35,-22.89,-23.16,-23.25,-22.86,-23.01,-23.19,-22.92,-22.55,-22.8,-22.89,-22.95,-22.74,-22.58,-22.49,-22.58,-22.67,-22.77,-22.83,-22.89,-22.86,-22.77,-22.64,-22.71,-22.92,-22.86,-22.64,-23.16,-22.8,-22.77,-23.04,-23.04,-22.71,-22.64,-22.89,-22.43,-22.86,-22.25,-22.74,-22.55,-22.37,-22.64,-22.31,-22.61,-22.77,-22.34,-22.52,-22.77,-22.43,-22.4,-22.67,-22.74,-22.61,-22.37,-22.31,-22.4,-22.58,-22.64,-22.64,-22.74,-22.8,-22.74,-22.77,-22.64,-22.37,-22.25,-22.19,-22.09,-22.34,-22.19,-22.4,-22.28,-21.97,-22.16,-22.31,-22.13,-22.03,-22.22,-22.06,-22.31,-22.25,-21.97,-22.34,-22.0,-22.13,-22.34,-22.06,-22.4,-22.52,-22.09,-22.16,-22.43,-22.34,-22.16,-21.94,-22.16,-22.46,-22.49,-22.52,-22.52,-22.55,-22.43,-22.43,-22.49,-22.55,-22.58,-22.64,-22.58,-22.34,-22.4,-22.37,-22.43,-22.13,-22.19,-22.46,-22.55,-22.34,-22.55,-22.58,-22.49,-22.4,-22.43,-22.13,-22.46,-22.0,-22.31,-22.28,-21.97,-22.28,-22.22,-21.85,-22.13,-22.34,-22.06,-21.73,-21.85,-22.16,-22.16,-21.94,-21.82,-21.55,-21.58,-21.58,-21.61,-21.55,-21.55,-21.61,-21.7,-21.85,-21.91,-21.94,-21.64,-21.64,-21.61,-22.0,-21.85,-21.79,-21.67,-22.09,-21.94,-22.0,-22.0,-22.16,-21.79,-22.22,-21.73,-22.19,-22.09,-21.85,-22.22,-22.09,-21.94,-22.34,-22.43,-22.28,-22.25,-22.55,-22.61,-22.46,-22.13,-22.22,-22.31,-22.49,-22.58,-22.61,-22.64,-22.55,-22.58,-22.52,-22.49,-22.43,-22.67,-22.74,-22.71,-23.01,-23.13,-22.8,-22.71,-22.98,-23.19,-22.74,-23.04,-22.83,-23.07,-22.61,-23.13,-22.74,-23.13,-22.98,-22.74,-23.16,-22.77,-22.64,-22.98,-22.74,-22.4,-22.67,-22.74,-22.58,-22.31,-22.4,-22.64,-22.89,-22.98,-22.92,-23.01,-22.98,-22.95,-22.95,-22.98,-22.95,-22.74,-22.67,-22.52,-22.8,-22.98,-22.89,-22.74,-23.07,-23.13,-22.98,-22.71,-23.13,-22.89,-23.19,-22.98,-23.28,-22.77,-23.16,-22.95,-22.8,-23.13,-22.74,-22.92,-23.1,-22.74,-22.67,-22.98,-22.98,-22.58,-22.46,-22.74,-22.89,-22.8,-22.8,-22.64,-22.43,-22.49,-22.4,-22.37,-22.37,-22.37,-22.43,-22.46,-22.4,-22.34,-22.25,-21.85,-22.13,-22.28,-22.06,-21.85,-22.06,-22.25,-21.91,-22.43,-22.0,-22.55,-21.97,-22.46,-22.19,-22.06,-22.4,-21.94,-22.09,-22.31,-22.09,-22.19,-22.46,-22.37,-22.13,-22.13,-22.46,-22.55,-22.49,-22.37,-22.28,-22.22,-22.31,-22.34,-22.28,-22.34,-22.31,-22.37,-22.61,-22.58,-22.58,-22.55,-22.19,-22.4,-21.97,-22.09,-22.25,-22.31,-21.94,-22.09,-22.16,-21.88,-22.28,-22.09,-22.03,-22.09,-21.61,-22.0,-21.85,-21.58,-21.88,-21.67,-21.51,-21.85,-21.82,-21.39,-21.3,-21.55,-21.64,-21.48,-21.24,-21.03,-20.94,-20.97,-21.03,-21.09,-21.12,-21.15,-21.03,-21.0,-21.15,-21.36,-21.51,-21.3,-21.3,-21.45,-21.67,-21.55,-21.39,-21.51,-21.76,-21.36,-21.67,-21.42,-21.51,-21.21,-21.58,-21.12,-21.39,-21.42,-21.15,-21.51,-21.45,-21.15,-21.48,-21.55,-21.18,-21.33,-21.67,-21.55,-21.36,-21.09,-21.09,-21.27,-21.45,-21.51,-21.61,-21.58,-21.64,-21.64,-21.51,-21.39,-21.21,-21.36,-21.36,-21.45,-21.82,-21.48,-21.45,-21.73,-21.85,-21.76,-21.61,-22.03,-21.58,-22.13,-21.76,-22.31,-21.91,-22.16,-22.28,-22.0,-22.49,-22.31,-22.0,-22.4,-22.25,-21.76,-21.91,-22.06,-21.88,-21.51,-21.42,-21.7,-21.88,-21.94,-21.85,-21.79,-21.79,-21.79,-21.85,-21.91,-21.97,-22.03,-22.0,-21.94,-22.03,-22.22,-21.79,-22.09,-22.19,-22.03,-21.73,-21.94,-22.19,-21.88,-22.43,-21.94,-22.4,-22.03,-22.49,-22.43,-22.4,-22.8,-22.43,-22.64,-22.92,-22.61,-22.67,-23.04,-22.98,-22.8,-22.92,-23.32,-23.28,-23.1,-22.98,-22.89,-22.89,-22.92,-22.95,-23.04,-23.1,-23.22,-23.28,-23.47,-23.68,-23.74,-23.59,-23.28,-23.65,-23.38,-23.25,-23.44,-23.65,-23.41,-23.28,-23.59,-23.16,-23.62,-23.32,-23.41,-23.47,-23.1,-23.5,-23.25,-22.86,-23.28,-23.1,-22.77,-22.77,-23.13,-23.32,-23.16,-23.07,-22.98,-22.86,-22.71,-22.74,-22.71,-22.74,-22.71,-22.67,-22.61,-22.67,-22.77,-22.98,-23.25,-23.25,-23.13,-23.22,-22.86,-23.13,-22.8,-22.77,-23.04,-22.92,-22.52,-23.01,-22.67,-22.95,-22.52,-22.95,-22.86,-22.58,-22.98,-22.67,-22.55,-22.92,-22.74,-22.37,-22.58,-22.77,-22.64,-22.37,-22.31,-22.52,-22.61,-22.64,-22.58,-22.58,-22.55,-22.43,-22.46,-22.46,-22.49,-22.43,-22.37,-22.22,-21.91,-21.94,-22.03,-22.09,-22.4,-22.46,-22.25,-22.0,-21.94,-22.22,-22.31,-21.88,-22.16,-22.0,-22.13,-21.82,-22.09,-21.61,-22.0,-21.76,-21.55,-21.85,-21.64,-21.42,-21.88,-21.94,-21.58,-21.42,-21.58,-21.51,-21.36,-21.15,-21.0,-21.0,-20.97,-21.18,-21.18,-21.15,-21.18,-20.97,-20.87,-20.75,-20.75,-20.9,-20.75,-21.09,-20.97,-21.33,-21.21,-20.97,-21.06,-21.36,-21.33,-21.03,-21.33,-21.03,-21.24,-21.18,-21.24,-21.58,-21.06,-21.36,-21.36,-21.03,-21.42,-21.39,-21.15,-21.48,-21.76,-21.58,-21.27,-21.45,-21.76,-21.79,-21.82,-21.79,-21.64,-21.67,-21.67,-21.7,-21.73,-21.91,-22.06,-22.06,-22.09,-22.16,-22.19,-21.76,-22.22,-22.19,-21.91,-21.91,-22.13,-22.34,-21.94,-22.37,-22.09,-22.64,-22.34,-22.8,-22.46,-22.71,-22.86,-22.43,-22.89,-22.89,-22.52,-22.86,-22.92,-22.61,-22.61,-22.86,-22.92,-22.77,-22.46,-22.37,-22.28,-22.25,-22.4,-22.37,-22.46,-22.34,-22.25,-22.16,-22.03,-21.88,-21.88,-21.94,-22.0,-22.25,-22.19,-21.85,-21.91,-21.97,-21.94,-21.64,-27.71,-29.17,-30.82,-31.83,-33.42,-34.24,-35.61,-36.25,-37.08,-38.18,-38.54,-39.37,-40.28,-40.68,-41.11,-42.02,-42.57,-42.94,-43.24,-43.76,-44.49,-45.07,-45.53,-45.99,-46.26,-46.72,-47.06,-47.36,-47.82,-48.25,-48.68,-48.95,-49.19,-49.56,-49.8,-49.99,-50.14,-50.69,-51.06,-51.3,-51.21,-51.82,-51.97,-52.28,-52.67,-52.92,-53.04,-53.5,-53.34,-53.99,-53.99,-54.05,-54.63,-54.6,-54.72,-55.33,-55.36,-55.3,-55.66,-56.06,-56.15,-56.15,-56.15,-56.4,-56.79,-57.1,-57.31,-57.46,-57.65,-57.83,-57.95,-58.07,-58.17,-58.11,-58.17,-58.47,-58.93,-58.81,-58.81,-59.17,-59.48,-59.6,-59.33,-59.75,-59.94,-59.88,-60.18,-60.15,-60.24,-60.58,-60.27,-60.85,-60.67,-60.76,-61.19,-61.0,-61.13,-61.52,-61.46,-61.34,-61.71,-61.98,-61.98,-61.8,-61.8,-62.1,-62.47,-62.56,-62.71,-62.81,-62.9,-63.02,-63.08,-63.2,-63.11,-63.08,-63.08,-63.48,-63.2,-63.6,-63.63,-63.51,-63.45,-63.78,-64.0,-63.69,-64.12,-63.96,-64.33,-64.06,-64.48,-64.06,-64.67,-64.42,-64.67,-64.85,-64.48,-65.0,-64.97,-64.73,-65.06,-65.25,-65.03,-64.97,-65.31,-65.58,-65.52,-65.37,-65.37,-65.28,-65.43,-65.61,-65.7,-65.8,-65.86,-65.89,-65.8,-65.8,-65.92,-66.38,-65.98,-66.16,-66.41,-66.5,-66.47,-66.25,-66.41,-66.71,-66.31,-66.74,-66.35,-66.77,-66.44,-66.89,-66.53,-66.93,-66.77,-66.8,-67.11,-66.77,-67.02,-67.2,-66.86,-67.14,-67.41,-67.17,-66.99,-67.23,-67.5,-67.57,-67.47,-67.35,-67.29,-67.29,-67.32,-67.38,-67.44,-67.44,-67.47,-67.54,-67.63,-67.99,-67.81,-67.63,-67.72,-67.9,-68.08,-68.08,-67.78,-68.12,-68.08,-68.05,-68.36,-68.08,-68.21,-68.24,-68.24,-68.42,-68.05,-68.54,-68.24,-68.3,-68.6,-68.21,-68.39,-68.66,-68.45,-68.24,-68.51,-68.7,-68.73,-68.51,-68.39,-68.33,-68.36,-68.57,-68.63,-68.63,-68.7,-68.66,-68.57,-68.73,-69.0,-68.6,-68.94,-69.09,-68.97,-68.94,-68.76,-68.76,-69.27,-68.94,-69.03,-69.06,-68.94,-69.09,-69.0,-69.03,-69.18,-68.82,-69.31,-68.85,-69.31,-69.18,-69.0,-69.4,-69.18,-69.0,-69.34,-69.49,-69.27,-69.21,-69.34,-69.58,-69.61,-69.58,-69.52,-69.43,-69.4,-69.37,-69.37,-69.46,-69.55,-69.31,-69.55,-69.52,-69.79,-69.79,-69.7,-69.55,-69.43,-69.76,-69.79,-69.4,-69.95,-69.58,-70.01,-69.58,-69.98,-69.52,-70.1,-69.64,-69.82,-69.92,-69.61,-70.1,-69.89,-69.61,-70.04,-69.89,-69.61,-69.82,-69.95,-69.98,-69.82,-69.61,-69.64,-69.79,-69.95,-70.04,-70.01,-70.07,-70.13,-70.01,-70.07,-70.25,-69.76,-70.22,-70.22,-69.98,-69.89,-69.82,-70.04,-70.25,-69.82,-70.07,-69.95,-70.01,-70.1,-70.1,-70.01,-70.1,-69.82,-70.22,-69.82,-70.19,-70.07,-69.85,-70.31,-70.07,-69.89,-70.25,-70.22,-69.92,-70.01,-70.31,-70.31,-70.28,-70.19,-70.07,-69.95,-69.98,-70.07,-70.13,-70.04,-70.07,-70.01,-70.43,-70.22,-70.53,-70.43,-70.28,-70.16,-70.1,-70.4,-70.53,-70.13,-70.68,-70.34,-70.59,-70.25,-70.59,-70.28,-70.68,-70.31,-70.68,-70.56,-70.47,-70.71,-70.34,-70.53,-70.65,-70.37,-70.53,-70.77,-70.74,-70.47,-70.4,-70.62,-70.77,-70.86,-70.83,-70.68,-70.74,-70.74,-70.77,-70.77,-70.83,-70.74,-70.47,-70.83,-70.83,-70.65,-70.53,-70.56,-70.77,-70.92,-70.56,-70.86,-70.77,-70.71,-70.74,-70.74,-70.65,-70.89,-70.59,-71.08,-70.62,-70.89,-70.83,-70.53,-70.95,-70.83,-70.59,-70.95,-70.98,-70.65,-70.62,-70.86,-71.08,-71.08,-70.89,-70.71,-70.65,-70.59,-70.53,-70.65,-70.62,-70.65,-70.68,-70.59,-71.08,-70.65,-70.62,-70.95,-71.11,-71.11,-70.89,-70.68,-71.08,-70.74,-71.14,-70.95,-71.08,-70.95,-71.14,-70.8,-71.2,-70.77,-71.11,-70.98,-70.8,-71.14,-70.83,-70.89,-71.11,-70.98,-70.71,-70.92,-71.14,-71.08,-70.92,-70.71,-70.74,-70.74,-70.83,-70.89,-70.92,-70.89,-70.89,-70.8,-70.8,-71.2,-70.89,-71.2,-71.11,-71.08,-70.83,-70.77,-71.08,-71.23,-70.83,-71.17,-70.74,-71.04,-70.86,-71.14,-70.8,-71.17,-70.71,-71.14,-70.92,-70.89,-71.2,-70.71,-71.01,-71.08,-70.8,-70.77,-71.11,-71.14,-70.89,-70.71,-70.92,-71.01,-71.17,-71.23,-71.2,-71.17,-71.2,-71.26,-71.17,-71.2,-71.17,-70.8,-71.23,-71.04,-70.77,-70.77,-70.86,-71.14,-71.14,-70.77,-71.11,-70.95,-71.17,-71.04,-71.14,-70.98,-71.17,-70.8,-71.23,-70.83,-71.08,-71.11,-70.83,-71.26,-71.11,-70.71,-71.11,-71.23,-70.92,-70.77,-71.01,-71.2,-71.17,-71.14,-70.98,-70.89,-70.77,-70.8,-70.77,-70.77,-70.86,-70.92,-70.8,-71.23,-70.83,-71.01,-71.08,-71.2,-71.2,-70.98,-70.92,-71.26,-70.89,-71.08,-70.95,-71.11,-70.95,-71.17,-70.77,-71.26,-70.77,-71.26,-70.95,-70.98,-71.26,-70.92,-71.04,-71.26,-71.04,-70.83,-71.17,-71.29,-71.14,-70.86,-70.83,-70.95,-71.11,-71.23,-71.23,-71.26,-71.38,-71.26,-71.17,-71.23,-71.35,-70.92,-71.11,-71.26,-71.32,-71.17,-70.98,-70.98,-71.35,-71.11,-71.14,-71.29,-71.08,-71.32,-71.04,-71.26,-71.23,-71.01,-71.32,-70.89,-71.32,-71.17,-71.04,-71.32,-71.08,-70.89,-71.26,-71.29,-70.98,-70.83,-71.04,-71.26,-71.26,-71.23,-71.11,-71.08,-70.98,-70.95,-70.95,-71.08,-71.11,-71.01,-70.95,-71.17,-71.23,-71.2,-70.98,-70.8,-70.95,-71.2,-71.08,-70.98,-71.23,-70.8,-71.17,-70.8,-71.23,-70.77,-71.04,-70.92,-70.89,-71.14,-70.68,-71.11,-71.01,-70.74,-71.11,-71.11,-70.74,-70.83,-71.17,-71.2,-70.95,-70.83,-70.68,-70.8,-70.95,-70.98,-71.04,-71.11,-71.08,-70.98,-70.92,-71.14,-70.98,-71.08,-70.86,-70.71,-70.77,-70.89,-71.11,-70.92,-70.74,-71.11,-70.68,-71.14,-70.71,-71.17,-70.68,-71.11,-70.74,-71.04,-70.92,-70.74,-71.11,-70.71,-70.83,-71.04,-70.77,-70.74,-71.08,-71.04,-70.74,-70.59,-70.92,-70.95,-71.11,-71.08,-71.11,-71.01,-71.04,-71.01,-71.08,-71.11,-71.08,-70.8,-71.01,-70.71,-70.86,-70.95,-71.08,-71.04,-70.77,-70.83,-71.17,-70.62,-71.04,-70.71,-71.04,-70.68,-71.04,-70.62,-71.04,-70.74,-70.86,-71.01,-70.62,-71.08,-70.98,-70.59,-70.95,-71.04,-70.74,-70.59,-70.86,-71.11,-71.04,-70.89,-70.65,-70.65,-70.59,-70.59,-70.62,-70.59,-70.62,-70.59,-70.56,-71.01,-70.68,-70.95,-71.11,-70.98,-70.8,-70.65,-70.95,-70.98,-70.59,-71.11,-70.77,-71.08,-70.68,-71.04,-70.65,-71.01,-70.8,-70.98,-70.95,-70.65,-71.08,-70.86,-70.71,-71.08,-70.92,-70.62,-70.8,-71.08,-70.95,-70.71,-70.56,-70.59,-70.77,-70.86,-70.92,-70.98,-70.98,-70.98,-71.01,-70.89,-71.01,-70.77,-71.04,-70.8,-70.56,-70.65,-70.86,-71.01,-70.86,-70.59,-71.04,-70.56,-70.89,-70.56,-70.92,-70.56,-70.95,-70.56,-70.92,-70.77,-70.68,-71.01,-70.53,-70.83,-71.08,-70.65,-70.71,-70.98,-70.92,-70.65,-70.59,-70.8,-71.01,-71.01,-70.95,-70.89,-70.83,-70.83,-70.86,-70.89,-70.95,-70.98,-70.62,-70.95,-70.59,-70.77,-70.92,-70.95,-70.98,-70.68,-70.68,-70.98,-70.59,-71.08,-70.68,-71.01,-70.71,-71.04,-70.68,-71.17,-70.77,-70.89,-71.01,-70.65,-70.98,-71.01,-70.65,-70.98,-71.08,-70.77,-70.62,-70.95,-71.11,-71.04,-70.89,-70.74,-70.71,-70.59,-70.65,-70.68,-70.71,-70.65,-70.62,-70.68,-71.01,-70.8,-71.11,-71.01,-70.98,-70.74,-70.74,-70.95,-71.08,-70.74,-71.2,-70.68,-71.08,-70.71,-71.11,-70.68,-71.11,-70.68,-71.08,-70.98,-70.71,-71.14,-70.8,-70.8,-71.17,-70.89,-70.68,-70.98,-71.17,-71.04,-70.71,-70.68,-70.86,-71.04,-71.11,-71.2,-71.17,-71.11,-71.2,-71.2,-71.17,-71.2,-70.8,-71.2,-70.95,-70.8,-70.77,-70.92,-71.17,-71.14,-70.74,-71.26,-70.92,-71.17,-71.01,-71.08,-70.95,-71.2,-70.86,-71.23,-70.83,-71.14,-71.17,-70.83,-71.23,-71.04,-70.74,-71.11,-71.23,-70.89,-70.83,-71.04,-71.08,-71.23,-71.08,-70.89,-70.86,-70.8,-70.74,-70.86,-70.74,-70.8,-70.83,-70.98,-71.26,-71.08,-70.83,-70.86,-70.95,-71.11,-71.29
Sweep_24,370.0,-67.14,-67.41,-67.54,-67.32,-67.11,-67.29,-67.47,-67.63,-67.6,-67.47,-67.35,-67.32,-67.23,-67.23,-67.29,-67.35,-67.41,-67.26,-67.38,-67.29,-67.54,-67.6,-67.54,-67.41,-67.2,-67.5,-67.5,-67.26,-67.63,-67.23,-67.66,-67.17,-67.63,-67.32,-67.54,-67.66,-67.23,-67.66,-67.26,-67.35,-67.69,-67.32,-67.32,-67.63,-67.44,-67.29,-67.17,-67.44,-67.63,-67.54,-67.44,-67.29,-67.17,-67.17,-67.11,-67.17,-67.2,-67.35,-67.26,-67.14,-67.6,-67.17,-67.14,-67.32,-67.44,-67.5,-67.38,-67.11,-67.47,-67.23,-67.35,-67.2,-67.32,-67.2,-67.41,-67.05,-67.47,-67.08,-67.38,-67.38,-66.99,-67.44,-67.32,-67.05,-67.41,-67.41,-67.11,-67.05,-67.35,-67.54,-67.35,-67.26,-67.05,-67.05,-67.05,-67.05,-67.11,-67.05,-67.05,-67.08,-67.05,-67.32,-67.32,-67.6,-67.44,-67.35,-67.17,-67.11,-67.54,-67.44,-67.2,-67.47,-67.14,-67.6,-67.23,-67.54,-67.29,-67.5,-67.38,-67.26,-67.6,-67.05,-67.41,-67.5,-67.17,-67.41,-67.57,-67.32,-67.05,-67.35,-67.57,-67.47,-67.38,-67.17,-67.11,-67.08,-67.08,-67.17,-67.11,-67.14,-67.02,-67.08,-67.08,-67.5,-67.11,-67.29,-67.41,-67.44,-67.47,-67.26,-67.11,-67.47,-67.2,-67.44,-67.2,-67.32,-67.23,-67.41,-67.08,-67.47,-67.05,-67.32,-67.35,-67.05,-67.5,-67.2,-67.08,-67.5,-67.41,-67.05,-67.11,-67.5,-67.54,-67.41,-67.14,-67.08,-67.08,-67.17,-67.23,-67.26,-67.26,-67.17,-67.14,-67.2,-67.38,-67.44,-67.5,-67.23,-67.14,-67.17,-67.32,-67.54,-67.32,-67.32,-67.44,-67.17,-67.6,-67.29,-67.54,-67.35,-67.41,-67.54,-67.14,-67.66,-67.26,-67.32,-67.6,-67.2,-67.26,-67.57,-67.35,-67.11,-67.29,-67.5,-67.57,-67.35,-67.26,-67.11,-67.02,-67.11,-67.17,-67.11,-67.08,-67.05,-67.08,-67.17,-67.44,-67.35,-67.54,-67.41,-67.23,-67.14,-67.17,-67.54,-67.32,-67.2,-67.44,-66.99,-67.44,-67.08,-67.41,-67.17,-67.32,-67.32,-67.02,-67.44,-67.11,-67.23,-67.41,-67.05,-67.08,-67.44,-67.35,-67.02,-67.14,-67.41,-67.41,-67.38,-67.26,-67.2,-67.08,-67.11,-67.08,-67.05,-67.08,-67.05,-67.14,-67.17,-67.5,-67.11,-67.44,-67.5,-67.41,-67.38,-67.02,-67.32,-67.47,-67.08,-67.5,-67.11,-67.57,-67.05,-67.5,-67.14,-67.47,-67.32,-67.2,-67.54,-67.02,-67.47,-67.44,-67.05,-67.32,-67.44,-67.17,-67.05,-67.32,-67.5,-67.41,-67.35,-67.14,-67.08,-67.17,-66.99,-67.05,-67.08,-67.02,-67.05,-67.05,-67.11,-67.41,-67.26,-67.08,-67.05,-67.23,-67.38,-67.32,-66.99,-67.32,-67.23,-67.14,-67.29,-67.11,-67.14,-67.23,-67.02,-67.38,-66.89,-67.35,-67.08,-66.93,-67.35,-67.14,-66.93,-67.35,-67.35,-66.99,-67.02,-67.29,-67.41,-67.32,-67.17,-66.96,-66.93,-67.02,-67.02,-67.05,-66.99,-67.05,-66.99,-67.02,-67.32,-67.2,-67.47,-67.38,-67.29,-67.08,-67.08,-67.47,-67.38,-67.11,-67.47,-67.11,-67.54,-66.99,-67.57,-67.17,-67.5,-67.32,-67.32,-67.57,-67.05,-67.44,-67.41,-67.11,-67.44,-67.5,-67.17,-67.14,-67.47,-67.57,-67.41,-67.26,-67.08,-67.11,-67.23,-67.35,-67.35,-67.44,-67.44,-67.29,-67.17,-67.44,-67.54,-67.23,-67.02,-67.23,-67.35,-67.41,-67.35,-67.05,-67.29,-67.38,-67.08,-67.32,-66.99,-67.35,-67.14,-67.14,-67.23,-66.96,-67.35,-66.96,-67.2,-67.41,-66.99,-67.29,-67.44,-67.08,-67.2,-67.41,-67.47,-67.32,-67.05,-67.14,-67.2,-67.47,-67.5,-67.54,-67.5,-67.54,-67.5,-67.47,-67.41,-67.54,-67.11,-67.41,-67.44,-67.32,-67.17,-67.05,-67.35,-67.47,-67.08,-67.47,-67.23,-67.47,-67.2,-67.57,-67.17,-67.6,-67.2,-67.6,-67.41,-67.29,-67.63,-67.23,-67.44,-67.6,-67.26,-67.23,-67.5,-67.57,-67.32,-67.11,-67.26,-67.44,-67.57,-67.57,-67.6,-67.63,-67.54,-67.57,-67.63,-67.57,-67.6,-67.47,-67.32,-67.32,-67.5,-67.6,-67.57,-67.41,-67.2,-67.5,-67.32,-67.26,-67.44,-67.23,-67.44,-67.29,-67.35,-67.44,-67.14,-67.54,-67.17,-67.14,-67.44,-67.47,-67.05,-67.08,-67.41,-67.5,-67.44,-67.14,-67.05,-67.05,-67.26,-67.35,-67.5,-67.41,-67.54,-67.5,-67.41,-67.41,-67.29,-67.14,-67.17,-67.5,-67.08,-67.35,-67.57,-67.47,-67.26,-67.08,-67.44,-67.32,-67.32,-67.41,-67.41,-67.38,-67.44,-67.11,-67.54,-67.14,-67.41,-67.47,-67.02,-67.41,-67.47,-67.08,-67.32,-67.5,-67.41,-67.17,-67.17,-67.44,-67.5,-67.47,-67.38,-67.29,-67.17,-67.14,-67.11,-67.23,-67.26,-67.32,-67.41,-67.47,-67.35,-67.05,-67.32,-67.41,-67.23,-67.08,-67.08,-67.41,-67.23,-67.11,-67.38,-66.99,-67.32,-66.93,-67.44,-66.99,-67.44,-66.99,-67.47,-66.96,-67.5,-67.11,-67.2,-67.44,-67.02,-67.32,-67.47,-67.17,-67.02,-67.38,-67.47,-67.41,-67.35,-67.17,-67.11,-67.05,-67.05,-67.02,-67.05,-66.99,-66.99,-66.96,-67.23,-67.29,-67.47,-67.32,-67.2,-67.17,-67.23,-67.47,-67.41,-67.2,-67.47,-67.2,-67.57,-67.17,-67.63,-67.2,-67.57,-67.38,-67.26,-67.57,-67.14,-67.41,-67.5,-67.11,-67.41,-67.5,-67.2,-67.14,-67.41,-67.54,-67.35,-67.14,-67.08,-67.11,-67.11,-67.14,-67.32,-67.32,-67.29,-67.23,-67.14,-67.23,-67.5,-67.14,-67.17,-67.38,-67.41,-67.6,-67.38,-67.05,-67.44,-67.32,-67.2,-67.26,-67.14,-67.35,-67.29,-67.29,-67.41,-67.08,-67.54,-67.14,-67.29,-67.44,-67.08,-67.35,-67.47,-67.14,-67.29,-67.57,-67.47,-67.23,-67.17,-67.35,-67.5,-67.6,-67.6,-67.72,-67.66,-67.66,-67.63,-67.69,-67.75,-67.6,-67.2,-67.54,-67.69,-67.6,-67.5,-67.2,-67.32,-67.66,-67.47,-67.5,-67.72,-67.41,-67.72,-67.41,-67.69,-67.57,-67.6,-67.69,-67.35,-67.84,-67.41,-67.5,-67.78,-67.38,-67.5,-67.78,-67.63,-67.35,-67.5,-67.75,-67.72,-67.66,-67.47,-67.38,-67.38,-67.35,-67.38,-67.38,-67.41,-67.32,-67.38,-67.75,-67.54,-67.81,-67.69,-67.57,-67.41,-67.38,-67.69,-67.72,-67.35,-67.78,-67.32,-67.75,-67.29,-67.78,-67.32,-67.81,-67.38,-67.69,-67.57,-67.35,-67.75,-67.41,-67.54,-67.84,-67.54,-67.35,-67.75,-67.75,-67.6,-67.32,-67.47,-67.72,-67.75,-67.87,-67.87,-67.78,-67.81,-67.78,-67.81,-67.9,-67.81,-67.41,-67.87,-67.75,-67.5,-67.44,-67.57,-67.78,-67.9,-67.5,-67.84,-67.72,-67.81,-67.78,-67.72,-67.66,-67.84,-67.57,-67.96,-67.54,-67.96,-67.78,-67.6,-67.99,-67.69,-67.57,-67.9,-67.84,-67.5,-67.57,-67.9,-67.93,-67.84,-67.66,-67.54,-67.47,-67.47,-67.54,-67.54,-67.5,-67.41,-67.5,-67.78,-67.96,-67.75,-67.5,-67.57,-67.72,-67.9,-67.96,-67.75,-67.78,-67.99,-67.47,-67.9,-67.44,-67.96,-67.6,-67.96,-67.72,-67.78,-67.87,-67.57,-68.02,-67.72,-67.63,-67.99,-67.78,-67.41,-67.84,-68.02,-67.81,-67.57,-67.66,-67.9,-68.02,-68.05,-67.96,-67.96,-67.87,-67.99,-67.96,-68.08,-68.08,-67.72,-68.02,-67.63,-67.72,-67.87,-67.9,-68.02,-67.96,-67.63,-68.02,-67.81,-67.96,-67.84,-67.93,-67.93,-67.99,-67.81,-68.18,-67.69,-68.08,-67.78,-67.9,-68.12,-67.78,-67.87,-68.15,-67.81,-67.72,-68.02,-68.08,-67.96,-67.78,-67.69,-67.69,-67.87,-68.02,-68.02,-68.05,-68.18,-68.05,-67.96,-68.05,-67.93,-67.93,-67.63,-67.69,-67.84,-67.99,-68.08,-67.78,-67.75,-68.02,-67.69,-67.96,-67.63,-67.99,-67.66,-68.02,-67.6,-68.02,-67.78,-67.72,-68.05,-67.57,-67.96,-67.93,-67.6,-67.93,-68.02,-67.87,-67.66,-67.78,-68.02,-68.15,-67.96,-67.87,-67.78,-67.72,-67.66,-67.69,-67.66,-67.72,-67.69,-67.72,-68.15,-67.78,-67.75,-67.93,-67.99,-68.12,-68.05,-67.75,-68.08,-68.08,-67.87,-68.21,-67.84,-68.21,-67.96,-68.08,-68.05,-67.93,-68.18,-67.72,-68.12,-68.05,-67.75,-68.21,-68.08,-67.75,-68.05,-68.18,-68.05,-67.72,-67.75,-67.96,-68.18,-68.15,-68.21,-68.18,-68.15,-68.15,-68.15,-68.27,-68.12,-67.9,-68.08,-67.69,-67.9,-68.15,-68.18,-68.15,-67.96,-67.81,-68.21,-67.84,-68.12,-67.93,-68.05,-67.84,-68.05,-67.78,-68.12,-67.69,-68.08,-67.96,-67.78,-68.21,-67.9,-67.84,-60.67,-58.44,-56.12,-54.6,-53.34,-52.06,-50.63,-49.32,-48.0,-46.78,-45.62,-44.46,-43.24,-42.11,-40.95,-39.06,-26.21,16.6,44.25,40.92,26.25,10.28,-5.62,-21.76,-34.94,-42.27,-46.54,-48.4,-49.59,-49.71,-49.68,-48.86,-48.71,-47.52,-46.97,-46.2,-44.86,-44.34,-43.52,-42.27,-41.56,-40.92,-39.98,-38.94,-38.02,-37.54,-36.93,-36.29,-35.49,-34.7,-33.75,-32.96,-32.26,-31.4,-30.64,-29.82,-27.71,-17.76,-4.76,12.63,25.33,27.77,22.83,13.82,3.11,-8.03,-19.01,-28.2,-34.0,-38.02,-40.41,-41.75,-43.0,-43.0,-43.55,-43.21,-42.85,-42.79,-41.93,-41.56,-41.2,-40.25,-39.49,-39.15,-38.48,-37.6,-36.9,-36.53,-36.07,-35.55,-34.94,-34.27,-33.63,-33.05,-32.5,-31.95,-31.4,-30.82,-30.3,-29.79,-29.27,-28.2,-28.08,-27.37,-26.55,-25.85,-24.96,-22.03,-14.98,-8.67,-0.58,8.03,16.88,21.33,22.31,19.65,14.37,8.21,0.76,-7.75,-15.63,-21.91,-26.86,-30.85,-33.81,-35.4,-36.47,-37.29,-38.09,-38.42,-38.45,-38.3,-37.99,-37.6,-37.32,-37.02,-36.65,-36.41,-36.07,-35.71,-35.34,-34.91,-34.36,-33.72,-33.23,-33.02,-32.59,-32.04,-31.31,-31.13,-30.7,-30.09,-30.03,-29.24,-28.99,-28.5,-27.83,-27.86,-27.07,-26.89,-26.46,-25.6,-25.39,-24.93,-24.26,-23.74,-23.47,-22.92,-22.09,-21.51,-21.33,-21.27,-20.94,-20.72,-20.48,-20.05,-19.62,-19.26,-18.89,-18.59,-18.22,-17.76,-17.21,-16.75,-16.48,-16.05,-15.53,-15.41,-15.14,-14.43,-13.55,-13.03,-12.48,-11.63,-11.08,-10.28,-9.03,-8.09,-6.29,-4.91,-2.84,-0.43,1.89,4.09,5.68,6.41,6.81,6.74,6.41,5.4,3.33,0.89,-2.01,-4.97,-8.03,-11.05,-13.89,-16.54,-18.95,-21.0,-22.64,-24.2,-25.45,-26.52,-27.59,-28.05,-29.02,-29.05,-29.54,-29.94,-30.12,-30.0,-29.82,-30.21,-29.79,-30.03,-29.54,-29.72,-29.21,-29.45,-28.84,-28.69,-28.59,-27.86,-27.98,-27.8,-27.19,-27.22,-27.13,-26.64,-26.18,-26.18,-26.09,-25.85,-25.36,-24.9,-24.6,-24.29,-24.2,-23.99,-23.77,-23.56,-23.28,-23.04,-22.98,-22.92,-22.64,-22.03,-22.16,-21.58,-21.27,-21.3,-21.3,-21.27,-20.69,-20.78,-20.39,-20.39,-20.17,-20.05,-19.56,-19.84,-19.17,-19.13,-19.2,-18.62,-18.8,-18.59,-17.94,-17.88,-17.94,-17.49,-17.09,-17.03,-17.03,-16.88,-16.54,-16.11,-15.69,-15.41,-15.47,-15.14,-14.83,-14.56,-14.28,-14.1,-14.04,-14.04,-13.73,-13.12,-13.15,-12.82,-12.45,-12.24,-12.39,-12.48,-11.9,-12.02,-11.78,-11.87,-11.63,-12.08,-11.63,-11.96,-11.84,-11.87,-12.24,-11.93,-12.24,-12.42,-12.24,-12.36,-12.97,-13.09,-12.97,-13.03,-13.43,-13.76,-14.01,-14.13,-14.07,-13.98,-13.98,-14.16,-14.28,-14.37,-14.65,-14.89,-15.05,-15.2,-15.41,-15.26,-15.78,-15.9,-15.72,-15.87,-16.42,-16.78,-16.63,-17.18,-17.0,-17.55,-17.43,-17.91,-17.64,-18.13,-18.31,-18.13,-18.71,-18.65,-18.49,-19.04,-18.86,-18.59,-18.95,-19.2,-19.04,-18.77,-18.68,-18.71,-18.71,-18.71,-18.74,-18.65,-18.65,-18.52,-18.55,-18.52,-18.52,-18.46,-18.28,-18.28,-18.55,-18.07,-18.25,-18.07,-17.82,-17.58,-17.85,-18.13,-17.64,-18.01,-17.55,-17.88,-17.27,-17.73,-17.36,-17.4,-17.49,-16.94,-17.09,-16.94,-16.48,-16.75,-16.75,-16.24,-16.24,-16.51,-16.39,-16.05,-15.59,-15.41,-15.47,-15.63,-15.69,-15.59,-15.56,-15.59,-15.63,-15.53,-15.38,-15.2,-15.08,-14.98,-15.35,-14.8,-15.01,-14.95,-14.74,-14.37,-14.47,-14.65,-14.19,-14.59,-14.07,-14.56,-14.01,-14.31,-14.01,-13.95,-14.16,-13.85,-14.22,-14.28,-13.92,-14.22,-14.5,-14.34,-14.01,-14.13,-14.34,-14.31,-14.28,-14.04,-14.01,-13.95,-14.13,-14.28,-14.34,-14.31,-14.16,-14.01,-13.89,-13.85,-13.92,-13.98,-14.25,-13.98,-14.31,-14.4,-14.22,-13.89,-14.1,-14.37,-14.01,-14.53,-14.01,-14.47,-14.16,-14.43,-14.5,-14.16,-14.56,-14.25,-14.31,-14.71,-14.62,-14.56,-14.98,-15.05,-14.71,-14.65,-14.86,-15.05,-15.08,-14.92,-14.83,-14.68,-14.74,-14.65,-14.68,-14.68,-14.71,-14.62,-14.71,-14.95,-15.11,-15.01,-15.2,-14.89,-15.26,-15.35,-15.35,-15.14,-15.59,-15.81,-15.63,-15.93,-15.66,-15.87,-15.81,-15.81,-16.14,-15.66,-15.9,-15.96,-15.63,-15.9,-15.99,-15.72,-15.81,-15.99,-15.84,-15.56,-15.69,-16.02,-16.24,-16.24,-16.14,-16.08,-15.93,-15.84,-15.81,-15.81,-15.93,-16.08,-16.14,-16.2,-16.33,-16.2,-15.9,-15.87,-16.17,-16.17,-15.87,-15.66,-16.02,-15.78,-15.84,-15.56,-15.63,-15.26,-15.63,-15.23,-15.53,-15.59,-15.17,-15.53,-15.38,-15.11,-15.38,-15.41,-15.05,-14.83,-15.11,-15.35,-15.35,-15.23,-15.11,-15.05,-15.01,-15.14,-15.14,-15.17,-15.2,-15.2,-15.17,-15.14,-15.32,-15.44,-15.26,-15.26,-15.41,-15.69,-15.59,-15.35,-15.14,-15.44,-15.41,-15.29,-15.63,-15.35,-15.69,-15.69,-15.53,-15.84,-15.59,-16.05,-16.17,-15.87,-16.24,-16.24,-15.87,-16.2,-16.33,-16.17,-15.84,-15.87,-16.08,-16.17,-16.14,-16.11,-15.99,-15.99,-15.99,-15.87,-15.93,-15.99,-16.2,-16.24,-16.24,-16.27,-16.27,-15.93,-15.99,-16.24,-16.39,-16.27,-16.2,-16.42,-16.24,-16.05,-16.33,-16.02,-16.27,-16.39,-16.27,-16.66,-16.39,-16.72,-16.69,-16.36,-16.85,-16.91,-16.48,-16.66,-17.0,-16.78,-16.48,-16.48,-16.69,-16.82,-16.75,-16.72,-16.72,-16.66,-16.66,-16.57,-16.69,-16.78,-16.82,-16.88,-16.88,-16.85,-16.66,-16.63,-16.42,-16.63,-16.69,-16.72,-16.24,-16.3,-16.42,-15.96,-16.3,-15.75,-16.05,-15.9,-15.66,-15.87,-15.44,-15.69,-15.66,-15.38,-15.75,-15.81,-15.47,-15.72,-15.93,-15.75,-15.41,-15.2,-15.38,-15.44,-15.53,-15.56,-15.47,-15.47,-15.26,-15.14,-15.05,-15.01,-14.95,-14.89,-14.74,-14.8,-14.68,-14.65,-14.34,-14.5,-14.71,-14.71,-14.37,-14.22,-14.53,-14.16,-14.5,-14.19,-14.34,-14.4,-14.07,-14.53,-14.22,-14.47,-14.5,-14.19,-14.5,-14.68,-14.5,-14.34,-14.74,-14.98,-14.86,-14.74,-14.83,-15.05,-15.32,-15.44,-15.41,-15.44,-15.44,-15.44,-15.38,-15.44,-15.29,-15.01,-14.89,-15.17,-15.26,-15.35,-15.14,-15.2,-15.47,-15.81,-15.56,-15.44,-15.75,-15.59,-16.08,-15.96,-16.08,-16.17,-15.81,-16.24,-15.99,-16.17,-16.48,-16.14,-16.17,-16.42,-16.24,-15.96,-16.14,-16.24,-16.14,-15.9,-15.72,-15.69,-15.84,-15.96,-15.99,-15.99,-15.93,-15.81,-15.69,-15.53,-15.38,-15.47,-15.35,-15.59,-15.56,-15.84,-15.84,-15.56,-15.56,-15.78,-15.81,-15.53,-15.93,-15.47,-15.78,-15.41,-15.63,-15.59,-15.29,-15.72,-15.32,-15.41,-15.72,-15.32,-15.35,-15.81,-15.72,-15.41,-15.59,-15.93,-15.96,-15.93,-15.75,-15.69,-15.59,-15.56,-15.56,-15.59,-15.59,-15.47,-15.41,-15.35,-15.26,-15.47,-15.26,-15.47,-15.35,-15.53,-15.56,-15.35,-15.05,-15.38,-15.53,-15.08,-15.56,-15.2,-15.69,-15.29,-15.44,-15.41,-15.01,-15.41,-15.26,-15.08,-15.56,-15.32,-15.29,-15.72,-15.72,-15.38,-15.38,-15.72,-15.84,-15.81,-15.69,-15.47,-15.47,-15.44,-15.32,-15.32,-15.32,-15.17,-15.26,-15.41,-15.5,-15.56,-15.26,-15.44,-15.14,-15.44,-15.59,-15.56,-15.23,-15.26,-15.56,-15.11,-15.26,-14.89,-15.41,-15.08,-15.26,-15.23,-14.95,-15.41,-15.14,-15.2,-15.38,-15.11,-15.05,-15.38,-15.38,-15.17,-15.23,-15.59,-15.81,-15.84,-15.72,-15.66,-15.56,-15.44,-15.56,-15.66,-15.69,-15.72,-15.78,-16.02,-16.17,-16.2,-15.96,-16.36,-16.05,-15.9,-16.24,-16.27,-16.27,-15.93,-16.33,-15.9,-16.17,-15.84,-16.27,-15.81,-16.3,-16.11,-16.05,-16.42,-16.02,-16.27,-16.51,-16.08,-15.96,-16.24,-16.02,-15.69,-15.66,-15.84,-15.96,-15.81,-15.66,-15.47,-15.23,-15.11,-14.92,-14.86,-14.77,-14.89,-14.98,-15.17,-15.26,-14.92,-14.5,-14.86,-14.86,-14.56,-14.47,-14.56,-14.8,-14.5,-14.65,-14.68,-14.68,-14.68,-14.8,-14.43,-14.83,-14.5,-14.65,-14.74,-14.34,-14.83,-14.92,-14.62,-14.86,-15.23,-15.11,-14.77,-15.11,-15.32,-15.29,-15.14,-14.95,-14.77,-14.8,-14.83,-14.86,-14.74,-14.92,-14.98,-15.17,-15.44,-15.5,-15.44,-15.59,-15.41,-15.72,-15.75,-15.59,-15.26,-15.47,-15.59,-15.32,-15.72,-15.41,-15.84,-15.69,-15.81,-16.02,-15.59,-16.02,-15.93,-15.81,-16.2,-16.14,-15.93,-16.42,-16.45,-16.05,-15.84,-16.14,-16.3,-16.45,-16.3,-16.17,-16.02,-15.99,-16.17,-16.14,-16.17,-16.27,-16.27,-16.33,-16.45,-16.51,-16.24,-16.48,-16.2,-16.48,-16.82,-16.91,-16.82,-16.63,-16.97,-16.54,-16.94,-16.48,-16.94,-16.69,-16.82,-16.85,-16.51,-16.91,-16.78,-16.51,-16.88,-16.78,-16.54,-16.88,-17.09,-16.88,-16.66,-16.82,-17.06,-17.21,-17.3,-17.3,-17.15,-17.09,-17.0,-16.88,-16.88,-16.91,-16.85,-16.78,-16.75,-16.82,-16.57,-16.82,-16.42,-16.51,-16.78,-16.94,-16.63,-16.51,-16.82,-16.45,-16.94,-16.57,-16.97,-16.85,-16.69,-17.09,-16.69,-16.91,-17.03,-16.42,-16.75,-16.78,-16.48,-16.45,-16.75,-16.78,-16.51,-16.36,-16.51,-16.75,-16.82,-16.78,-16.78,-16.72,-16.63,-16.51,-16.45,-16.51,-16.27,-16.05,-15.99,-16.27,-16.05,-16.24,-16.08,-16.11,-16.3,-16.48,-16.42,-16.05,-16.48,-15.96,-16.33,-15.81,-16.17,-15.75,-15.72,-16.05,-15.69,-16.08,-16.02,-15.69,-16.08,-16.14,-15.81,-15.9,-16.17,-16.24,-15.96,-15.75,-15.84,-16.14,-16.36,-16.45,-16.33,-16.42,-16.42,-16.45,-16.39,-16.33,-16.27,-16.17,-16.24,-16.51,-16.11,-16.45,-16.33,-16.14,-15.84,-16.02,-16.11,-15.63,-16.08,-15.63,-16.11,-15.78,-16.11,-15.99,-15.93,-16.27,-15.9,-16.36,-16.36,-16.02,-16.27,-16.57,-16.36,-15.99,-16.3,-16.42,-16.33,-16.11,-15.99,-15.96,-16.14,-16.27,-16.42,-16.51,-16.54,-16.51,-16.36,-16.33,-16.3,-16.48,-16.51,-16.82,-16.66,-17.0,-16.94,-16.66,-16.6,-16.91,-17.12,-16.82,-17.21,-16.75,-17.18,-16.88,-17.06,-17.03,-16.63,-17.06,-16.69,-16.75,-16.94,-16.72,-16.54,-16.85,-16.78,-16.57,-16.51,-16.82,-16.94,-16.94,-16.69,-16.57,-16.57,-16.42,-16.42,-16.36,-16.36,-16.27,-16.3,-16.42,-16.54,-16.54,-16.42,-16.48,-16.42,-16.63,-16.69,-16.51,-16.2,-16.48,-16.66,-16.27,-16.72,-16.36,-16.63,-16.33,-16.48,-16.54,-16.2,-16.6,-16.42,-16.27,-16.57,-16.39,-15.96,-16.3,-16.33,-15.99,-15.72,-15.84,-15.99,-15.96,-15.78,-15.66,-15.44,-15.47,-15.32,-15.32,-15.35,-15.38,-15.38,-15.66,-15.59,-15.59,-15.29,-15.47,-15.01,-15.2,-15.35,-15.47,-15.2,-15.14,-15.5,-15.05,-15.38,-14.86,-15.32,-14.92,-15.32,-15.32,-15.14,-15.56,-15.38,-15.35,-15.59,-15.14,-15.14,-15.47,-15.44,-15.14,-15.23,-15.63,-15.66,-15.69,-15.59,-15.5,-15.5,-15.66,-15.69,-15.75,-15.84,-15.96,-15.99,-16.14,-16.3,-16.24,-16.02,-16.39,-16.24,-15.93,-15.99,-16.2,-16.57,-16.36,-16.48,-16.66,-16.6,-16.75,-16.85,-16.57,-16.85,-16.42,-16.63,-16.57,-16.27,-16.75,-16.63,-16.27,-16.57,-16.63,-16.33,-16.17,-16.39,-16.6,-16.57,-16.42,-16.24,-16.24,-16.27,-16.24,-16.24,-16.17,-16.14,-16.2,-16.14,-16.42,-16.45,-16.33,-16.6,-16.27,-16.6,-16.66,-16.63,-16.2,-16.36,-16.63,-16.14,-16.6,-16.08,-16.6,-16.24,-16.54,-16.3,-16.14,-16.45,-16.11,-16.3,-16.45,-16.14,-16.33,-16.6,-16.45,-16.17,-16.45,-16.66,-16.54,-16.39,-16.17,-16.14,-16.17,-16.36,-16.48,-16.57,-16.63,-16.66,-16.51,-16.48,-16.54,-16.57,-16.75,-16.97,-16.91,-16.51,-16.6,-16.75,-16.91,-16.6,-16.63,-16.78,-16.51,-16.6,-16.51,-16.42,-16.63,-16.11,-16.48,-16.42,-16.36,-16.66,-16.36,-16.24,-16.6,-16.54,-16.27,-16.42,-16.57,-16.6,-16.33,-16.17,-16.08,-16.14,-16.24,-16.45,-16.51,-16.48,-16.48,-16.24,-16.05,-15.9,-16.14,-16.08,-16.45,-16.39,-16.63,-16.51,-16.24,-16.11,-16.39,-16.54,-16.24,-16.63,-16.14,-16.63,-16.2,-16.6,-16.51,-16.36,-16.82,-16.39,-16.57,-16.72,-16.42,-16.6,-16.78,-16.6,-16.33,-16.6,-16.85,-16.75,-16.51,-16.33,-16.39,-16.45,-16.54,-16.72,-16.85,-16.85,-16.91,-16.85,-16.69,-16.57,-16.63,-16.66,-17.12,-16.72,-16.82,-17.0,-17.03,-16.91,-16.66,-17.12,-16.82,-17.12,-16.91,-17.12,-16.66,-17.03,-16.57,-16.85,-16.78,-16.39,-16.82,-16.78,-16.51,-16.82,-17.0,-16.69,-16.57,-16.97,-17.15,-17.15,-17.06,-17.0,-17.06,-17.24,-17.21,-17.3,-17.46,-17.52,-17.46,-17.43,-17.33,-17.4,-17.4,-17.49,-17.85,-17.76,-17.46,-17.46,-17.67,-17.82,-17.55,-17.49,-17.7,-17.24,-17.61,-17.3,-17.3,-17.24,-16.85,-17.18,-16.75,-16.82,-16.97,-16.69,-16.85,-17.15,-16.78,-16.54,-16.82,-16.97,-16.91,-16.69,-16.57,-16.63,-16.78,-16.85,-16.85,-16.82,-16.78,-16.72,-16.69,-16.48,-16.27,-16.08,-16.14,-16.54,-16.14,-16.39,-16.48,-16.42,-16.08,-16.33,-16.69,-16.27,-16.66,-16.33,-16.51,-16.17,-16.69,-16.33,-16.45,-16.63,-16.2,-16.6,-16.57,-16.17,-16.63,-16.57,-16.24,-16.17,-16.42,-16.42,-16.11,-15.69,-15.53,-15.56,-15.69,-15.59,-15.59,-15.66,-15.66,-15.5,-15.32,-15.23,-14.98,-15.05,-15.14,-15.53,-15.11,-15.23,-15.41,-15.59,-15.41,-15.08,-15.29,-15.26,-15.26,-15.32,-15.38,-15.29,-15.63,-15.11,-15.63,-15.41,-15.32,-15.78,-15.63,-15.72,-16.02,-15.9,-15.63,-16.02,-16.2,-16.02,-15.84,-15.93,-16.24,-16.48,-16.66,-16.82,-16.94,-16.97,-17.0,-17.0,-16.97,-16.82,-16.78,-16.85,-17.09,-16.82,-17.3,-17.27,-17.21,-17.06,-17.3,-17.46,-17.09,-17.52,-17.21,-17.7,-17.24,-17.7,-17.3,-17.46,-17.55,-17.21,-17.67,-17.49,-17.24,-17.55,-17.46,-16.97,-17.15,-17.36,-17.18,-16.85,-16.78,-16.88,-17.12,-17.18,-17.15,-17.03,-17.06,-17.0,-17.06,-17.09,-17.12,-17.0,-16.91,-16.91,-16.94,-16.66,-16.57,-16.82,-16.75,-16.54,-16.2,-16.51,-16.45,-16.2,-16.54,-16.27,-16.33,-16.39,-16.2,-16.57,-16.14,-16.33,-16.45,-15.81,-16.05,-16.2,-15.81,-15.72,-16.14,-16.08,-15.9,-15.69,-15.81,-16.02,-16.08,-16.08,-15.96,-15.96,-15.9,-15.84,-15.84,-15.9,-15.9,-15.84,-15.84,-16.08,-15.84,-15.99,-15.75,-15.72,-15.93,-16.2,-16.17,-15.9,-16.17,-15.81,-16.3,-15.99,-16.45,-16.17,-16.42,-16.39,-16.11,-16.45,-16.11,-15.9,-16.17,-15.96,-15.75,-16.11,-16.36,-16.11,-15.9,-15.96,-16.11,-16.33,-16.33,-16.36,-16.45,-16.42,-16.51,-16.57,-16.6,-16.72,-16.78,-16.78,-16.69,-16.63,-16.2,-16.48,-16.6,-16.51,-16.27,-16.17,-16.57,-16.45,-16.48,-16.57,-16.48,-16.51,-16.57,-16.27,-16.69,-16.2,-16.51,-16.57,-16.27,-16.72,-16.75,-16.42,-16.6,-16.78,-16.63,-16.39,-16.48,-16.78,-16.97,-16.91,-16.75,-16.78,-16.63,-16.63,-16.69,-16.63,-16.6,-16.57,-16.57,-16.69,-16.6,-16.2,-16.36,-15.99,-15.93,-16.24,-16.3,-16.17,-15.87,-16.24,-15.81,-16.2,-15.9,-16.24,-15.78,-16.11,-15.93,-15.81,-16.14,-15.69,-15.87,-15.93,-15.44,-15.47,-15.9,-15.84,-15.66,-15.69,-15.81,-15.99,-16.08,-15.87,-15.75,-15.59,-15.66,-15.66,-15.69,-15.81,-15.75,-15.9,-15.93,-15.96,-15.84,-15.9,-15.9,-16.14,-16.08,-15.96,-15.84,-16.11,-16.14,-15.9,-16.27,-15.81,-16.17,-16.05,-16.3,-16.42,-16.02,-16.54,-16.24,-16.24,-16.57,-16.24,-16.11,-16.51,-16.27,-15.99,-16.05,-16.3,-16.3,-16.33,-16.24,-16.08,-16.05,-15.96,-15.96,-15.9,-15.93,-15.84,-15.84,-15.93,-16.11,-16.2,-16.05,-16.51,-16.17,-16.27,-16.51,-16.66,-16.45,-16.27,-16.69,-16.33,-16.88,-16.54,-16.78,-16.2,-16.6,-16.27,-16.27,-16.51,-16.05,-16.51,-16.72,-16.33,-16.63,-16.75,-16.42,-16.08,-16.33,-16.42,-16.33,-16.11,-15.9,-15.63,-15.63,-15.66,-15.72,-15.69,-15.5,-15.53,-15.5,-15.56,-15.72,-15.72,-15.72,-16.02,-16.17,-15.99,-15.9,-16.2,-16.6,-16.45,-16.33,-16.6,-16.36,-16.66,-16.45,-16.69,-16.72,-16.42,-16.85,-16.54,-16.69,-16.97,-16.63,-16.78,-17.0,-16.75,-16.51,-16.88,-17.06,-17.03,-16.69,-16.51,-16.63,-16.78,-16.91,-16.88,-16.82,-16.75,-16.69,-16.6,-16.51,-16.24,-16.24,-16.33,-16.63,-16.2,-16.2,-16.36,-16.54,-16.51,-16.2,-16.57,-16.63,-16.51,-16.6,-16.63,-16.63,-16.69,-16.45,-16.85,-16.45,-16.48,-16.69,-16.51,-16.85,-16.88,-16.57,-16.57,-17.03,-16.94,-16.75,-16.63,-16.69,-16.91,-16.94,-16.85,-17.0,-16.94,-16.94,-16.85,-16.82,-16.72,-16.66,-16.57,-16.6,-16.66,-16.24,-16.78,-16.63,-16.3,-16.27,-16.48,-16.57,-16.11,-16.45,-16.17,-16.57,-16.11,-16.48,-16.02,-16.27,-16.27,-16.08,-16.39,-16.08,-15.9,-16.3,-16.11,-15.93,-16.24,-16.24,-16.05,-15.81,-15.84,-16.11,-16.24,-16.33,-16.27,-16.14,-16.08,-15.99,-16.02,-16.05,-16.02,-16.17,-16.08,-16.2,-16.08,-16.11,-15.96,-16.2,-16.27,-16.27,-15.9,-16.02,-16.14,-15.66,-16.08,-15.84,-16.14,-16.02,-15.96,-16.11,-15.69,-16.24,-16.11,-15.81,-16.17,-16.05,-15.63,-15.78,-16.05,-15.78,-15.47,-15.53,-15.78,-15.96,-16.02,-16.02,-15.78,-15.69,-15.63,-15.63,-15.69,-15.66,-15.87,-15.96,-15.99,-15.99,-15.72,-16.08,-15.9,-15.66,-15.56,-15.78,-15.78,-15.41,-15.75,-15.66,-15.81,-15.32,-15.63,-15.14,-15.47,-15.05,-15.29,-15.41,-15.05,-15.41,-15.44,-15.01,-15.29,-15.56,-15.47,-15.23,-15.5,-15.87,-15.84,-15.75,-15.56,-15.5,-15.44,-15.47,-15.47,-15.44,-15.53,-15.53,-15.63,-15.9,-16.05,-15.9,-16.27,-15.78,-16.11,-16.05,-16.24,-15.9,-15.78,-16.11,-15.66,-16.11,-15.78,-16.24,-15.78,-16.3,-16.11,-16.27,-16.54,-16.08,-16.48,-16.54,-16.14,-16.39,-16.6,-16.27,-16.2,-16.36,-16.63,-16.6,-16.51,-16.39,-16.36,-16.51,-16.45,-16.63,-16.78,-16.75,-16.85,-16.85,-17.0,-16.94,-16.91,-17.0,-17.15,-17.21,-16.91,-16.72,-16.88,-17.15,-17.03,-16.78,-17.12,-16.72,-17.21,-16.82,-17.06,-17.15,-17.06,-17.33,-16.94,-17.24,-17.36,-17.03,-17.3,-17.46,-17.21,-16.94,-17.27,-17.52,-17.33,-17.21,-17.12,-17.18,-17.33,-17.55,-17.67,-17.7,-17.73,-17.73,-17.58,-17.55,-17.4,-17.43,-17.55,-17.94,-17.43,-17.43,-17.58,-17.7,-17.49,-17.27,-17.64,-17.33,-17.46,-17.24,-17.46,-16.97,-17.27,-16.85,-17.15,-17.0,-16.6,-16.94,-16.6,-16.39,-16.75,-16.57,-16.14,-16.33,-16.57,-16.42,-16.11,-15.99,-15.99,-16.08,-16.24,-16.39,-16.36,-16.33,-16.27,-16.33,-16.17,-16.08,-15.96,-15.9,-16.17,-16.3,-16.3,-15.99,-16.05,-16.39,-16.51,-16.33,-16.33,-16.6,-16.17,-16.48,-16.2,-16.45,-16.48,-16.27,-16.63,-16.2,-16.48,-16.6,-16.11,-16.54,-16.6,-16.17,-16.2,-16.54,-16.45,-16.14,-15.93,-15.96,-16.14,-16.33,-16.42,-16.39,-16.42,-16.27,-16.2,-16.24,-16.11,-16.05,-15.84,-15.93,-16.17,-15.69,-15.93,-15.93,-15.81,-15.5,-15.29,-15.59,-15.35,-15.5,-15.41,-15.66,-15.38,-15.63,-15.23,-15.75,-15.5,-15.53,-15.81,-15.59,-15.84,-16.02,-15.75,-15.72,-16.02,-16.24,-15.96,-15.72,-15.84,-16.2,-16.36,-16.39,-16.3,-16.3,-16.24,-16.2,-16.14,-16.2,-16.27,-16.24,-16.05,-16.14,-15.87,-16.08,-15.75,-15.84,-16.11,-16.2,-16.02,-15.87,-16.3,-15.81,-16.33,-15.9,-16.57,-16.08,-16.27,-16.2,-15.9,-16.2,-16.08,-16.08,-16.36,-16.05,-15.84,-16.14,-16.11,-15.78,-15.66,-15.9,-16.14,-16.33,-16.33,-16.17,-16.08,-16.05,-16.08,-16.11,-16.24,-16.36,-16.66,-16.85,-16.85,-16.78,-16.82,-16.69,-17.12,-17.21,-17.03,-16.66,-17.06,-17.18,-16.85,-17.36,-17.0,-17.43,-17.12,-17.18,-17.27,-16.97,-17.43,-17.27,-17.24,-17.7,-17.36,-16.94,-17.27,-17.21,-17.0,-16.82,-17.09,-17.24,-17.24,-17.12,-16.94,-16.72,-16.69,-16.72,-16.69,-16.66,-16.66,-16.69,-16.85,-17.0,-17.0,-16.69,-17.09,-16.75,-16.72,-16.94,-17.12,-17.06,-16.63,-17.0,-16.54,-16.85,-16.48,-16.85,-16.54,-17.0,-16.69,-16.91,-17.06,-16.57,-16.94,-17.0,-16.57,-16.88,-17.09,-16.85,-16.66,-16.97,-17.18,-17.15,-17.03,-16.82,-16.66,-16.45,-16.45,-16.3,-16.24,-16.24,-16.36,-16.45,-16.63,-16.78,-16.69,-16.45,-16.82,-16.75,-16.48,-16.3,-16.54,-16.69,-16.36,-16.48,-16.54,-16.63,-16.69,-16.75,-16.48,-16.97,-16.6,-16.66,-16.94,-16.54,-16.3,-16.66,-16.91,-16.78,-16.54,-16.57,-16.69,-16.88,-16.94,-16.88,-16.82,-16.78,-16.82,-16.69,-16.72,-16.75,-16.88,-17.06,-17.27,-17.52,-17.7,-17.7,-17.73,-17.33,-17.76,-17.61,-17.43,-17.67,-17.97,-17.76,-17.67,-18.04,-17.76,-18.01,-18.01,-17.85,-18.19,-17.76,-17.91,-18.16,-17.85,-17.97,-18.16,-17.91,-17.64,-17.91,-17.97,-18.01,-17.67,-17.64,-17.82,-18.04,-18.13,-18.25,-18.19,-18.19,-18.16,-18.16,-18.04,-17.97,-17.82,-17.52,-17.3,-17.15,-17.24,-17.4,-17.36,-16.94,-17.03,-17.33,-17.3,-16.91,-17.24,-16.88,-17.33,-16.97,-17.33,-17.21,-16.97,-17.27,-16.91,-16.88,-17.18,-16.82,-17.0,-17.0,-16.6,-16.97,-16.88,-16.42,-16.57,-16.69,-16.39,-16.2,-16.11,-16.14,-16.36,-16.42,-16.45,-16.51,-16.39,-16.3,-16.17,-16.08,-16.14,-16.14,-16.42,-16.05,-16.36,-16.51,-16.42,-16.08,-15.81,-16.11,-15.84,-15.72,-15.66,-15.56,-15.47,-15.66,-15.29,-15.75,-15.38,-15.56,-15.84,-15.47,-15.72,-15.87,-15.53,-15.72,-16.11,-15.96,-15.63,-15.56,-15.78,-15.96,-15.96,-15.93,-15.75,-15.72,-15.69,-15.75,-15.69,-15.72,-15.84,-15.99,-15.96,-15.75,-15.59,-15.81,-16.11,-16.08,-15.78,-15.66,-15.99,-15.96,-15.72,-16.17,-15.9,-16.27,-15.96,-16.05,-16.14,-15.81,-16.08,-15.84,-15.78,-16.17,-15.96,-15.9,-16.27,-16.17,-15.9,-15.96,-16.3,-16.45,-16.36,-16.27,-16.2,-16.24,-16.48,-16.57,-16.69,-16.63,-16.54,-16.45,-16.42,-16.63,-16.69,-16.82,-17.06,-17.15,-16.94,-16.91,-16.94,-17.24,-17.21,-17.03,-17.55,-17.24,-17.61,-17.24,-17.61,-17.33,-17.27,-17.46,-17.03,-17.49,-17.4,-17.06,-17.49,-17.43,-17.12,-17.49,-17.73,-17.73,-17.52,-17.52,-17.7,-17.82,-17.88,-17.85,-17.88,-17.82,-17.7,-17.73,-17.82,-17.82,-17.82,-17.7,-17.55,-17.12,-17.3,-16.85,-16.75,-16.88,-17.12,-16.94,-16.51,-16.78,-16.33,-16.54,-16.3,-16.54,-16.02,-16.45,-16.05,-16.14,-16.2,-15.87,-16.17,-16.08,-15.69,-15.96,-16.11,-15.84,-15.81,-16.14,-16.27,-16.14,-15.93,-15.75,-15.87,-15.99,-16.05,-15.96,-15.96,-15.87,-15.75,-15.56,-15.56,-15.5,-15.44,-15.93,-15.66,-15.59,-15.78,-15.93,-15.93,-15.63,-15.75,-15.96,-15.81,-16.24,-15.99,-16.48,-16.24,-16.2,-16.6,-16.2,-16.72,-16.69,-16.39,-16.91,-16.91,-16.54,-16.88,-17.21,-17.03,-16.75,-16.85,-17.09,-17.24,-17.4,-17.3,-17.3,-17.24,-17.12,-17.12,-17.09,-17.03,-17.12,-17.27,-17.27,-16.97,-17.12,-16.88,-17.09,-17.36,-17.55,-17.49,-17.33,-17.73,-17.49,-17.88,-17.49,-17.73,-17.27,-17.64,-17.21,-17.43,-17.33,-17.06,-17.46,-17.24,-16.97,-17.3,-17.24,-17.03,-17.18,-17.58,-17.43,-17.15,-17.0,-17.03,-17.12,-17.27,-17.27,-17.24,-17.33,-17.27,-17.3,-17.3,-17.3,-17.27,-17.4,-17.52,-17.36,-17.21,-17.58,-17.76,-17.85,-17.52,-17.67,-18.01,-17.55,-17.97,-17.52,-17.97,-17.79,-17.91,-18.1,-17.73,-18.16,-17.94,-17.79,-18.13,-17.91,-17.73,-18.22,-18.22,-17.91,-17.94,-18.25,-18.49,-18.49,-18.43,-18.25,-18.22,-18.25,-18.4,-18.4,-18.49,-18.4,-18.52,-18.59,-18.77,-18.62,-18.89,-18.68,-19.04,-19.07,-19.01,-18.71,-18.71,-18.95,-18.49,-18.86,-18.43,-18.83,-18.31,-18.68,-18.28,-18.4,-18.55,-18.16,-18.46,-18.43,-18.01,-18.37,-18.28,-17.91,-17.85,-18.1,-18.07,-17.76,-17.49,-17.55,-17.61,-17.79,-17.7,-17.73,-17.76,-17.76,-17.67,-17.67,-17.43,-17.18,-17.15,-17.46,-17.12,-17.55,-17.52,-17.4,-17.12,-17.33,-17.46,-17.06,-17.36,-17.21,-17.36,-17.15,-17.55,-17.06,-17.4,-17.06,-16.97,-17.18,-16.78,-17.0,-17.12,-16.78,-16.97,-17.15,-16.94,-16.6,-16.6,-16.97,-16.97,-16.91,-16.82,-16.63,-16.45,-16.45,-16.39,-16.27,-16.3,-16.24,-16.3,-16.3,-16.2,-15.99,-16.42,-16.45,-16.17,-16.02,-16.27,-16.57,-16.39,-16.45,-16.82,-16.69,-17.06,-16.94,-17.09,-17.24,-16.94,-17.36,-17.09,-17.21,-17.36,-17.03,-17.18,-17.36,-17.15,-16.97,-17.4,-17.52,-17.49,-17.24,-17.3,-17.4,-17.73,-17.73,-17.88,-17.91,-17.88,-17.85,-17.79,-17.73,-17.58,-17.52,-17.73,-17.7,-17.7,-17.36,-17.36,-17.49,-17.55,-17.4,-17.06,-17.46,-16.97,-17.4,-16.85,-17.27,-17.0,-17.27,-17.18,-16.75,-17.12,-16.72,-16.91,-17.15,-16.82,-16.69,-17.09,-16.97,-16.66,-16.66,-16.88,-16.97,-17.06,-16.97,-16.94,-16.88,-16.72,-16.63,-16.75,-16.82,-17.0,-17.15,-17.33,-17.3,-17.06,-17.46,-17.06,-17.12,-17.33,-17.46,-17.4,-17.18,-17.55,-17.18,-17.64,-17.49,-17.73,-17.3,-17.88,-17.49,-17.85,-17.85,-17.46,-18.01,-17.76,-17.64,-18.07,-18.04,-17.67,-17.94,-18.25,-18.31,-18.22,-17.97,-18.01,-18.25,-18.4,-18.46,-18.52,-18.52,-18.52,-18.52,-18.46,-18.43,-18.25,-18.34,-18.62,-18.19,-18.43,-18.65,-18.52,-18.13,-18.13,-18.43,-17.97,-18.31,-17.85,-18.1,-17.7,-18.19,-17.79,-18.13,-18.13,-17.82,-18.31,-18.04,-17.97,-18.28,-18.1,-17.82,-17.97,-18.07,-17.94,-17.64,-17.55,-17.67,-17.88,-18.13,-18.01,-17.91,-17.85,-17.88,-17.88,-17.97,-17.91,-17.76,-17.58,-17.73,-17.55,-17.67,-17.33,-17.36,-17.55,-17.67,-17.46,-17.18,-17.49,-17.18,-17.61,-17.21,-17.58,-17.15,-17.33,-17.4,-17.0,-17.49,-17.3,-17.12,-17.61,-17.46,-17.24,-17.64,-17.79,-17.7,-17.43,-17.58,-17.85,-18.04,-17.97,-17.85,-17.88,-17.82,-17.76,-17.76,-17.67,-17.76,-17.82,-17.7,-17.7,-17.55,-17.24,-17.49,-17.61,-17.33,-17.15,-17.0,-17.33,-17.15,-17.21,-17.15,-16.97,-17.15,-17.09,-16.72,-17.09,-16.66,-16.82,-16.94,-16.6,-17.0,-17.03,-16.75,-16.88,-17.24,-17.18,-16.88,-17.0,-17.33,-17.52,-17.58,-17.61,-17.55,-17.49,-17.46,-17.4,-17.46,-17.49,-17.58,-17.76,-17.73,-17.7,-17.61,-17.76,-17.55,-17.88,-18.19,-18.25,-18.1,-18.13,-18.4,-17.97,-18.52,-18.19,-18.62,-18.4,-18.59,-18.74,-18.37,-18.89,-18.68,-18.46,-18.8,-18.68,-18.4,-18.65,-18.98,-18.55,-18.25,-18.43,-18.49,-18.52,-18.55,-18.52,-18.43,-18.37,-18.37,-18.43,-18.46,-18.37,-18.4,-18.43,-18.43,-18.34,-17.91,-18.55,-18.28,-17.94,-17.79,-18.01,-18.13,-17.82,-18.01,-17.82,-17.76,-17.61,-17.79,-17.4,-17.82,-17.36,-17.52,-17.55,-17.21,-17.46,-17.36,-16.88,-17.12,-17.33,-17.27,-17.0,-17.18,-17.46,-17.58,-17.46,-17.3,-17.18,-17.06,-17.03,-17.0,-17.03,-17.09,-17.15,-17.36,-17.49,-17.55,-17.36,-17.58,-17.27,-17.49,-17.49,-17.46,-17.27,-17.4,-17.82,-17.33,-17.85,-17.4,-17.91,-17.43,-17.76,-17.67,-17.46,-17.88,-17.58,-17.67,-17.94,-17.67,-17.55,-17.88,-17.76,-17.49,-17.61,-17.94,-18.04,-17.88,-17.7,-17.52,-17.43,-17.46,-17.46,-17.36,-17.27,-17.33,-17.3,-17.49,-17.55,-17.4,-17.0,-17.4,-17.24,-16.85,-16.97,-17.09,-17.24,-16.91,-17.03,-17.09,-16.91,-16.91,-17.0,-16.82,-17.18,-16.78,-17.12,-17.03,-16.69,-17.12,-16.94,-16.51,-17.0,-16.88,-16.54,-16.63,-16.75,-16.85,-16.6,-16.42,-16.3,-16.2,-16.27,-16.45,-16.45,-16.48,-16.45,-16.51,-16.39,-16.45,-16.63,-16.6,-16.94,-16.6,-16.91,-16.97,-16.94,-16.75,-16.69,-17.0,-16.57,-16.94,-16.66,-17.06,-16.63,-17.12,-16.78,-17.03,-17.03,-16.6,-17.12,-17.03,-16.63,-17.09,-17.0,-16.75,-16.75,-17.0,-16.91,-16.69,-16.42,-16.39,-16.45,-16.72,-16.69,-16.75,-16.78,-16.85,-16.82,-16.78,-16.82,-16.69,-16.72,-17.03,-16.88,-16.97,-16.75,-16.51,-16.6,-16.78,-16.75,-16.33,-16.75,-16.17,-16.63,-16.11,-16.51,-16.14,-16.2,-16.3,-15.81,-16.2,-15.96,-15.84,-16.27,-16.05,-15.81,-16.24,-16.27,-15.99,-15.81,-15.9,-16.08,-16.17,-16.08,-16.02,-16.05,-15.81,-15.75,-15.81,-15.87,-15.96,-16.05,-15.93,-15.81,-15.56,-15.72,-15.41,-15.59,-15.87,-15.96,-15.9,-15.59,-15.99,-15.56,-15.81,-15.5,-15.75,-15.26,-15.66,-15.32,-15.44,-15.63,-15.2,-15.56,-15.59,-15.32,-15.59,-15.75,-15.44,-15.23,-15.41,-15.44,-15.32,-15.08,-14.86,-15.01,-15.08,-15.14,-15.2,-15.14,-15.2,-15.17,-15.2,-15.05,-15.11,-15.2,-15.66,-15.32,-15.56,-15.9,-15.78,-15.63,-15.53,-15.96,-15.66,-15.99,-15.69,-15.93,-15.66,-16.05,-15.63,-16.02,-16.05,-15.84,-16.33,-16.2,-16.14,-16.6,-16.57,-16.36,-16.63,-17.0,-17.03,-16.88,-16.91,-17.03,-17.24,-17.3,-17.3,-17.36,-17.33,-17.4,-17.4,-17.33,-17.24,-17.03,-16.94,-17.15,-16.85,-17.21,-17.09,-17.0,-16.97,-17.21,-17.27,-16.85,-17.27,-16.82,-17.27,-16.85,-17.21,-16.91,-17.27,-17.3,-17.03,-17.4,-17.15,-17.06,-17.49,-17.24,-17.03,-17.33,-17.46,-17.18,-16.97,-17.03,-17.21,-17.24,-17.15,-17.03,-16.82,-16.78,-16.63,-16.75,-16.82,-16.82,-16.91,-16.78,-16.82,-16.69,-16.78,-16.48,-16.72,-16.97,-17.12,-16.91,-16.94,-17.21,-16.88,-17.24,-16.66,-17.24,-16.88,-17.09,-17.06,-16.75,-17.27,-17.0,-16.91,-17.3,-17.03,-16.97,-17.27,-17.21,-17.03,-17.06,-17.4,-17.46,-17.46,-17.27,-17.18,-17.12,-17.15,-17.03,-17.15,-17.12,-17.15,-17.18,-17.36,-17.46,-17.36,-17.33,-17.64,-17.64,-17.52,-17.36,-17.36,-17.64,-17.4,-17.21,-17.4,-17.21,-17.55,-17.46,-17.33,-17.64,-17.33,-17.88,-17.7,-17.46,-17.88,-17.55,-17.3,-17.67,-17.49,-17.24,-17.18,-17.4,-17.52,-17.49,-17.3,-17.09,-17.03,-17.0,-17.0,-17.03,-17.03,-17.0,-17.03,-17.12,-17.18,-17.21,-17.03,-17.46,-17.03,-17.21,-17.43,-17.49,-17.27,-17.15,-17.61,-17.27,-17.55,-17.15,-17.55,-17.18,-17.7,-17.4,-17.43,-17.61,-17.18,-17.49,-17.49,-17.09,-17.3,-17.36,-17.09,-16.91,-17.15,-17.43,-17.24,-17.12,-16.97,-16.94,-16.94,-16.94,-17.0,-16.78,-16.78,-16.63,-16.69,-16.72,-16.82,-16.69,-16.75,-16.97,-16.88,-16.57,-16.51,-16.82,-17.09,-16.78,-16.94,-17.15,-16.88,-17.12,-17.12,-16.97,-17.33,-16.97,-17.4,-17.12,-17.15,-17.61,-17.33,-17.3,-17.7,-17.52,-17.18,-17.43,-17.7,-17.61,-17.43,-17.21,-17.15,-17.21,-17.49,-17.55,-17.61,-17.67,-17.73,-17.61,-17.52,-17.46,-17.55,-17.58,-17.97,-17.52,-17.67,-17.7,-17.61,-17.3,-17.0,-17.36,-17.03,-17.27,-17.09,-17.06,-16.75,-17.12,-16.75,-17.12,-16.94,-16.82,-17.18,-16.78,-16.69,-17.0,-16.82,-16.51,-16.85,-16.97,-16.78,-16.45,-16.42,-16.66,-16.72,-16.91,-17.03,-17.03,-16.97,-16.94,-16.91,-16.94,-16.69,-16.63,-16.54,-16.69,-16.33,-16.66,-16.48,-16.3,-16.48,-16.69,-16.63,-16.45,-16.85,-16.51,-16.97,-16.66,-17.06,-16.78,-16.82,-16.97,-16.54,-16.85,-16.75,-16.42,-16.75,-16.72,-16.42,-16.45,-16.78,-16.82,-16.54,-16.39,-16.57,-16.82,-16.97,-17.09,-17.06,-17.03,-17.06,-16.97,-16.88,-16.97,-16.82,-16.72,-16.75,-17.06,-16.54,-17.0,-16.94,-16.94,-16.78,-16.91,-17.18,-16.75,-17.06,-16.78,-16.88,-16.54,-16.91,-16.51,-16.94,-16.82,-16.63,-17.0,-16.6,-16.63,-17.06,-16.94,-16.6,-17.06,-17.06,-17.06,-16.82,-16.75,-17.06,-17.3,-17.4,-17.43,-17.4,-17.52,-17.52,-17.61,-17.61,-17.61,-17.58,-17.49,-17.64,-17.76,-17.61,-17.55,-17.73,-17.91,-17.94,-17.85,-18.13,-18.13,-17.88,-18.31,-18.07,-18.22,-18.19,-17.94,-18.25,-17.82,-17.97,-18.04,-17.61,-17.91,-18.01,-17.7,-17.82,-18.13,-18.13,-17.88,-17.7,-17.97,-18.13,-18.22,-18.22,-18.07,-17.91,-17.88,-17.76,-17.91,-17.91,-17.97,-17.79,-17.73,-17.79,-17.33,-17.67,-17.55,-17.46,-17.52,-17.85,-17.94,-17.61,-17.91,-17.52,-17.79,-17.4,-17.88,-17.43,-17.58,-17.4,-17.12,-17.55,-17.24,-17.15,-17.55,-17.43,-17.12,-17.36,-17.49,-17.36,-17.09,-17.09,-17.3,-17.33,-17.4,-17.43,-17.4,-17.43,-17.43,-17.4,-17.3,-17.4,-17.33,-17.12,-17.21,-17.3,-16.91,-17.27,-17.36,-17.24,-17.0,-17.0,-17.58,-17.43,-17.61,-17.7,-17.88,-17.76,-17.97,-17.64,-18.19,-17.79,-17.82,-17.97,-17.55,-17.79,-18.13,-17.73,-17.7,-18.04,-18.07,-17.79,-17.7,-17.91,-18.13,-18.19,-18.13,-18.1,-18.07,-18.07,-18.16,-18.19,-18.25,-18.31,-18.4,-18.22,-18.25,-18.07,-18.25,-17.94,-17.94,-18.25,-18.25,-18.16,-17.94,-18.34,-17.91,-18.22,-17.61,-18.13,-17.76,-18.01,-17.94,-17.61,-18.01,-17.85,-17.85,-18.28,-18.1,-17.82,-18.07,-18.16,-17.85,-17.61,-17.73,-17.88,-18.01,-17.97,-17.88,-17.85,-17.85,-17.82,-17.7,-17.7,-17.79,-17.88,-17.94,-17.94,-17.82,-17.4,-17.88,-17.94,-17.58,-17.49,-17.73,-17.94,-17.61,-17.82,-17.73,-17.91,-17.61,-17.91,-17.36,-17.73,-17.58,-17.36,-17.79,-17.46,-17.55,-17.7,-17.43,-17.21,-17.61,-17.52,-17.21,-17.03,-17.15,-17.3,-17.21,-17.15,-17.12,-17.09,-16.91,-16.88,-16.88,-16.94,-17.06,-17.15,-17.27,-17.33,-17.21,-16.88,-17.03,-17.24,-17.33,-17.15,-16.88,-17.27,-17.27,-17.09,-17.4,-17.03,-17.21,-17.24,-16.94,-17.21,-16.75,-17.09,-17.03,-16.66,-16.97,-16.94,-16.45,-16.72,-16.94,-16.78,-16.48,-16.45,-16.57,-16.78,-16.91,-16.78,-16.72,-16.63,-16.6,-16.57,-16.51,-16.57,-16.69,-16.85,-16.78,-16.75,-16.36,-16.63,-16.3,-16.24,-16.57,-16.75,-16.69,-16.45,-16.88,-16.51,-16.97,-16.63,-17.09,-16.72,-16.88,-17.03,-16.69,-17.15,-16.97,-16.78,-17.24,-17.03,-16.82,-17.18,-17.36,-17.24,-17.09,-17.03,-17.33,-17.55,-17.64,-17.55,-17.52,-17.4,-17.33,-17.33,-17.4,-17.46,-17.49,-17.55,-17.46,-17.46,-17.03,-17.49,-17.43,-17.12,-17.06,-17.3,-17.46,-17.06,-17.46,-17.3,-17.49,-17.0,-17.46,-16.97,-17.4,-17.24,-17.15,-17.49,-17.12,-17.27,-17.67,-17.27,-17.18,-17.58,-17.64,-17.43,-17.24,-17.36,-17.67,-17.82,-17.88,-17.82,-17.76,-17.61,-17.61,-17.64,-17.67,-17.76,-17.61,-17.52,-17.4,-17.21,-16.85,-16.88,-17.06,-17.0,-16.78,-16.48,-16.75,-16.69,-16.57,-16.75,-16.63,-16.91,-16.82,-16.69,-17.03,-16.69,-17.09,-16.94,-16.63,-17.06,-16.94,-16.6,-16.88,-16.94,-16.78,-16.45,-16.51,-16.78,-16.94,-16.91,-16.88,-16.88,-16.72,-16.75,-16.82,-16.82,-16.94,-16.97,-17.09,-17.06,-17.06,-16.72,-17.0,-16.66,-16.78,-17.0,-17.09,-16.94,-16.63,-17.06,-16.63,-17.09,-16.57,-16.97,-16.69,-16.97,-17.03,-16.69,-17.03,-16.78,-16.69,-17.0,-16.78,-16.54,-17.03,-17.24,-17.09,-16.94,-17.15,-17.36,-17.55,-17.52,-17.52,-17.58,-17.58,-17.58,-17.55,-17.52,-17.55,-17.52,-17.61,-17.61,-17.58,-17.18,-17.67,-17.73,-17.36,-17.12,-17.18,-17.43,-17.09,-17.27,-17.12,-17.15,-17.06,-17.21,-16.78,-17.12,-16.72,-16.82,-16.97,-16.45,-16.82,-16.88,-16.51,-16.66,-16.75,-16.54,-16.17,-16.24,-16.39,-16.54,-16.48,-16.48,-16.42,-16.24,-16.27,-16.27,-16.33,-16.42,-16.6,-16.69,-16.88,-17.03,-16.85,-17.03,-16.72,-17.03,-17.09,-17.12,-16.91,-17.06,-17.24,-16.72,-17.18,-16.54,-16.97,-16.63,-16.91,-16.88,-16.63,-17.06,-16.72,-16.72,-17.09,-16.85,-16.6,-17.03,-17.12,-16.78,-16.69,-16.97,-17.21,-17.15,-17.24,-16.91,-16.88,-16.82,-16.85,-16.82,-16.75,-16.85,-16.91,-16.97,-17.09,-17.09,-16.78,-17.27,-17.06,-17.0,-16.97,-17.18,-17.33,-16.97,-17.24,-17.12,-17.27,-17.15,-17.33,-16.88,-17.24,-16.91,-17.15,-17.36,-17.03,-17.33,-17.46,-17.12,-17.27,-17.49,-17.4,-17.15,-17.33,-17.61,-17.67,-17.55,-17.43,-17.27,-17.18,-17.18,-17.15,-17.24,-17.3,-17.46,-17.61,-17.76,-17.88,-17.64,-17.61,-17.79,-18.01,-17.91,-17.7,-17.55,-17.79,-17.79,-17.4,-17.82,-17.3,-17.67,-17.36,-17.33,-17.49,-17.12,-17.61,-17.36,-17.24,-17.49,-17.15,-16.91,-17.18,-17.09,-16.66,-16.66,-16.88,-16.94,-16.66,-16.45,-16.36,-16.24,-16.24,-16.3,-16.27,-16.27,-16.36,-16.2,-16.2,-16.36,-16.39,-16.14,-16.63,-16.24,-16.27,-16.54,-16.69,-16.45,-16.2,-16.63,-16.39,-16.54,-16.3,-16.63,-16.14,-16.54,-16.14,-16.39,-16.54,-16.24,-16.54,-16.51,-16.08,-16.36,-16.45,-16.2,-15.99,-16.27,-16.36,-16.33,-16.14,-15.93,-15.81,-15.9,-15.96,-16.02,-16.08,-16.08,-16.11,-16.08,-16.02,-16.08,-16.02,-16.2,-16.24,-16.48,-16.39,-16.2,-16.24,-16.54,-16.42,-16.2,-16.45,-16.17,-16.48,-16.14,-16.24,-16.17,-15.78,-16.24,-15.9,-15.99,-16.2,-15.84,-15.93,-16.3,-16.14,-15.75,-15.96,-16.24,-16.3,-16.14,-15.96,-15.93,-16.02,-16.02,-15.96,-15.96,-15.9,-15.93,-15.66,-15.56,-15.66,-15.66,-15.53,-15.87,-15.44,-15.78,-15.9,-15.93,-15.75,-15.75,-16.2,-15.9,-16.36,-16.02,-16.39,-15.96,-16.45,-16.27,-16.33,-16.6,-16.3,-16.6,-16.82,-16.42,-16.69,-16.94,-16.78,-16.54,-16.75,-17.03,-17.06,-17.0,-16.78,-16.88,-16.91,-17.09,-17.12,-17.15,-17.15,-17.24,-17.4,-17.27,-17.43,-17.52,-17.27,-17.79,-17.46,-17.43,-17.67,-17.82,-17.67,-17.43,-17.85,-17.58,-17.61,-17.24,-17.55,-17.21,-17.7,-17.43,-17.49,-17.67,-17.24,-17.61,-17.58,-17.21,-17.49,-17.82,-17.49,-17.18,-17.52,-17.82,-17.85,-17.76,-17.67,-17.49,-17.52,-17.55,-17.55,-17.52,-17.4,-17.24,-17.27,-17.36,-17.46,-17.46,-17.3,-17.64,-17.73,-17.55,-17.52,-17.85,-18.07,-17.82,-17.97,-17.94,-17.85,-17.94,-17.97,-17.73,-18.16,-17.67,-18.13,-18.04,-17.79,-18.25,-18.1,-17.85,-18.31,-18.34,-18.04,-18.01,-18.25,-18.37,-18.31,-18.19,-17.97,-17.94,-17.88,-17.88,-17.91,-17.94,-17.88,-17.73,-17.94,-17.94,-18.13,-18.01,-18.34,-18.13,-18.19,-18.28,-18.04,-17.76,-17.97,-18.1,-17.52,-17.94,-17.4,-17.85,-17.49,-17.61,-17.55,-17.27,-17.64,-17.36,-17.36,-17.67,-17.24,-17.3,-17.55,-17.4,-17.09,-17.24,-17.43,-17.36,-17.24,-17.15,-16.91,-16.94,-16.94,-17.0,-16.97,-16.94,-16.97,-16.85,-16.91,-17.06,-17.0,-16.82,-17.3,-16.94,-17.18,-17.43,-17.55,-17.43,-17.06,-17.52,-17.15,-17.52,-17.15,-17.4,-16.78,-17.18,-16.85,-16.88,-17.06,-16.6,-16.97,-16.91,-16.48,-16.69,-16.72,-16.51,-16.2,-16.3,-16.48,-16.36,-16.24,-16.05,-15.99,-15.93,-15.84,-15.78,-15.81,-15.78,-15.72,-15.66,-15.78,-15.93,-15.87,-15.69,-15.99,-15.96,-15.72,-15.75,-16.02,-16.27,-15.99,-16.27,-16.11,-16.08,-15.99,-16.24,-15.99,-16.42,-15.96,-16.36,-16.36,-15.99,-16.42,-16.33,-16.14,-16.3,-16.45,-16.33,-16.14,-16.45,-16.63,-16.63,-16.48,-16.45,-16.33,-16.3,-16.3,-16.27,-16.27,-16.24,-16.14,-16.2,-16.33,-16.45,-16.36,-16.08,-16.3,-16.27,-16.05,-15.84,-16.05,-16.39,-15.99,-16.17,-16.08,-16.2,-15.96,-16.39,-16.08,-16.51,-16.33,-16.3,-16.75,-16.48,-16.54,-16.97,-16.75,-16.6,-17.12,-17.27,-17.12,-16.88,-17.03,-17.18,-17.24,-17.33,-17.27,-17.3,-17.12,-17.24,-17.24,-17.33,-17.3,-17.27,-17.12,-17.0,-17.33,-17.12,-17.36,-17.12,-16.94,-17.09,-17.36,-17.27,-17.03,-17.43,-16.91,-17.3,-16.97,-17.24,-17.21,-16.97,-17.49,-17.0,-17.24,-17.49,-17.09,-17.24,-17.46,-17.3,-17.0,-17.27,-17.58,-17.58,-17.33,-17.27,-17.12,-17.3,-17.43,-17.52,-17.43,-17.52,-17.4,-17.24,-17.12,-17.03,-17.06,-17.0,-17.12,-17.24,-17.36,-17.18,-17.0,-17.09,-17.24,-16.94,-17.18,-17.09,-17.24,-17.12,-17.36,-16.85,-17.27,-17.06,-16.88,-17.21,-16.94,-16.97,-17.24,-16.97,-16.82,-17.18,-17.27,-17.03,-16.85,-16.97,-17.24,-17.33,-17.4,-17.33,-17.3,-17.3,-17.21,-17.18,-17.24,-17.24,-17.24,-17.09,-16.82,-17.03,-17.15,-17.03,-16.88,-17.18,-17.27,-17.18,-16.85,-17.21,-16.88,-17.06,-16.72,-17.06,-16.69,-17.18,-17.06,-16.97,-17.3,-17.0,-16.97,-17.4,-17.15,-17.0,-17.33,-24.87,-26.79,-28.32,-29.97,-31.62,-33.11,-34.42,-35.43,-36.38,-37.32,-38.12,-38.91,-39.89,-40.53,-41.23,-41.78,-42.18,-42.69,-43.55,-43.91,-44.59,-44.86,-45.2,-45.84,-46.48,-46.63,-47.03,-47.61,-47.79,-48.31,-48.68,-48.77,-49.47,-49.44,-49.99,-50.42,-50.38,-51.03,-51.36,-51.3,-51.73,-52.25,-52.46,-52.43,-52.67,-53.1,-53.59,-53.86,-54.17,-54.26,-54.44,-54.6,-54.75,-55.05,-55.36,-55.66,-55.88,-56.09,-56.21,-56.4,-56.61,-56.55,-56.76,-57.13,-57.4,-57.5,-57.28,-57.86,-58.01,-57.95,-58.32,-58.32,-58.5,-58.78,-58.59,-59.17,-58.99,-59.14,-59.6,-59.33,-59.51,-59.97,-59.94,-59.78,-60.21,-60.49,-60.55,-60.42,-60.49,-60.79,-61.1,-61.31,-61.52,-61.65,-61.71,-61.86,-61.92,-62.07,-62.04,-62.07,-62.01,-62.35,-62.71,-62.44,-62.38,-62.68,-62.93,-63.08,-62.9,-62.99,-63.29,-63.05,-63.57,-63.29,-63.69,-63.54,-63.72,-63.87,-63.63,-64.12,-63.84,-63.96,-64.39,-64.09,-64.24,-64.61,-64.39,-64.21,-64.48,-64.88,-64.85,-64.82,-64.7,-64.67,-64.76,-64.91,-65.0,-65.09,-65.12,-65.16,-65.16,-65.12,-65.22,-65.55,-65.58,-65.8,-65.73,-65.52,-65.61,-65.95,-66.16,-65.86,-66.04,-66.1,-65.98,-66.19,-66.13,-66.16,-66.28,-66.1,-66.53,-66.1,-66.5,-66.56,-66.28,-66.71,-66.53,-66.44,-66.83,-66.96,-66.65,-66.53,-66.89,-67.14,-67.14,-67.08,-66.96,-66.89,-66.86,-66.89,-66.96,-66.93,-67.02,-67.14,-67.14,-67.35,-67.23,-67.57,-67.66,-67.57,-67.44,-67.35,-67.78,-67.72,-67.5,-67.93,-67.57,-68.05,-67.66,-68.05,-67.69,-68.08,-67.84,-67.9,-68.18,-67.81,-68.21,-68.12,-67.84,-68.21,-68.27,-67.87,-68.02,-68.33,-68.36,-68.3,-68.02,-67.99,-68.08,-68.18,-68.27,-68.33,-68.39,-68.39,-68.33,-68.3,-68.57,-68.33,-68.63,-68.42,-68.24,-68.33,-68.48,-68.73,-68.7,-68.42,-68.76,-68.36,-68.7,-68.39,-68.85,-68.42,-68.88,-68.39,-68.88,-68.63,-68.57,-68.94,-68.48,-68.63,-68.94,-68.63,-68.66,-69.03,-68.91,-68.7,-68.76,-68.94,-69.12,-69.15,-69.03,-68.97,-68.97,-68.91,-68.97,-69.03,-69.09,-69.12,-68.82,-69.15,-68.76,-68.88,-69.12,-69.15,-69.31,-69.15,-68.94,-69.27,-69.12,-69.37,-69.24,-69.34,-69.18,-69.43,-69.06,-69.49,-69.12,-69.4,-69.27,-69.12,-69.49,-69.24,-69.18,-69.52,-69.34,-69.06,-69.21,-69.49,-69.58,-69.4,-69.12,-69.06,-69.18,-69.24,-69.34,-69.37,-69.4,-69.34,-69.21,-69.27,-69.58,-69.18,-69.24,-69.49,-69.55,-69.61,-69.49,-69.24,-69.55,-69.55,-69.4,-69.58,-69.24,-69.61,-69.24,-69.52,-69.52,-69.46,-69.64,-69.27,-69.67,-69.46,-69.37,-69.76,-69.43,-69.31,-69.64,-69.7,-69.4,-69.24,-69.52,-69.7,-69.73,-69.7,-69.61,-69.61,-69.58,-69.55,-69.61,-69.64,-69.67,-69.49,-69.7,-69.58,-69.73,-69.79,-69.76,-69.64,-69.37,-69.52,-69.82,-69.34,-69.82,-69.43,-69.79,-69.43,-69.89,-69.46,-69.92,-69.55,-69.79,-69.85,-69.55,-69.98,-69.82,-69.64,-69.98,-69.89,-69.58,-69.82,-70.01,-70.04,-69.79,-69.58,-69.55,-69.61,-69.7,-69.76,-69.85,-69.82,-69.79,-69.7,-69.67,-70.01,-69.61,-69.95,-69.95,-69.85,-69.7,-69.55,-69.76,-70.04,-69.52,-69.85,-69.76,-69.7,-69.76,-69.79,-69.7,-69.92,-69.55,-69.95,-69.55,-69.92,-69.89,-69.58,-70.01,-69.85,-69.61,-69.95,-70.07,-69.89,-69.7,-69.89,-70.13,-70.13,-70.13,-70.04,-69.95,-69.92,-69.82,-69.85,-69.89,-69.98,-69.89,-69.92,-70.04,-70.13,-70.04,-69.92,-69.73,-69.79,-70.13,-70.07,-69.79,-70.13,-69.67,-70.16,-69.76,-70.22,-69.82,-70.22,-69.79,-70.04,-70.13,-69.76,-70.19,-69.98,-69.79,-70.16,-70.04,-69.79,-70.04,-70.28,-70.13,-69.89,-69.73,-69.89,-70.04,-70.19,-70.19,-70.25,-70.31,-70.19,-70.19,-70.19,-70.19,-69.76,-70.22,-70.1,-69.95,-69.82,-69.82,-70.01,-70.28,-69.89,-70.07,-70.01,-69.98,-70.04,-70.07,-69.95,-70.07,-69.89,-70.22,-69.82,-70.22,-70.07,-69.89,-70.37,-70.01,-70.01,-70.43,-70.25,-69.95,-70.01,-70.31,-70.43,-70.31,-70.16,-70.07,-69.92,-69.92,-69.85,-69.92,-69.89,-69.95,-69.98,-70.19,-70.28,-70.34,-70.1,-70.04,-70.1,-70.25,-70.47,-70.25,-70.16,-70.43,-70.1,-70.53,-70.1,-70.53,-70.16,-70.5,-70.31,-70.34,-70.56,-70.13,-70.53,-70.37,-70.04,-70.53,-70.34,-70.1,-70.31,-70.53,-70.4,-70.19,-70.07,-70.13,-70.34,-70.43,-70.43,-70.53,-70.5,-70.53,-70.5,-70.37,-70.43,-70.34,-70.22,-70.1,-70.31,-70.4,-70.4,-70.31,-70.04,-70.37,-70.43,-70.13,-70.31,-70.1,-70.31,-70.16,-70.28,-70.31,-70.07,-70.43,-70.07,-70.19,-70.43,-70.22,-70.01,-70.28,-70.5,-70.37,-70.13,-70.04,-70.34,-70.43,-70.47,-70.59,-70.5,-70.47,-70.4,-70.4,-70.47,-70.47,-70.56,-70.53,-70.5,-70.1,-70.5,-70.22,-70.07,-70.16,-70.4,-70.53,-70.19,-70.47,-70.4,-70.37,-70.5,-70.37,-70.31,-70.56,-70.19,-70.62,-70.25,-70.37,-70.62,-70.19,-70.5,-70.62,-70.28,-70.28,-70.68,-70.56,-70.28,-70.13,-70.19,-70.47,-70.53,-70.59,-70.65,-70.59,-70.56,-70.56,-70.56,-70.62,-70.5,-70.53,-70.53,-70.13,-70.47,-70.53,-70.37,-70.22,-70.28,-70.59,-70.43,-70.22,-70.53,-70.16,-70.47,-70.19,-70.43,-70.31,-70.22,-70.53,-70.1,-70.43,-70.4,-70.01,-70.43,-70.43,-70.1,-70.31,-70.56,-70.22,-70.13,-70.53,-70.53,-70.13,-70.19,-70.5,-70.59,-70.53,-70.5,-70.43,-70.4,-70.37,-70.4,-70.34,-70.22,-70.47,-70.59,-70.37,-70.25,-70.19,-70.31,-70.53,-70.4,-70.28,-70.53,-70.22,-70.62,-70.16,-70.62,-70.22,-70.56,-70.31,-70.4,-70.4,-70.04,-70.53,-70.19,-70.13,-70.43,-70.07,-69.89,-70.25,-70.37,-70.16,-69.98,-69.95,-70.25,-70.4,-70.5,-70.43,-70.43,-70.43,-70.47,-70.47,-70.47,-70.37,-70.1,-70.37,-70.47,-70.4,-70.25,-70.1,-70.1,-70.43,-70.34,-70.07,-70.5,-70.01,-70.43,-70.04,-70.43,-70.01,-70.47,-70.13,-70.34,-70.37,-70.07,-70.53,-70.34,-70.16,-70.53,-70.37,-70.1,-70.4,-70.68,-70.5,-70.25,-70.28,-70.28,-70.53,-70.59,-70.71,-70.8,-70.71,-70.68,-70.71,-70.71,-70.68,-70.34,-70.56,-70.68,-70.71,-70.71,-70.53,-70.4,-70.62,-70.68,-70.37,-70.83,-70.34,-70.77,-70.43,-70.8,-70.53,-70.8,-70.56,-70.62,-70.83,-70.43,-70.89,-70.65,-70.4,-70.77,-70.74,-70.47,-70.53,-70.77,-70.86,-70.62,-70.4,-70.34,-70.37,-70.53,-70.53,-70.53,-70.56,-70.65,-70.47,-70.65,-70.77,-70.4,-70.4,-70.59,-70.68,-70.71,-70.59,-70.34,-70.56,-70.68,-70.28,-70.62,-70.25,-70.71,-70.22,-70.65,-70.13,-70.62,-70.31,-70.43,-70.56,-70.19,-70.62,-70.4,-70.25,-70.56,-70.59,-70.28,-70.28,-70.65,-70.62,-70.47,-70.31,-70.22,-70.25,-70.34,-70.4,-70.47,-70.43,-70.4,-70.37,-70.53,-70.62,-70.47,-70.31,-70.31,-70.4,-70.56,-70.68,-70.53,-70.22,-70.71,-70.34,-70.74,-70.43,-70.74,-70.31,-70.71,-70.34,-70.71,-70.37,-70.59,-70.62,-70.31,-70.8,-70.53,-70.34,-70.8,-70.68,-70.34,-70.4,-70.71,-70.74,-70.65,-70.56,-70.4,-70.4,-70.34,-70.28,-70.37,-70.37,-70.28,-70.31,-70.59,-70.53,-70.8,-70.56,-70.47,-70.31,-70.37,-70.65,-70.74,-70.4,-70.65,-70.4,-70.62,-70.47,-70.59,-70.4,-70.65,-70.31,-70.71,-70.34,-70.68,-70.56,-70.37,-70.65,-70.47,-70.37,-70.8,-70.68,-70.4,-70.5,-70.83,-70.86,-70.83,-70.62,-70.47,-70.47,-70.47,-70.5,-70.47,-70.43,-70.4,-70.5,-70.8,-70.53,-70.8,-70.89,-70.77,-70.71,-70.53,-70.59,-70.86,-70.59,-70.83,-70.83,-70.74,-70.83,-70.74,-70.77,-70.83,-70.65,-71.08,-70.53,-70.95,-70.8,-70.62,-70.98,-70.77,-70.59,-70.98,-70.92,-70.65,-70.53,-70.83,-70.98,-71.01,-70.95,-70.77,-70.65,-70.56,-70.53,-70.62,-70.62,-70.62,-70.53,-70.83,-70.5,-70.8,-70.86,-70.92,-70.86,-70.65,-70.56,-70.89,-70.62,-70.71,-70.74,-70.65,-70.77,-70.59,-70.71,-70.74,-70.62,-70.89,-70.47,-70.83,-70.62,-70.65
